# header: 
#   title: gamgam resonance data for cendl3.2
#   source: Resonancetables
#   date: 2025-09-14
# reaction: 
#   type: gamgam
# quantity: 
#   type: resonance data
# datablock: 
#   columns: 7
#   entries: 171
##       Z              A            Liso           Value         dValue          Ratio         Nuclide
##      []             []             []            [eV]           [eV]            []             [%]
        13             27              0        1.791270E+00   0.000000E+00         1.1195      Al027
        16             32              0        2.683950E+00   0.000000E+00         1.3420      S032
        20             40              0        1.325830E+00   0.000000E+00         0.8839      Ca040
        22             46              0        1.207690E+00   0.000000E+00         0.8626      Ti046
        22             47              0        1.197190E+00   0.000000E+00         0.9977      Ti047
        22             48              0        1.441270E+00   0.000000E+00         0.6266      Ti048
        22             49              0        7.858000E-01   0.000000E+00         0.9701      Ti049
        22             50              0        1.012500E+00   0.000000E+00         0.9205      Ti050
        24             50              0        1.289820E+00   0.000000E+00         1.1726      Cr050
        24             52              0        1.323330E+00   0.000000E+00         0.6617      Cr052
        24             53              0        1.437500E+00   0.000000E+00         1.0268      Cr053
        24             54              0        2.228750E+00   0.000000E+00         1.4858      Cr054
        25             55              0        6.334510E-01   0.000000E+00         0.8446      Mn055
        26             54              0        2.450000E+00   0.000000E+00         1.5312      Fe054
        26             56              0        1.038530E+00   0.000000E+00         1.1288      Fe056
        26             57              0        1.861430E+00   0.000000E+00         1.0062      Fe057
        26             58              0        2.988570E+00   0.000000E+00         2.6448      Fe058
        27             59              0        4.355590E-01   0.000000E+00         0.8066      Co059
        28             58              0        1.632660E+00   0.000000E+00         0.8043      Ni058
        28             60              0        1.301670E+00   0.000000E+00         1.1622      Ni060
        28             61              0        2.220650E+00   0.000000E+00         1.1103      Ni061
        28             62              0        9.074140E-01   0.000000E+00         0.9972      Ni062
        28             64              0        2.435000E+00   0.000000E+00         1.7393      Ni064
        29             63              0        5.000700E-01   0.000000E+00         1.0206      Cu063
        29             65              0        3.938610E-01   0.000000E+00         1.0230      Cu065
        30             64              0        7.435830E-01   0.000000E+00         1.0242      Zn064
        30             66              0        4.336410E-01   0.000000E+00         1.1119      Zn066
        30             67              0        4.369180E-01   0.000000E+00         0.9930      Zn067
        30             68              0        2.942630E-01   0.000000E+00         0.9196      Zn068
        30             70              0        1.700000E-01   0.000000E+00         1.0000      Zn070
        31             69              0        3.780000E-01   0.000000E+00         1.4211      Ga069
        31             71              0        3.867000E-01   0.000000E+00         1.6813      Ga071
        32             70              0        1.650000E-01   0.000000E+00         0.8919      Ge070
        32             72              0        1.619290E-01   0.000000E+00         0.9996      Ge072
        32             73              0        1.579170E-01   0.000000E+00         0.8098      Ge073
        32             74              0        1.950000E-01   0.000000E+00         1.0000      Ge074
        32             76              0        1.614780E-01   0.000000E+00         1.4042      Ge076
        33             75              0        3.192050E-01   0.000000E+00         1.0640      As075
        34             74              0        2.800000E-01   0.000000E+00         1.0000      Se074
        34             76              0        2.313330E-01   0.000000E+00         1.0058      Se076
        34             77              0        4.031820E-01   0.000000E+00         1.0338      Se077
        34             78              0        2.275000E-01   0.000000E+00         0.9891      Se078
        34             80              0        2.324720E-01   0.000000E+00         1.0107      Se080
        34             82              0        8.800000E-01   0.000000E+00         6.9841      Se082
        36             83              0        2.100000E-01   0.000000E+00         1.0000      Kr083
        36             84              0        1.528200E-01   0.000000E+00         0.9551      Kr084
        36             86              0        6.946110E-01   0.000000E+00         4.5399      Kr086
        37             85              0        3.280000E-01   0.000000E+00         1.3120      Rb085
        37             87              0        1.150370E-01   0.000000E+00         0.6767      Rb087
        38             88              0        1.681180E-01   0.000000E+00         0.8848      Sr088
        39             89              0        1.100220E-01   0.000000E+00         0.8463      Y089
        40             90              0        2.897050E-01   0.000000E+00         2.2285      Zr090
        40             91              0        1.607570E-01   0.000000E+00         1.1483      Zr091
        40             92              0        1.460000E-01   0.000000E+00         1.0815      Zr092
        40             93              0        1.480000E-01   0.000000E+00         0.9427      Zr093
        40             94              0        8.654540E-02   0.000000E+00         1.0182      Zr094
        40             96              0        6.812500E-02   0.000000E+00         1.0481      Zr096
        41             93              0        1.837110E-01   0.000000E+00         1.0807      Nb093
        42             92              0        1.657110E-01   0.000000E+00         1.0357      Mo092
        42             94              0        1.378000E-01   0.000000E+00         1.0207      Mo094
        42             95              0        1.571500E-01   0.000000E+00         0.9701      Mo095
        42             96              0        1.152670E-01   0.000000E+00         1.1527      Mo096
        42             97              0        1.593080E-01   0.000000E+00         1.2254      Mo097
        42             98              0        8.565880E-02   0.000000E+00         1.0078      Mo098
        42            100              0        6.631250E-02   0.000000E+00         1.0202      Mo100
        43             99              0        1.534470E-01   0.000000E+00         1.0961      Tc099
        44             99              0        1.987050E-01   0.000000E+00         1.0190      Ru099
        44            100              0        1.207680E-01   0.000000E+00         1.0149      Ru100
        44            101              0        1.784360E-01   0.000000E+00         0.9913      Ru101
        44            102              0        1.090420E-01   0.000000E+00         1.0904      Ru102
        44            104              0        1.025820E-01   0.000000E+00         1.0258      Ru104
        45            103              0        2.136510E-01   0.000000E+00         1.3353      Rh103
        46            105              0        1.493750E-01   0.000000E+00         0.9958      Pd105
        46            108              0        8.144540E-02   0.000000E+00         1.0181      Pd108
        47            107              0        2.587730E-01   0.000000E+00         1.8484      Ag107
        47            109              0        2.357020E-01   0.000000E+00         1.8131      Ag109
        48            113              0        9.831480E-02   0.000000E+00         1.0032      Cd113
        49            113              0        7.459460E-02   0.000000E+00         0.9946      In113
        49            115              0        8.534140E-02   0.000000E+00         1.1083      In115
        50            112              0        1.100000E-01   0.000000E+00         1.0000      Sn112
        50            114              0        9.000000E-02   0.000000E+00         1.0000      Sn114
        50            115              0        8.500000E-02   0.000000E+00         0.7203      Sn115
        50            116              0        7.300000E-02   0.000000E+00         1.4038      Sn116
        50            117              0        7.495450E-02   0.000000E+00         0.6406      Sn117
        50            118              0        8.500000E-02   0.000000E+00         1.8889      Sn118
        50            119              0        9.000000E-02   0.000000E+00         0.9000      Sn119
        50            120              0        1.182400E-01   0.000000E+00         2.9560      Sn120
        50            122              0        1.300000E-01   0.000000E+00         2.6531      Sn122
        51            121              0        8.993110E-02   0.000000E+00         0.8993      Sb121
        51            123              0        9.804390E-02   0.000000E+00         0.9804      Sb123
        52            130              0        3.500000E-02   0.000000E+00         0.7000      Te130
        53            127              0        8.715590E-02   0.000000E+00         0.7923      I127
        53            129              0        1.196810E-01   0.000000E+00         1.3756      I129
        54            129              0        1.486010E-01   0.000000E+00         1.2383      Xe129
        54            131              0        1.240980E-01   0.000000E+00         1.0886      Xe131
        54            132              0        6.868330E-02   0.000000E+00         0.9812      Xe132
        55            133              0        1.226410E-01   0.000000E+00         1.0220      Cs133
        55            134              0        1.600000E-01   0.000000E+00         1.0000      Cs134
        55            135              0        1.800000E-01   0.000000E+00         1.3333      Cs135
        56            130              0        9.892500E-02   0.000000E+00         0.9893      Ba130
        56            134              0        1.220000E-01   0.000000E+00         1.5641      Ba134
        56            135              0        1.469170E-01   0.000000E+00         1.0883      Ba135
        56            136              0        1.515310E-01   0.000000E+00         1.7620      Ba136
        56            137              0        7.991200E-02   0.000000E+00         0.9989      Ba137
        56            138              0        1.582320E-01   0.000000E+00         2.8769      Ba138
        57            139              0        6.100360E-02   0.000000E+00         1.1092      La139
        58            140              0        5.285000E-02   0.000000E+00         1.5100      Ce140
        59            141              0        8.456250E-02   0.000000E+00         0.9609      Pr141
        60            142              0        6.544030E-02   0.000000E+00         0.9767      Nd142
        60            143              0        7.994630E-02   0.000000E+00         0.9296      Nd143
        60            144              0        5.190450E-02   0.000000E+00         1.1044      Nd144
        60            145              0        7.867820E-02   0.000000E+00         1.3565      Nd145
        60            146              0        5.184280E-02   0.000000E+00         0.9426      Nd146
        60            148              0        5.715270E-02   0.000000E+00         1.4288      Nd148
        60            150              0        7.995090E-02   0.000000E+00         1.1933      Nd150
        61            147              0        6.642230E-02   0.000000E+00         0.9626      Pm147
        62            144              0        7.668460E-02   0.000000E+00         1.0363      Sm144
        62            147              0        6.891660E-02   0.000000E+00         0.9988      Sm147
        62            148              0        6.000000E-02   0.000000E+00         1.3636      Sm148
        62            149              0        6.213040E-02   0.000000E+00         1.0021      Sm149
        62            150              0        6.000950E-02   0.000000E+00         1.0002      Sm150
        62            151              0        9.633610E-02   0.000000E+00         1.0141      Sm151
        62            152              0        6.501130E-02   0.000000E+00         1.0835      Sm152
        62            154              0        7.903850E-02   0.000000E+00         1.0005      Sm154
        63            151              0        9.126920E-02   0.000000E+00         0.9921      Eu151
        63            153              0        9.504290E-02   0.000000E+00         1.0005      Eu153
        63            154              0        1.256500E-01   0.000000E+00         0.9307      Eu154
        63            155              0        9.566670E-02   0.000000E+00         0.9965      Eu155
        64            152              0        5.769460E-02   0.000000E+00         1.0684      Gd152
        64            154              0        8.519330E-02   0.000000E+00         1.1359      Gd154
        64            155              0        1.296800E-01   0.000000E+00         1.2007      Gd155
        64            156              0        1.055170E-01   0.000000E+00         1.1991      Gd156
        64            157              0        1.210340E-01   0.000000E+00         1.2478      Gd157
        64            158              0        9.497130E-02   0.000000E+00         0.9045      Gd158
        64            160              0        9.242850E-02   0.000000E+00         0.8327      Gd160
        66            164              0        1.140000E-01   0.000000E+00         1.0000      Dy164
        67            165              0        8.760990E-02   0.000000E+00         1.1378      Ho165
        72            174              0        6.000000E-02   0.000000E+00         0.9105      Hf174
        72            176              0        5.127270E-02   0.000000E+00         0.8545      Hf176
        72            177              0        6.500270E-02   0.000000E+00         0.9849      Hf177
        72            178              0        5.083330E-02   0.000000E+00         0.9414      Hf178
        72            179              0        6.561720E-02   0.000000E+00         0.9942      Hf179
        72            180              0        5.407560E-02   0.000000E+00         1.0815      Hf180
        73            181              0        6.773830E-02   0.000000E+00         1.1884      Ta181
        74            180              0        7.000000E-02   0.000000E+00         1.0000      W180
        74            182              0        6.211750E-02   0.000000E+00         1.1294      W182
        74            183              0        6.418640E-02   0.000000E+00         0.8336      W183
        74            184              0        1.117240E-01   0.000000E+00         1.9601      W184
        74            186              0        5.914190E-02   0.000000E+00         1.1596      W186
        79            197              0        1.283380E-01   0.000000E+00         1.0026      Au197
        82            204              0        7.019550E-01   0.000000E+00         0.9616      Pb204
        82            206              0        4.578310E+00   0.000000E+00         2.1801      Pb206
        82            207              0        1.216710E+01   0.000000E+00        20.2785      Pb207
        82            208              0        1.800000E-01   0.000000E+00         0.0818      Pb208
        83            209              0        5.655790E-02   0.000000E+00         0.9922      Bi209
        90            232              0        2.379940E-02   0.000000E+00         0.9916      Th232
        92            233              0        3.908300E-02   0.000000E+00         0.9771      U233
        92            234              0        2.598820E-02   0.000000E+00         0.9995      U234
        92            235              0        4.332100E-02   0.000000E+00         1.1400      U235
        92            236              0        1.983460E-02   0.000000E+00         0.8624      U236
        92            238              0        2.325300E-02   0.000000E+00         0.9853      U238
        93            237              0        4.058890E-02   0.000000E+00         0.9948      Np237
        94            238              0        3.480210E-02   0.000000E+00         1.0236      Pu238
        94            239              0        4.422910E-02   0.000000E+00         1.0286      Pu239
        94            240              0        3.063670E-02   0.000000E+00         0.9883      Pu240
        94            241              0        4.092070E-02   0.000000E+00         1.0030      Pu241
        94            242              0        2.327610E-02   0.000000E+00         1.0120      Pu242
        94            244              0        1.747000E-02   0.000000E+00         0.8735      Pu244
        95            241              0        4.507650E-02   0.000000E+00         0.9799      Am241
        95            243              0        4.306710E-02   0.000000E+00         1.1043      Am243
        97            249              0        3.660610E-02   0.000000E+00         1.0168      Bk249
