# header: 
#   title: gamgam resonance data for endfb8.1
#   source: Resonancetables
#   date: 2025-12-03
# reaction: 
#   type: gamgam
# quantity: 
#   type: resonance data
# datablock: 
#   columns: 7
#   entries: 261
##       Z              A            Liso           Value         dValue          Ratio         Nuclide
##      []             []             []            [eV]           [eV]            []             [%]
        13             27              0        1.791270E+00   0.000000E+00         1.1195      Al027
        16             32              0        2.683950E+00   0.000000E+00         1.3420      S032
        19             39              0        8.290650E-01   0.000000E+00         0.8291      K039
        19             41              0        1.662030E+00   0.000000E+00         1.7681      K041
        20             42              0        1.071200E+00   0.000000E+00         0.9738      Ca042
        20             43              0        7.452380E-01   0.000000E+00         0.9937      Ca043
        20             44              0        1.048800E+00   0.000000E+00         0.8068      Ca044
        21             45              0        8.163900E-01   0.000000E+00         0.9719      Sc045
        22             46              0        1.450230E+00   0.000000E+00         1.0359      Ti046
        22             47              0        1.233330E+00   0.000000E+00         1.0278      Ti047
        22             48              0        1.441270E+00   0.000000E+00         0.6266      Ti048
        22             49              0        7.565150E-01   0.000000E+00         0.9340      Ti049
        22             50              0        1.100000E+00   0.000000E+00         1.0000      Ti050
        23             50              0        6.000000E-01   0.000000E+00         1.0000      V050
        24             50              0        1.112470E+00   0.000000E+00         1.0113      Cr050
        24             52              0        1.297510E+00   0.000000E+00         0.6488      Cr052
        24             53              0        2.473080E+00   0.000000E+00         1.7665      Cr053
        24             54              0        2.224370E+00   0.000000E+00         1.4829      Cr054
        25             55              0        5.749810E-01   0.000000E+00         0.7666      Mn055
        26             56              0        1.038530E+00   0.000000E+00         1.1288      Fe056
        26             58              0        5.489790E-01   0.000000E+00         0.4858      Fe058
        27             59              0        4.520840E-01   0.000000E+00         0.8372      Co059
        28             58              0        1.632660E+00   0.000000E+00         0.8043      Ni058
        28             59              0        1.419050E+00   0.000000E+00         0.6450      Ni059
        28             60              0        1.320320E+00   0.000000E+00         1.1789      Ni060
        28             61              0        2.097780E+00   0.000000E+00         1.0489      Ni061
        28             62              0        9.796930E-01   0.000000E+00         1.0766      Ni062
        28             63              0        7.490720E-01   0.000000E+00         0.5389      Ni063
        28             64              0        2.034780E+00   0.000000E+00         1.4534      Ni064
        30             64              0        7.435830E-01   0.000000E+00         1.0242      Zn064
        30             66              0        4.336410E-01   0.000000E+00         1.1119      Zn066
        30             67              0        4.369180E-01   0.000000E+00         0.9930      Zn067
        30             68              0        2.942630E-01   0.000000E+00         0.9196      Zn068
        30             70              0        1.700000E-01   0.000000E+00         1.0000      Zn070
        31             69              0        2.660000E-01   0.000000E+00         1.0000      Ga069
        31             71              0        3.867000E-01   0.000000E+00         1.6813      Ga071
        32             70              0        1.615000E-01   0.000000E+00         0.8730      Ge070
        32             72              0        1.543750E-01   0.000000E+00         0.9529      Ge072
        32             73              0        1.917780E-01   0.000000E+00         0.9835      Ge073
        32             74              0        1.950000E-01   0.000000E+00         1.0000      Ge074
        32             76              0        1.193750E-01   0.000000E+00         1.0380      Ge076
        33             75              0        3.192050E-01   0.000000E+00         1.0640      As075
        34             74              0        2.800000E-01   0.000000E+00         1.0000      Se074
        34             76              0        2.313330E-01   0.000000E+00         1.0058      Se076
        34             77              0        4.031820E-01   0.000000E+00         1.0338      Se077
        34             78              0        2.275000E-01   0.000000E+00         0.9891      Se078
        34             80              0        2.324720E-01   0.000000E+00         1.0107      Se080
        34             82              0        8.800000E-01   0.000000E+00         6.9841      Se082
        35             79              0        3.107260E-01   0.000000E+00         1.0358      Br079
        35             81              0        2.487190E-01   0.000000E+00         0.8291      Br081
        36             78              0        2.300000E-01   0.000000E+00         0.9787      Kr078
        36             80              0        2.153330E-01   0.000000E+00         0.9362      Kr080
        36             83              0        2.075000E-01   0.000000E+00         0.9881      Kr083
        36             84              0        1.769000E-01   0.000000E+00         1.1056      Kr084
        36             86              0        1.530000E-01   0.000000E+00         1.0000      Kr086
        37             85              0        2.448750E-01   0.000000E+00         0.9795      Rb085
        37             87              0        1.150370E-01   0.000000E+00         0.6767      Rb087
        38             84              0        2.350000E-01   0.000000E+00         0.9792      Sr084
        38             86              0        5.566360E-01   0.000000E+00         2.1409      Sr086
        38             87              0        1.271490E-01   0.000000E+00         0.8477      Sr087
        39             89              0        1.683000E-01   0.000000E+00         1.2946      Y089
        40             90              0        1.552400E-01   0.000000E+00         1.1942      Zr090
        40             91              0        1.273860E-01   0.000000E+00         0.9099      Zr091
        40             92              0        1.070710E-01   0.000000E+00         0.7931      Zr092
        40             93              0        1.577140E-01   0.000000E+00         1.0045      Zr093
        40             94              0        9.809440E-02   0.000000E+00         1.1541      Zr094
        40             96              0        1.043750E-01   0.000000E+00         1.6058      Zr096
        41             93              0        1.837110E-01   0.000000E+00         1.0807      Nb093
        42             92              0        1.493330E-01   0.000000E+00         0.9333      Mo092
        42             94              0        1.378000E-01   0.000000E+00         1.0207      Mo094
        42             95              0        1.615450E-01   0.000000E+00         0.9972      Mo095
        42             96              0        1.152670E-01   0.000000E+00         1.1527      Mo096
        42             97              0        1.593080E-01   0.000000E+00         1.2254      Mo097
        42             98              0        8.565880E-02   0.000000E+00         1.0078      Mo098
        42            100              0        6.631250E-02   0.000000E+00         1.0202      Mo100
        43             99              0        1.375720E-01   0.000000E+00         0.9827      Tc099
        44             99              0        1.988750E-01   0.000000E+00         1.0199      Ru099
        44            100              0        1.195830E-01   0.000000E+00         1.0049      Ru100
        44            101              0        1.831900E-01   0.000000E+00         1.0177      Ru101
        44            102              0        1.090420E-01   0.000000E+00         1.0904      Ru102
        44            104              0        1.025820E-01   0.000000E+00         1.0258      Ru104
        46            102              0        1.090000E-01   0.000000E+00         0.9820      Pd102
        46            104              0        1.803330E-01   0.000000E+00         1.2022      Pd104
        46            105              0        1.493390E-01   0.000000E+00         0.9956      Pd105
        46            106              0        8.500000E-02   0.000000E+00         0.9497      Pd106
        46            107              0        1.287410E-01   0.000000E+00         1.0299      Pd107
        46            108              0        8.144540E-02   0.000000E+00         1.0181      Pd108
        46            110              0        5.769000E-02   0.000000E+00         0.9615      Pd110
        47            107              0        1.439900E-01   0.000000E+00         1.0285      Ag107
        47            109              0        1.434400E-01   0.000000E+00         1.1034      Ag109
        48            106              0        1.574120E-01   0.000000E+00         1.0156      Cd106
        48            108              0        1.118580E-01   0.000000E+00         1.0653      Cd108
        48            110              0        7.446300E-02   0.000000E+00         1.0488      Cd110
        48            111              0        1.359970E-01   0.000000E+00         1.2830      Cd111
        48            112              0        7.501540E-02   0.000000E+00         0.9742      Cd112
        48            113              0        9.859660E-02   0.000000E+00         1.0061      Cd113
        48            114              0        5.409220E-02   0.000000E+00         1.0017      Cd114
        48            116              0        6.559640E-02   0.000000E+00         1.3119      Cd116
        49            113              0        7.480330E-02   0.000000E+00         0.9974      In113
        49            115              0        1.606430E-01   0.000000E+00         2.0863      In115
        50            112              0        1.100000E-01   0.000000E+00         1.0000      Sn112
        50            114              0        9.000000E-02   0.000000E+00         1.0000      Sn114
        50            115              0        1.200000E-01   0.000000E+00         1.0169      Sn115
        50            116              0        5.488230E-02   0.000000E+00         1.0554      Sn116
        50            117              0        1.039430E-01   0.000000E+00         0.8884      Sn117
        50            118              0        4.500000E-02   0.000000E+00         1.0000      Sn118
        50            119              0        9.284620E-02   0.000000E+00         0.9285      Sn119
        50            120              0        3.641610E-02   0.000000E+00         0.9104      Sn120
        50            122              0        3.400000E-02   0.000000E+00         0.6939      Sn122
        50            124              0        5.000000E-02   0.000000E+00         1.0000      Sn124
        51            121              0        9.105300E-02   0.000000E+00         0.9105      Sb121
        51            123              0        9.756940E-02   0.000000E+00         0.9757      Sb123
        52            122              0        7.753370E-02   0.000000E+00         1.0478      Te122
        52            123              0        1.206740E-01   0.000000E+00         0.9973      Te123
        52            124              0        6.172050E-02   0.000000E+00         1.0461      Te124
        52            125              0        1.230260E-01   0.000000E+00         1.1606      Te125
        52            126              0        5.345000E-02   0.000000E+00         1.0085      Te126
        52            128              0        3.493750E-02   0.000000E+00         0.9982      Te128
        52            130              0        3.500000E-02   0.000000E+00         0.7000      Te130
        53            127              0        1.195720E-01   0.000000E+00         1.0870      I127
        53            129              0        8.671540E-02   0.000000E+00         0.9967      I129
        54            129              0        1.267910E-01   0.000000E+00         1.0566      Xe129
        54            130              0        6.166670E-02   0.000000E+00         1.2741      Xe130
        54            131              0        1.137670E-01   0.000000E+00         0.9980      Xe131
        54            132              0        7.000000E-02   0.000000E+00         1.0000      Xe132
        55            133              0        1.195660E-01   0.000000E+00         0.9964      Cs133
        55            134              0        1.612500E-01   0.000000E+00         1.0078      Cs134
        55            135              0        1.340000E-01   0.000000E+00         0.9926      Cs135
        56            130              0        9.892500E-02   0.000000E+00         0.9893      Ba130
        56            134              0        7.771140E-02   0.000000E+00         0.9963      Ba134
        56            135              0        1.207950E-01   0.000000E+00         0.8948      Ba135
        56            136              0        8.178500E-02   0.000000E+00         0.9510      Ba136
        56            137              0        8.039090E-02   0.000000E+00         1.0049      Ba137
        56            138              0        5.888890E-02   0.000000E+00         1.0707      Ba138
        57            138              0        9.500000E-02   0.000000E+00         1.0000      La138
        57            139              0        6.100360E-02   0.000000E+00         1.1092      La139
        58            140              0        1.109580E-01   0.000000E+00         3.1702      Ce140
        59            141              0        8.480000E-02   0.000000E+00         0.9636      Pr141
        60            142              0        6.648000E-02   0.000000E+00         0.9922      Nd142
        60            143              0        8.034790E-02   0.000000E+00         0.9343      Nd143
        60            144              0        5.243000E-02   0.000000E+00         1.1155      Nd144
        60            145              0        7.195760E-02   0.000000E+00         1.2406      Nd145
        60            146              0        5.614290E-02   0.000000E+00         1.0208      Nd146
        60            148              0        4.152500E-02   0.000000E+00         1.0381      Nd148
        60            150              0        7.011770E-02   0.000000E+00         1.0465      Nd150
        61            147              0        6.642230E-02   0.000000E+00         0.9626      Pm147
        62            144              0        7.378420E-02   0.000000E+00         0.9971      Sm144
        62            147              0        7.348890E-02   0.000000E+00         1.0651      Sm147
        62            148              0        4.450000E-02   0.000000E+00         1.0114      Sm148
        62            149              0        6.573170E-02   0.000000E+00         1.0602      Sm149
        62            150              0        6.001820E-02   0.000000E+00         1.0003      Sm150
        62            151              0        9.256750E-02   0.000000E+00         0.9744      Sm151
        62            152              0        6.149430E-02   0.000000E+00         1.0249      Sm152
        62            154              0        7.902860E-02   0.000000E+00         1.0004      Sm154
        63            151              0        9.126920E-02   0.000000E+00         0.9921      Eu151
        63            152              0        1.598190E-01   0.000000E+00         0.9989      Eu152
        63            153              0        9.367610E-02   0.000000E+00         0.9861      Eu153
        63            154              0        1.256500E-01   0.000000E+00         0.9307      Eu154
        63            155              0        9.566670E-02   0.000000E+00         0.9965      Eu155
        64            152              0        6.073410E-02   0.000000E+00         1.1247      Gd152
        64            153              0        1.163000E-01   0.000000E+00         1.7892      Gd153
        64            154              0        7.489350E-02   0.000000E+00         0.9986      Gd154
        64            155              0        1.113220E-01   0.000000E+00         1.0308      Gd155
        64            156              0        8.067160E-02   0.000000E+00         0.9167      Gd156
        64            157              0        9.124500E-02   0.000000E+00         0.9407      Gd157
        64            158              0        9.402580E-02   0.000000E+00         0.8955      Gd158
        64            160              0        9.058980E-02   0.000000E+00         0.8161      Gd160
        65            159              0        9.816220E-02   0.000000E+00         1.0120      Tb159
        65            160              0        1.049000E-01   0.000000E+00         0.9804      Tb160
        65            161              0        1.068620E-01   0.000000E+00         0.9987      Tb161
        66            160              0        1.048380E-01   0.000000E+00         0.9707      Dy160
        66            161              0        1.096060E-01   0.000000E+00         0.9786      Dy161
        66            162              0        1.118600E-01   0.000000E+00         0.9987      Dy162
        66            163              0        1.088790E-01   0.000000E+00         0.9635      Dy163
        66            164              0        1.103260E-01   0.000000E+00         0.9678      Dy164
        67            165              0        8.760990E-02   0.000000E+00         1.1378      Ho165
        68            164              0        9.600000E-02   0.000000E+00         1.0000      Er164
        68            166              0        8.925220E-02   0.000000E+00         0.9701      Er166
        68            167              0        8.862220E-02   0.000000E+00         1.0071      Er167
        68            168              0        8.624360E-02   0.000000E+00         1.0146      Er168
        68            170              0        7.200000E-02   0.000000E+00         0.9836      Er170
        69            169              0        8.935720E-02   0.000000E+00         0.9212      Tm169
        69            170              0        1.276920E-01   0.000000E+00         1.0467      Tm170
        69            171              0        7.945810E-02   0.000000E+00         0.9932      Tm171
        70            168              0        6.400000E-02   0.000000E+00         0.9846      Yb168
        70            169              0        8.047620E-02   0.000000E+00         1.0060      Yb169
        70            170              0        6.650000E-02   0.000000E+00         0.9500      Yb170
        70            171              0        7.602390E-02   0.000000E+00         1.0137      Yb171
        70            172              0        7.515220E-02   0.000000E+00         0.9760      Yb172
        70            173              0        7.402420E-02   0.000000E+00         1.0003      Yb173
        70            174              0        6.306670E-02   0.000000E+00         0.7598      Yb174
        70            176              0        6.000000E-02   0.000000E+00         1.0000      Yb176
        71            175              0        8.008040E-02   0.000000E+00         1.0400      Lu175
        71            176              0        9.394710E-02   0.000000E+00         1.4912      Lu176
        72            174              0        6.550000E-02   0.000000E+00         0.9939      Hf174
        72            176              0        5.828240E-02   0.000000E+00         0.9714      Hf176
        72            177              0        5.975670E-02   0.000000E+00         0.9054      Hf177
        72            178              0        5.081820E-02   0.000000E+00         0.9411      Hf178
        72            179              0        5.456000E-02   0.000000E+00         0.8267      Hf179
        72            180              0        4.863570E-02   0.000000E+00         0.9727      Hf180
        73            180              0        5.039350E-02   0.000000E+00         0.9881      Ta180
        73            181              0        6.786090E-02   0.000000E+00         1.1905      Ta181
        73            182              0        6.700000E-02   0.000000E+00         1.0000      Ta182
        74            180              0        7.000000E-02   0.000000E+00         1.0000      W180
        75            185              0        5.556900E-02   0.000000E+00         0.9749      Re185
        75            187              0        6.035230E-02   0.000000E+00         0.9894      Re187
        76            186              0        6.021840E-02   0.000000E+00         0.8138      Os186
        76            187              0        7.681730E-02   0.000000E+00         0.8729      Os187
        76            188              0        8.223750E-02   0.000000E+00         0.8843      Os188
        76            189              0        9.171430E-02   0.000000E+00         0.9969      Os189
        76            190              0        5.000000E-02   0.000000E+00         0.9615      Os190
        77            191              0        8.280440E-02   0.000000E+00         1.0223      Ir191
        77            192              0        1.010990E-01   0.000000E+00         1.0110      Ir192
        77            193              0        9.301280E-02   0.000000E+00         1.0001      Ir193
        78            192              0        6.706600E-02   0.000000E+00         1.1178      Pt192
        78            194              0        1.069240E-01   0.000000E+00         1.4851      Pt194
        78            195              0        1.208290E-01   0.000000E+00         1.0069      Pt195
        78            196              0        2.933970E-01   0.000000E+00         2.4450      Pt196
        79            197              0        1.283560E-01   0.000000E+00         1.0028      Au197
        80            198              0        1.496000E-01   0.000000E+00         1.2467      Hg198
        80            199              0        2.937310E-01   0.000000E+00         0.9957      Hg199
        80            200              0        5.000000E-01   0.000000E+00         1.1111      Hg200
        80            201              0        3.850000E-01   0.000000E+00         0.9625      Hg201
        80            202              0        5.000000E-01   0.000000E+00         0.6925      Hg202
        81            203              0        6.605170E-01   0.000000E+00         0.9573      Tl203
        81            205              0        1.642830E+00   0.000000E+00         1.4935      Tl205
        82            204              0        7.019550E-01   0.000000E+00         0.9616      Pb204
        82            206              0        3.643110E+00   0.000000E+00         1.7348      Pb206
        82            207              0        8.372850E+00   0.000000E+00        13.9548      Pb207
        82            208              0        1.191030E-01   0.000000E+00         0.0541      Pb208
        83            209              0        5.655790E-02   0.000000E+00         0.9922      Bi209
        88            226              0        2.579390E-02   0.000000E+00         0.9921      Ra226
        90            228              0        5.300000E-02   0.000000E+00         1.4722      Th228
        90            229              0        3.881820E-02   0.000000E+00         0.9027      Th229
        90            230              0        2.907590E-02   0.000000E+00         1.1183      Th230
        90            232              0        2.379940E-02   0.000000E+00         0.9916      Th232
        91            231              0        4.015670E-02   0.000000E+00         1.0039      Pa231
        91            233              0        5.385910E-02   0.000000E+00         1.1459      Pa233
        92            233              0        3.487580E-02   0.000000E+00         0.8719      U233
        92            234              0        2.603390E-02   0.000000E+00         1.0013      U234
        92            235              0        4.206570E-02   0.000000E+00         1.1070      U235
        92            236              0        1.983460E-02   0.000000E+00         0.8624      U236
        92            238              0        2.396980E-02   0.000000E+00         1.0157      U238
        93            237              0        4.058890E-02   0.000000E+00         0.9948      Np237
        94            238              0        3.413730E-02   0.000000E+00         1.0040      Pu238
        94            240              0        3.174870E-02   0.000000E+00         1.0242      Pu240
        94            241              0        3.464920E-02   0.000000E+00         0.8492      Pu241
        94            242              0        2.257120E-02   0.000000E+00         0.9814      Pu242
        94            244              0        2.000000E-02   0.000000E+00         1.0000      Pu244
        95            241              0        4.810320E-02   0.000000E+00         1.0457      Am241
        95            243              0        3.886880E-02   0.000000E+00         0.9966      Am243
        96            242              0        3.800000E-02   0.000000E+00         1.0000      Cm242
        96            243              0        4.000000E-02   0.000000E+00         1.0000      Cm243
        96            244              0        3.700000E-02   0.000000E+00         1.0278      Cm244
        96            245              0        3.698840E-02   0.000000E+00         0.9247      Cm245
        96            246              0        3.408820E-02   0.000000E+00         1.0026      Cm246
        96            247              0        3.981390E-02   0.000000E+00         0.9953      Cm247
        96            248              0        2.622730E-02   0.000000E+00         0.9367      Cm248
        97            249              0        3.599700E-02   0.000000E+00         0.9999      Bk249
        98            250              0        4.145000E-02   0.000000E+00         1.0110      Cf250
        98            251              0        3.500000E-02   0.000000E+00         0.8333      Cf251
