# header: 
#   title: gamgam resonance data for jendl5.0
#   source: Resonancetables
#   date: 2025-10-13
# reaction: 
#   type: gamgam
# quantity: 
#   type: resonance data
# datablock: 
#   columns: 7
#   entries: 273
##       Z              A            Liso           Value         dValue          Ratio         Nuclide
##      []             []             []            [eV]           [eV]            []             [%]
        13             27              0        3.875000E+00   0.000000E+00         2.4219      Al027
        15             31              0        2.000000E+00   0.000000E+00         1.0000      P031
        16             32              0        2.683950E+00   0.000000E+00         1.3420      S032
        19             39              0        8.290650E-01   0.000000E+00         0.8291      K039
        19             41              0        1.662030E+00   0.000000E+00         1.7681      K041
        20             40              0        1.325830E+00   0.000000E+00         0.8839      Ca040
        20             42              0        1.071200E+00   0.000000E+00         0.9738      Ca042
        20             43              0        7.673500E-01   0.000000E+00         1.0231      Ca043
        20             44              0        1.048800E+00   0.000000E+00         0.8068      Ca044
        21             45              0        8.745000E-01   0.000000E+00         1.0411      Sc045
        22             46              0        1.450230E+00   0.000000E+00         1.0359      Ti046
        22             47              0        1.233330E+00   0.000000E+00         1.0278      Ti047
        22             48              0        1.441270E+00   0.000000E+00         0.6266      Ti048
        22             49              0        7.565150E-01   0.000000E+00         0.9340      Ti049
        22             50              0        1.100000E+00   0.000000E+00         1.0000      Ti050
        23             50              0        6.000000E-01   0.000000E+00         1.0000      V050
        23             51              0        1.332000E+00   0.000000E+00         0.8880      V051
        24             50              0        1.091320E+00   0.000000E+00         0.9921      Cr050
        24             52              0        1.297510E+00   0.000000E+00         0.6488      Cr052
        24             53              0        1.200620E+00   0.000000E+00         0.8576      Cr053
        24             54              0        2.224370E+00   0.000000E+00         1.4829      Cr054
        25             55              0        5.749320E-01   0.000000E+00         0.7666      Mn055
        26             56              0        1.029440E+00   0.000000E+00         1.1190      Fe056
        26             58              0        5.489790E-01   0.000000E+00         0.4858      Fe058
        27             59              0        4.520840E-01   0.000000E+00         0.8372      Co059
        28             58              0        1.632660E+00   0.000000E+00         0.8043      Ni058
        28             59              0        1.419050E+00   0.000000E+00         0.6450      Ni059
        28             60              0        1.320320E+00   0.000000E+00         1.1789      Ni060
        28             61              0        2.097780E+00   0.000000E+00         1.0489      Ni061
        28             62              0        9.796930E-01   0.000000E+00         1.0766      Ni062
        28             63              0        2.000000E+00   0.000000E+00         1.4388      Ni063
        28             64              0        2.034780E+00   0.000000E+00         1.4534      Ni064
        29             63              0        4.997990E-01   0.000000E+00         1.0200      Cu063
        29             65              0        3.926600E-01   0.000000E+00         1.0199      Cu065
        30             64              0        7.435830E-01   0.000000E+00         1.0242      Zn064
        30             66              0        4.336410E-01   0.000000E+00         1.1119      Zn066
        30             67              0        4.369180E-01   0.000000E+00         0.9930      Zn067
        30             68              0        2.942630E-01   0.000000E+00         0.9196      Zn068
        30             70              0        1.700000E-01   0.000000E+00         1.0000      Zn070
        31             69              0        2.620000E-01   0.000000E+00         0.9850      Ga069
        31             71              0        2.307770E-01   0.000000E+00         1.0034      Ga071
        32             70              0        1.615000E-01   0.000000E+00         0.8730      Ge070
        32             72              0        1.543750E-01   0.000000E+00         0.9529      Ge072
        32             73              0        1.917780E-01   0.000000E+00         0.9835      Ge073
        32             74              0        1.950000E-01   0.000000E+00         1.0000      Ge074
        32             76              0        1.193750E-01   0.000000E+00         1.0380      Ge076
        33             75              0        3.192050E-01   0.000000E+00         1.0640      As075
        34             74              0        2.800000E-01   0.000000E+00         1.0000      Se074
        34             76              0        2.313330E-01   0.000000E+00         1.0058      Se076
        34             77              0        3.888890E-01   0.000000E+00         0.9972      Se077
        34             78              0        2.275000E-01   0.000000E+00         0.9891      Se078
        34             80              0        2.324720E-01   0.000000E+00         1.0107      Se080
        34             82              0        4.670000E-02   0.000000E+00         0.3706      Se082
        35             79              0        3.107260E-01   0.000000E+00         1.0358      Br079
        35             81              0        2.843230E-01   0.000000E+00         0.9477      Br081
        36             78              0        2.300000E-01   0.000000E+00         0.9787      Kr078
        36             80              0        2.153330E-01   0.000000E+00         0.9362      Kr080
        36             83              0        2.100000E-01   0.000000E+00         1.0000      Kr083
        36             84              0        1.210000E-01   0.000000E+00         0.7562      Kr084
        36             86              0        4.723890E-01   0.000000E+00         3.0875      Kr086
        37             85              0        3.280000E-01   0.000000E+00         1.3120      Rb085
        37             87              0        1.150370E-01   0.000000E+00         0.6767      Rb087
        38             84              0        2.080000E-01   0.000000E+00         0.8667      Sr084
        38             86              0        2.232100E-01   0.000000E+00         0.8585      Sr086
        38             87              0        1.271490E-01   0.000000E+00         0.8477      Sr087
        38             88              0        1.772000E-01   0.000000E+00         0.9326      Sr088
        39             89              0        2.069760E-01   0.000000E+00         1.5921      Y089
        40             90              0        2.516750E-01   0.000000E+00         1.9360      Zr090
        40             91              0        1.301380E-01   0.000000E+00         0.9296      Zr091
        40             92              0        1.253640E-01   0.000000E+00         0.9286      Zr092
        40             93              0        1.298000E-01   0.000000E+00         0.8268      Zr093
        40             94              0        9.907690E-02   0.000000E+00         1.1656      Zr094
        40             96              0        7.937500E-02   0.000000E+00         1.2212      Zr096
        41             93              0        1.830070E-01   0.000000E+00         1.0765      Nb093
        42             92              0        1.657110E-01   0.000000E+00         1.0357      Mo092
        42             94              0        1.410830E-01   0.000000E+00         1.0451      Mo094
        42             95              0        1.527780E-01   0.000000E+00         0.9431      Mo095
        42             96              0        1.162470E-01   0.000000E+00         1.1625      Mo096
        42             97              0        1.383800E-01   0.000000E+00         1.0645      Mo097
        42             98              0        8.565880E-02   0.000000E+00         1.0078      Mo098
        42            100              0        6.631250E-02   0.000000E+00         1.0202      Mo100
        43             99              0        1.469300E-01   0.000000E+00         1.0495      Tc099
        44             99              0        1.988750E-01   0.000000E+00         1.0199      Ru099
        44            100              0        1.207680E-01   0.000000E+00         1.0149      Ru100
        44            101              0        1.840620E-01   0.000000E+00         1.0226      Ru101
        44            102              0        1.091620E-01   0.000000E+00         1.0916      Ru102
        44            104              0        1.025820E-01   0.000000E+00         1.0258      Ru104
        45            103              0        2.280860E-01   0.000000E+00         1.4255      Rh103
        46            102              0        1.090000E-01   0.000000E+00         0.9820      Pd102
        46            104              0        1.146250E-01   0.000000E+00         0.7642      Pd104
        46            105              0        1.489890E-01   0.000000E+00         0.9933      Pd105
        46            106              0        9.662500E-02   0.000000E+00         1.0796      Pd106
        46            107              0        1.286630E-01   0.000000E+00         1.0293      Pd107
        46            108              0        8.123480E-02   0.000000E+00         1.0154      Pd108
        46            110              0        8.450310E-02   0.000000E+00         1.4084      Pd110
        47            107              0        2.659100E-01   0.000000E+00         1.8994      Ag107
        47            109              0        2.386460E-01   0.000000E+00         1.8357      Ag109
        48            106              0        1.530000E-01   0.000000E+00         0.9871      Cd106
        48            108              0        4.225000E-01   0.000000E+00         4.0238      Cd108
        48            110              0        9.956410E-02   0.000000E+00         1.4023      Cd110
        48            111              0        8.564110E-02   0.000000E+00         0.8079      Cd111
        48            112              0        1.112620E-01   0.000000E+00         1.4450      Cd112
        48            113              0        1.003460E-01   0.000000E+00         1.0239      Cd113
        48            114              0        9.290910E-02   0.000000E+00         1.7205      Cd114
        48            116              0        7.190480E-02   0.000000E+00         1.4381      Cd116
        49            113              0        7.480330E-02   0.000000E+00         0.9974      In113
        49            115              0        8.514500E-02   0.000000E+00         1.1058      In115
        50            112              0        1.100000E-01   0.000000E+00         1.0000      Sn112
        50            114              0        9.000000E-02   0.000000E+00         1.0000      Sn114
        50            115              0        8.500000E-02   0.000000E+00         0.7203      Sn115
        50            116              0        5.460450E-02   0.000000E+00         1.0501      Sn116
        50            117              0        9.188890E-02   0.000000E+00         0.7854      Sn117
        50            118              0        1.075670E-01   0.000000E+00         2.3904      Sn118
        50            119              0        9.284620E-02   0.000000E+00         0.9285      Sn119
        50            120              0        6.358210E-02   0.000000E+00         1.5896      Sn120
        50            122              0        1.300000E-01   0.000000E+00         2.6531      Sn122
        50            124              0        1.400000E-01   0.000000E+00         2.8000      Sn124
        51            121              0        8.997300E-02   0.000000E+00         0.8997      Sb121
        51            123              0        9.801140E-02   0.000000E+00         0.9801      Sb123
        52            122              0        7.753370E-02   0.000000E+00         1.0478      Te122
        52            123              0        1.119260E-01   0.000000E+00         0.9250      Te123
        52            124              0        7.957660E-02   0.000000E+00         1.3488      Te124
        52            125              0        1.322710E-01   0.000000E+00         1.2478      Te125
        52            126              0        9.132030E-02   0.000000E+00         1.7230      Te126
        52            128              0        4.214280E-02   0.000000E+00         1.2041      Te128
        52            130              0        1.202500E-01   0.000000E+00         2.4050      Te130
        53            127              0        1.048370E-01   0.000000E+00         0.9531      I127
        53            129              0        1.066610E-01   0.000000E+00         1.2260      I129
        54            129              0        2.438780E-01   0.000000E+00         2.0323      Xe129
        54            130              0        1.854360E-01   0.000000E+00         3.8313      Xe130
        54            131              0        1.612570E-01   0.000000E+00         1.4145      Xe131
        54            132              0        6.059160E-01   0.000000E+00         8.6559      Xe132
        55            133              0        1.245020E-01   0.000000E+00         1.0375      Cs133
        55            134              0        1.612500E-01   0.000000E+00         1.0078      Cs134
        55            135              0        1.741670E-01   0.000000E+00         1.2901      Cs135
        56            130              0        9.892500E-02   0.000000E+00         0.9893      Ba130
        56            134              0        7.771140E-02   0.000000E+00         0.9963      Ba134
        56            135              0        1.469170E-01   0.000000E+00         1.0883      Ba135
        56            136              0        8.370000E-02   0.000000E+00         0.9733      Ba136
        56            137              0        8.039090E-02   0.000000E+00         1.0049      Ba137
        56            138              0        1.220190E-01   0.000000E+00         2.2185      Ba138
        57            138              0        9.500000E-02   0.000000E+00         1.0000      La138
        57            139              0        5.804340E-02   0.000000E+00         1.0553      La139
        58            140              0        5.285000E-02   0.000000E+00         1.5100      Ce140
        59            141              0        9.817290E-02   0.000000E+00         1.1156      Pr141
        60            142              0        7.938120E-02   0.000000E+00         1.1848      Nd142
        60            143              0        8.240190E-02   0.000000E+00         0.9582      Nd143
        60            144              0        8.186090E-02   0.000000E+00         1.7417      Nd144
        60            145              0        7.857790E-02   0.000000E+00         1.3548      Nd145
        60            146              0        5.127140E-02   0.000000E+00         0.9322      Nd146
        60            148              0        4.597650E-02   0.000000E+00         1.1494      Nd148
        60            150              0        6.929870E-02   0.000000E+00         1.0343      Nd150
        61            147              0        6.642230E-02   0.000000E+00         0.9626      Pm147
        62            144              0        7.668460E-02   0.000000E+00         1.0363      Sm144
        62            147              0        6.997430E-02   0.000000E+00         1.0141      Sm147
        62            148              0        5.786000E-02   0.000000E+00         1.3150      Sm148
        62            149              0        6.616200E-02   0.000000E+00         1.0671      Sm149
        62            150              0        6.271430E-02   0.000000E+00         1.0452      Sm150
        62            151              0        9.790200E-02   0.000000E+00         1.0305      Sm151
        62            152              0        6.507870E-02   0.000000E+00         1.0846      Sm152
        62            154              0        7.903850E-02   0.000000E+00         1.0005      Sm154
        63            151              0        9.798350E-02   0.000000E+00         1.0650      Eu151
        63            152              0        1.582000E-01   0.000000E+00         0.9887      Eu152
        63            153              0        1.052960E-01   0.000000E+00         1.1084      Eu153
        63            154              0        1.259470E-01   0.000000E+00         0.9329      Eu154
        63            155              0        9.566670E-02   0.000000E+00         0.9965      Eu155
        64            152              0        5.794120E-02   0.000000E+00         1.0730      Gd152
        64            153              0        9.650000E-02   0.000000E+00         1.4846      Gd153
        64            154              0        8.641480E-02   0.000000E+00         1.1522      Gd154
        64            155              0        1.251090E-01   0.000000E+00         1.1584      Gd155
        64            156              0        1.048250E-01   0.000000E+00         1.1912      Gd156
        64            157              0        1.036920E-01   0.000000E+00         1.0690      Gd157
        64            158              0        9.544280E-02   0.000000E+00         0.9090      Gd158
        64            160              0        9.052380E-02   0.000000E+00         0.8155      Gd160
        65            159              0        9.804430E-02   0.000000E+00         1.0108      Tb159
        65            160              0        1.016000E-01   0.000000E+00         0.9495      Tb160
        66            160              0        1.062670E-01   0.000000E+00         0.9840      Dy160
        66            161              0        1.132940E-01   0.000000E+00         1.0116      Dy161
        66            162              0        1.145900E-01   0.000000E+00         1.0231      Dy162
        66            163              0        1.129880E-01   0.000000E+00         0.9999      Dy163
        66            164              0        1.061070E-01   0.000000E+00         0.9308      Dy164
        67            165              0        8.760990E-02   0.000000E+00         1.1378      Ho165
        68            164              0        9.600000E-02   0.000000E+00         1.0000      Er164
        68            166              0        9.228310E-02   0.000000E+00         1.0031      Er166
        68            167              0        8.994630E-02   0.000000E+00         1.0221      Er167
        68            168              0        8.790910E-02   0.000000E+00         1.0342      Er168
        68            170              0        8.200000E-02   0.000000E+00         1.1202      Er170
        69            169              0        9.106190E-02   0.000000E+00         0.9388      Tm169
        69            170              0        1.271430E-01   0.000000E+00         1.0422      Tm170
        69            171              0        8.182140E-02   0.000000E+00         1.0228      Tm171
        70            168              0        6.400000E-02   0.000000E+00         0.9846      Yb168
        70            170              0        6.650000E-02   0.000000E+00         0.9500      Yb170
        70            171              0        7.602390E-02   0.000000E+00         1.0137      Yb171
        70            172              0        7.515220E-02   0.000000E+00         0.9760      Yb172
        70            173              0        7.402420E-02   0.000000E+00         1.0003      Yb173
        70            174              0        6.306670E-02   0.000000E+00         0.7598      Yb174
        70            176              0        6.000000E-02   0.000000E+00         1.0000      Yb176
        71            173              0        7.297850E-02   0.000000E+00         0.9862      Lu173
        71            175              0        7.834180E-02   0.000000E+00         1.0174      Lu175
        71            176              0        9.287060E-02   0.000000E+00         1.4741      Lu176
        72            174              0        6.550000E-02   0.000000E+00         0.9939      Hf174
        72            176              0        5.828240E-02   0.000000E+00         0.9714      Hf176
        72            177              0        5.975670E-02   0.000000E+00         0.9054      Hf177
        72            178              0        5.095450E-02   0.000000E+00         0.9436      Hf178
        72            179              0        5.456000E-02   0.000000E+00         0.8267      Hf179
        72            180              0        4.863570E-02   0.000000E+00         0.9727      Hf180
        73            180              0        5.039350E-02   0.000000E+00         0.9881      Ta180
        73            181              0        6.756690E-02   0.000000E+00         1.1854      Ta181
        73            182              0        6.700000E-02   0.000000E+00         1.0000      Ta182
        74            180              0        7.000000E-02   0.000000E+00         1.0000      W180
        74            182              0        6.211750E-02   0.000000E+00         1.1294      W182
        74            183              0        6.418640E-02   0.000000E+00         0.8336      W183
        74            184              0        2.216420E-01   0.000000E+00         3.8885      W184
        74            186              0        5.914190E-02   0.000000E+00         1.1596      W186
        75            185              0        5.607890E-02   0.000000E+00         0.9838      Re185
        75            187              0        5.728190E-02   0.000000E+00         0.9390      Re187
        76            186              0        6.021840E-02   0.000000E+00         0.8138      Os186
        76            187              0        7.681730E-02   0.000000E+00         0.8729      Os187
        76            188              0        8.223750E-02   0.000000E+00         0.8843      Os188
        76            189              0        9.171430E-02   0.000000E+00         0.9969      Os189
        76            190              0        5.000000E-02   0.000000E+00         0.9615      Os190
        77            191              0        8.245100E-02   0.000000E+00         1.0179      Ir191
        77            192              0        9.800000E-02   0.000000E+00         0.9800      Ir192
        77            193              0        9.310610E-02   0.000000E+00         1.0011      Ir193
        78            192              0        6.057670E-02   0.000000E+00         1.0096      Pt192
        78            194              0        7.100000E-02   0.000000E+00         0.9861      Pt194
        78            195              0        1.228180E-01   0.000000E+00         1.0235      Pt195
        78            196              0        1.248000E-01   0.000000E+00         1.0400      Pt196
        79            197              0        1.282090E-01   0.000000E+00         1.0016      Au197
        80            198              0        1.496000E-01   0.000000E+00         1.2467      Hg198
        80            199              0        2.937310E-01   0.000000E+00         0.9957      Hg199
        80            200              0        4.097140E-01   0.000000E+00         0.9105      Hg200
        80            201              0        3.850000E-01   0.000000E+00         0.9625      Hg201
        80            202              0        6.556670E-01   0.000000E+00         0.9081      Hg202
        80            204              0        1.905000E+00   0.000000E+00         0.9621      Hg204
        81            203              0        6.605170E-01   0.000000E+00         0.9573      Tl203
        81            205              0        1.642830E+00   0.000000E+00         1.4935      Tl205
        82            204              0        6.682570E-01   0.000000E+00         0.9154      Pb204
        82            206              0        2.418500E+00   0.000000E+00         1.1517      Pb206
        82            207              0        7.455040E+00   0.000000E+00        12.4251      Pb207
        82            208              0        9.666670E-02   0.000000E+00         0.0439      Pb208
        83            209              0        6.244090E-02   0.000000E+00         1.0955      Bi209
        88            226              0        2.579390E-02   0.000000E+00         0.9921      Ra226
        90            228              0        5.300000E-02   0.000000E+00         1.4722      Th228
        90            229              0        3.881820E-02   0.000000E+00         0.9027      Th229
        90            230              0        2.907590E-02   0.000000E+00         1.1183      Th230
        90            232              0        2.379940E-02   0.000000E+00         0.9916      Th232
        91            231              0        4.011190E-02   0.000000E+00         1.0028      Pa231
        91            233              0        5.442460E-02   0.000000E+00         1.1580      Pa233
        92            233              0        3.905110E-02   0.000000E+00         0.9763      U233
        92            234              0        3.827900E-02   0.000000E+00         1.4723      U234
        92            235              0        4.183430E-02   0.000000E+00         1.1009      U235
        92            236              0        2.856310E-02   0.000000E+00         1.2419      U236
        92            238              0        2.396980E-02   0.000000E+00         1.0157      U238
        93            237              0        4.060780E-02   0.000000E+00         0.9953      Np237
        94            238              0        3.413730E-02   0.000000E+00         1.0040      Pu238
        94            239              0        4.054760E-02   0.000000E+00         0.9430      Pu239
        94            240              0        3.170040E-02   0.000000E+00         1.0226      Pu240
        94            241              0        4.091200E-02   0.000000E+00         1.0027      Pu241
        94            242              0        2.495060E-02   0.000000E+00         1.0848      Pu242
        94            244              0        2.000000E-02   0.000000E+00         1.0000      Pu244
        95            241              0        4.551650E-02   0.000000E+00         0.9895      Am241
        95            243              0        4.198040E-02   0.000000E+00         1.0764      Am243
        96            242              0        3.800000E-02   0.000000E+00         1.0000      Cm242
        96            243              0        4.000000E-02   0.000000E+00         1.0000      Cm243
        96            244              0        3.687410E-02   0.000000E+00         1.0243      Cm244
        96            245              0        3.698840E-02   0.000000E+00         0.9247      Cm245
        96            246              0        3.391810E-02   0.000000E+00         0.9976      Cm246
        96            247              0        3.981390E-02   0.000000E+00         0.9953      Cm247
        96            248              0        2.622730E-02   0.000000E+00         0.9367      Cm248
        97            249              0        3.599700E-02   0.000000E+00         0.9999      Bk249
        98            250              0        4.145000E-02   0.000000E+00         1.0110      Cf250
        98            251              0        3.500000E-02   0.000000E+00         0.8333      Cf251
