# header: 
#   title: gamgam resonance data for Mughabghab-2018
#   source: Resonancetables
#   date: 2025-12-03
# reaction: 
#   type: gamgam
# quantity: 
#   type: resonance data
# datablock: 
#   columns: 7
#   entries: 255
##       Z              A            Liso           Value         dValue          Ratio         Nuclide
##      []             []             []            [eV]           [eV]            []             [%]
        13             27              0        1.610000E+00   3.600000E-01         1.0063      Al027
        16             32              0        2.150000E+00   1.170000E+00         1.0750      S032
        17             35              0        4.460000E-01   3.200000E-02         0.9911      Cl035
        19             39              0        1.000000E+00   5.400000E-01         1.0000      K039
        19             41              0        9.400000E-01   1.800000E-01         1.0000      K041
        20             40              0        1.500000E+00   9.000000E-01         1.0000      Ca040
        20             42              0        1.100000E+00   2.000000E-01         1.0000      Ca042
        20             43              0        7.500000E-01   4.000000E-02         1.0000      Ca043
        20             44              0        1.300000E+00   4.000000E-01         1.0000      Ca044
        21             45              0        8.700000E-01   4.900000E-01         1.0357      Sc045
        22             46              0        1.380000E+00   0.000000E+00         0.9857      Ti046
        22             47              0        1.190000E+00   4.800000E-01         0.9917      Ti047
        22             48              0        2.300000E+00   1.400000E+00         1.0000      Ti048
        22             49              0        7.400000E-01   3.300000E-01         0.9136      Ti049
        23             51              0        1.340000E+00   0.000000E+00         0.8933      V051
        24             50              0        1.100000E+00   0.000000E+00         1.0000      Cr050
        24             52              0        2.000000E+00   0.000000E+00         1.0000      Cr052
        24             53              0        1.560000E+00   4.000000E-01         1.1143      Cr053
        24             54              0        1.500000E+00   0.000000E+00         1.0000      Cr054
        25             55              0        7.500000E-01   1.500000E-01         1.0000      Mn055
        26             54              0        1.550000E+00   4.000000E-01         0.9687      Fe054
        26             56              0        9.000000E-01   4.700000E-01         0.9783      Fe056
        26             57              0        1.830000E+00   1.090000E+00         0.9892      Fe057
        26             58              0        1.130000E+00   1.100000E-01         1.0000      Fe058
        27             59              0        5.400000E-01   4.000000E-02         1.0000      Co059
        28             58              0        2.030000E+00   1.150000E+00         1.0000      Ni058
        28             59              0        2.210000E+00   3.600000E-01         1.0045      Ni059
        28             60              0        1.160000E+00   3.600000E-01         1.0357      Ni060
        28             61              0        2.000000E+00   3.000000E-01         1.0000      Ni061
        28             62              0        9.100000E-01   2.500000E-01         1.0000      Ni062
        28             63              0        1.390000E+00   8.000000E-02         1.0000      Ni063
        29             63              0        4.900000E-01   3.000000E-02         1.0000      Cu063
        29             65              0        3.950000E-01   4.000000E-02         1.0260      Cu065
        30             64              0        7.260000E-01   6.000000E-02         1.0000      Zn064
        30             66              0        4.000000E-01   2.000000E-02         1.0256      Zn066
        30             67              0        4.400000E-01   6.000000E-02         1.0000      Zn067
        30             68              0        3.200000E-01   4.000000E-02         1.0000      Zn068
        31             69              0        2.660000E-01   1.900000E-02         1.0000      Ga069
        31             71              0        2.220000E-01   1.000000E-02         0.9652      Ga071
        32             70              0        1.950000E-01   2.000000E-02         1.0541      Ge070
        32             72              0        1.500000E-01   2.500000E-02         0.9259      Ge072
        32             73              0        1.970000E-01   6.000000E-03         1.0103      Ge073
        32             74              0        1.950000E-01   4.000000E-02         1.0000      Ge074
        32             76              0        1.150000E-01   2.500000E-02         1.0000      Ge076
        33             75              0        3.400000E-01   9.000000E-03         1.1333      As075
        34             74              0        2.490000E-01   1.800000E-02         0.8893      Se074
        34             76              0        2.300000E-01   1.800000E-02         1.0000      Se076
        34             77              0        3.900000E-01   5.400000E-02         1.0000      Se077
        34             78              0        1.730000E-01   1.800000E-02         0.7522      Se078
        34             80              0        2.300000E-01   3.000000E-02         1.0000      Se080
        34             82              0        1.260000E-01   1.500000E-02         1.0000      Se082
        35             79              0        3.130000E-01   5.000000E-03         1.0433      Br079
        35             81              0        2.430000E-01   5.000000E-03         0.8100      Br081
        36             78              0        2.350000E-01   3.500000E-02         1.0000      Kr078
        36             80              0        2.200000E-01   2.200000E-02         0.9565      Kr080
        36             84              0        1.600000E-01   3.000000E-02         1.0000      Kr084
        36             86              0        1.530000E-01   1.800000E-02         1.0000      Kr086
        37             85              0        2.500000E-01   8.000000E-03         1.0000      Rb085
        37             87              0        1.600000E-01   3.000000E-02         0.9412      Rb087
        38             84              0        2.350000E-01   2.000000E-02         0.9792      Sr084
        38             87              0        1.500000E-01   3.000000E-02         1.0000      Sr087
        38             88              0        1.900000E-01   1.200000E-01         1.0000      Sr088
        39             89              0        1.340000E-01   1.000000E-02         1.0308      Y089
        40             90              0        1.700000E-01   2.000000E-02         1.3077      Zr090
        40             91              0        1.220000E-01   1.600000E-02         0.8714      Zr091
        40             92              0        1.110000E-01   2.900000E-02         0.8222      Zr092
        40             93              0        1.570000E-01   2.000000E-02         1.0000      Zr093
        40             94              0        8.500000E-02   2.000000E-02         1.0000      Zr094
        40             96              0        7.100000E-02   8.000000E-03         1.0923      Zr096
        41             93              0        1.730000E-01   4.000000E-03         1.0176      Nb093
        42             92              0        1.550000E-01   9.000000E-03         0.9687      Mo092
        42             94              0        1.370000E-01   9.000000E-03         1.0148      Mo094
        42             95              0        1.620000E-01   7.000000E-03         1.0000      Mo095
        42             96              0        1.070000E-01   9.000000E-03         1.0700      Mo096
        42             97              0        1.390000E-01   2.000000E-02         1.0692      Mo097
        42             98              0        7.200000E-02   1.300000E-02         0.8471      Mo098
        42            100              0        6.400000E-02   4.000000E-03         0.9846      Mo100
        43             99              0        1.370000E-01   8.000000E-03         0.9786      Tc099
        44             99              0        1.940000E-01   1.000000E-02         0.9949      Ru099
        44            100              0        1.190000E-01   1.500000E-02         1.0000      Ru100
        44            101              0        1.830000E-01   1.500000E-02         1.0167      Ru101
        44            102              0        1.040000E-01   2.400000E-02         1.0400      Ru102
        44            104              0        9.900000E-02   1.400000E-02         0.9900      Ru104
        45            103              0        1.730000E-01   7.000000E-03         1.0812      Rh103
        46            102              0        1.110000E-01   1.000000E-02         1.0000      Pd102
        46            104              0        9.200000E-02   1.600000E-02         0.6133      Pd104
        46            105              0        1.510000E-01   5.000000E-03         1.0067      Pd105
        46            106              0        8.950000E-02   3.500000E-03         1.0000      Pd106
        46            107              0        1.630000E-01   1.100000E-02         1.3040      Pd107
        46            108              0        7.700000E-02   5.000000E-03         0.9625      Pd108
        46            110              0        5.600000E-02   3.000000E-03         0.9333      Pd110
        47            107              0        1.430000E-01   6.000000E-03         1.0214      Ag107
        47            109              0        1.410000E-01   7.000000E-03         1.0846      Ag109
        47            110              1        1.480000E-01   3.000000E-02         1.0000      Ag110m
        48            106              0        1.570000E-01   9.000000E-03         1.0129      Cd106
        48            108              0        1.020000E-01   8.000000E-03         0.9714      Cd108
        48            110              0        7.500000E-02   6.000000E-03         1.0563      Cd110
        48            111              0        1.060000E-01   6.000000E-03         1.0000      Cd111
        48            112              0        7.700000E-02   5.000000E-03         1.0000      Cd112
        48            113              0        9.900000E-02   1.000000E-02         1.0102      Cd113
        48            114              0        5.500000E-02   5.000000E-03         1.0185      Cd114
        48            116              0        5.000000E-02   5.000000E-03         1.0000      Cd116
        49            115              0        7.800000E-02   5.000000E-03         1.0130      In115
        50            112              0        7.260000E-02   8.000000E-03         0.6600      Sn112
        50            115              0        1.180000E-01   1.000000E-02         1.0000      Sn115
        50            116              0        5.300000E-02   3.000000E-03         1.0192      Sn116
        50            117              0        1.170000E-01   2.000000E-02         1.0000      Sn117
        50            118              0        4.500000E-02   7.000000E-03         1.0000      Sn118
        50            119              0        9.200000E-02   1.400000E-02         0.9200      Sn119
        50            120              0        3.600000E-02   3.000000E-03         0.9000      Sn120
        50            122              0        4.900000E-02   5.000000E-03         1.0000      Sn122
        50            124              0        5.000000E-02   5.000000E-03         1.0000      Sn124
        51            121              0        9.000000E-02   5.000000E-03         0.9000      Sb121
        51            123              0        9.740000E-02   1.300000E-02         0.9740      Sb123
        52            122              0        7.340000E-02   4.300000E-03         0.9919      Te122
        52            123              0        1.220000E-01   8.000000E-03         1.0083      Te123
        52            124              0        5.900000E-02   6.000000E-03         1.0000      Te124
        52            125              0        1.060000E-01   6.000000E-03         1.0000      Te125
        52            126              0        5.300000E-02   1.500000E-02         1.0000      Te126
        52            128              0        3.700000E-02   5.000000E-03         1.0571      Te128
        52            130              0        5.000000E-02   1.500000E-02         1.0000      Te130
        53            127              0        1.100000E-01   1.000000E-02         1.0000      I127
        53            129              0        9.800000E-02   3.000000E-03         1.1264      I129
        54            130              0        4.840000E-02   5.000000E-03         1.0000      Xe130
        54            131              0        1.238000E-01   4.200000E-03         1.0860      Xe131
        54            132              0        7.000000E-02   1.000000E-02         1.0000      Xe132
        55            132              0        1.200000E-01   3.000000E-03         1.0000      Cs132
        55            134              0        1.690000E-01   1.000000E-02         1.0562      Cs134
        55            135              0        1.160000E-01   1.000000E-02         0.8593      Cs135
        56            130              0        1.000000E-01   2.000000E-02         1.0000      Ba130
        56            134              0        7.900000E-02   5.000000E-03         1.0128      Ba134
        56            135              0        1.210000E-01   9.000000E-03         0.8963      Ba135
        56            136              0        8.200000E-02   5.000000E-03         0.9535      Ba136
        56            137              0        1.000000E-01   1.000000E-02         1.2500      Ba137
        56            138              0        5.500000E-02   2.000000E-02         1.0000      Ba138
        57            138              0        9.500000E-02   6.000000E-03         1.0000      La138
        57            139              0        5.200000E-02   2.000000E-03         0.9455      La139
        58            140              0        4.300000E-02   1.100000E-02         1.2286      Ce140
        59            141              0        8.350000E-02   2.500000E-03         0.9489      Pr141
        60            142              0        6.700000E-02   8.000000E-03         1.0000      Nd142
        60            143              0        7.420000E-02   1.800000E-03         0.8628      Nd143
        60            144              0        5.100000E-02   4.000000E-03         1.0851      Nd144
        60            145              0        7.400000E-02   3.000000E-03         1.2759      Nd145
        60            146              0        5.400000E-02   4.000000E-03         0.9818      Nd146
        60            148              0        4.500000E-02   3.000000E-03         1.1250      Nd148
        60            150              0        6.700000E-02   2.500000E-02         1.0000      Nd150
        61            147              0        6.700000E-02   3.000000E-03         0.9710      Pm147
        62            144              0        7.700000E-02   5.000000E-03         1.0405      Sm144
        62            147              0        7.300000E-02   2.000000E-03         1.0580      Sm147
        62            148              0        4.340000E-02   2.600000E-03         0.9864      Sm148
        62            149              0        6.200000E-02   2.000000E-03         1.0000      Sm149
        62            150              0        6.690000E-02   1.400000E-03         1.1150      Sm150
        62            151              0        1.016000E-01   2.800000E-03         1.0695      Sm151
        62            152              0        6.300000E-02   5.000000E-03         1.0500      Sm152
        62            154              0        9.400000E-02   7.000000E-03         1.1899      Sm154
        63            151              0        9.070000E-02   1.500000E-03         0.9859      Eu151
        63            152              0        1.600000E-01   1.000000E-02         1.0000      Eu152
        63            153              0        9.300000E-02   3.000000E-03         0.9789      Eu153
        63            154              0        1.260000E-01   5.000000E-03         0.9333      Eu154
        63            155              0        9.400000E-02   2.000000E-03         0.9792      Eu155
        64            152              0        6.830000E-02   2.000000E-03         1.2648      Gd152
        64            154              0        7.740000E-02   2.000000E-03         1.0320      Gd154
        64            155              0        1.170000E-01   2.000000E-03         1.0833      Gd155
        64            156              0        7.880000E-02   5.000000E-04         0.8955      Gd156
        64            157              0        1.050000E-01   3.000000E-03         1.0825      Gd157
        64            158              0        9.232000E-02   1.400000E-03         0.8792      Gd158
        64            160              0        8.970000E-02   8.000000E-04         0.8081      Gd160
        65            160              0        1.070000E-01   1.100000E-02         1.0000      Tb160
        65            161              0        1.070000E-01   1.100000E-02         1.0000      Tb161
        66            160              0        1.060000E-01   6.000000E-03         0.9815      Dy160
        66            161              0        1.070000E-01   3.000000E-03         0.9554      Dy161
        66            162              0        1.120000E-01   2.000000E-02         1.0000      Dy162
        66            163              0        1.050000E-01   8.000000E-03         0.9292      Dy163
        66            164              0        9.900000E-02   3.000000E-03         0.8684      Dy164
        67            165              0        8.400000E-02   5.000000E-03         1.0909      Ho165
        68            164              0        9.600000E-02   5.000000E-03         1.0000      Er164
        68            166              0        9.000000E-02   4.000000E-03         0.9783      Er166
        68            167              0        9.100000E-02   1.600000E-03         1.0341      Er167
        68            168              0        8.600000E-02   6.000000E-03         1.0118      Er168
        68            170              0        7.320000E-02   4.700000E-03         1.0000      Er170
        69            169              0        1.200000E-01   7.000000E-03         1.2371      Tm169
        70            168              0        9.500000E-02   6.000000E-03         1.4615      Yb168
        70            169              0        8.000000E-02   7.000000E-03         1.0000      Yb169
        70            171              0        7.760000E-02   3.000000E-03         1.0347      Yb171
        70            172              0        7.300000E-02   1.100000E-02         0.9481      Yb172
        70            173              0        7.400000E-02   1.100000E-03         1.0000      Yb173
        70            174              0        7.500000E-02   3.200000E-03         0.9036      Yb174
        70            176              0        6.050000E-02   3.400000E-03         1.0083      Yb176
        71            173              0        7.400000E-02   6.000000E-02         1.0000      Lu173
        71            175              0        7.700000E-02   5.000000E-03         1.0000      Lu175
        71            176              0        6.300000E-02   1.000000E-02         1.0000      Lu176
        72            174              0        6.590000E-02   6.000000E-03         1.0000      Hf174
        72            177              0        6.070000E-02   1.500000E-03         0.9197      Hf177
        72            178              0        5.350000E-02   5.500000E-03         0.9907      Hf178
        72            179              0        5.230000E-02   1.300000E-03         0.7924      Hf179
        72            180              0        5.490000E-02   5.100000E-03         1.0980      Hf180
        73            180              1        5.100000E-02   2.000000E-03         1.0000      Ta180m
        73            181              0        6.220000E-02   9.000000E-04         1.0912      Ta181
        73            182              0        6.700000E-02   2.000000E-03         1.0000      Ta182
        74            182              0        5.100000E-02   4.000000E-03         0.9273      W182
        74            183              0        7.300000E-02   6.000000E-03         0.9481      W183
        74            184              0        5.200000E-02   4.000000E-03         0.9123      W184
        74            186              0        5.100000E-02   5.000000E-03         1.0000      W186
        75            185              0        5.600000E-02   3.000000E-03         0.9825      Re185
        75            187              0        5.700000E-02   3.000000E-03         0.9344      Re187
        76            186              0        4.780000E-02   2.200000E-03         0.6459      Os186
        76            187              0        6.210000E-02   2.300000E-03         0.7057      Os187
        76            188              0        5.080000E-02   1.400000E-03         0.5462      Os188
        76            189              0        8.350000E-02   2.500000E-03         0.9076      Os189
        76            190              0        5.200000E-02   5.000000E-03         1.0000      Os190
        77            191              0        8.000000E-02   8.000000E-03         0.9877      Ir191
        77            192              0        9.400000E-02   6.000000E-03         0.9400      Ir192
        77            193              0        9.200000E-02   6.000000E-03         0.9892      Ir193
        78            192              0        6.240000E-02   1.000000E-03         1.0400      Pt192
        78            194              0        7.200000E-02   1.300000E-02         1.0000      Pt194
        78            195              0        1.230000E-01   1.500000E-03         1.0250      Pt195
        78            196              0        8.700000E-02   1.500000E-02         0.7250      Pt196
        79            197              0        1.235000E-01   3.400000E-03         0.9648      Au197
        80            198              0        1.124000E-01   5.900000E-03         0.9367      Hg198
        80            199              0        2.890000E-01   1.700000E-02         0.9797      Hg199
        80            200              0        3.700000E-01   4.000000E-02         0.8222      Hg200
        80            201              0        3.870000E-01   1.500000E-02         0.9675      Hg201
        80            202              0        7.220000E-01   4.500000E-02         1.0000      Hg202
        80            204              0        1.980000E+00   3.600000E-01         1.0000      Hg204
        81            203              0        6.300000E-01   3.400000E-02         0.9130      Tl203
        81            205              0        1.100000E+00   1.600000E-01         1.0000      Tl205
        82            204              0        7.340000E-01   6.500000E-02         1.0055      Pb204
        82            206              0        2.140000E+00   1.100000E-01         1.0190      Pb206
        83            209              0        4.700000E-02   8.000000E-03         0.8246      Bi209
        88            226              0        2.580000E-02   2.000000E-03         0.9923      Ra226
        90            228              0        3.600000E-02   2.000000E-03         1.0000      Th228
        90            230              0        2.600000E-02   2.000000E-03         1.0000      Th230
        90            232              0        2.470000E-02   7.000000E-04         1.0292      Th232
        91            231              0        3.970000E-02   4.000000E-04         0.9925      Pa231
        91            233              0        4.750000E-02   1.700000E-03         1.0106      Pa233
        92            233              0        4.000000E-02   3.000000E-03         1.0000      U233
        92            234              0        3.670000E-02   7.000000E-04         1.4115      U234
        92            235              0        3.810000E-02   1.700000E-03         1.0026      U235
        92            236              0        2.340000E-02   8.000000E-04         1.0174      U236
        92            238              0        2.290000E-02   4.000000E-04         0.9703      U238
        93            237              0        4.070000E-02   5.000000E-04         0.9975      Np237
        94            238              0        3.200000E-02   9.000000E-04         0.9412      Pu238
        94            240              0        3.100000E-02   2.000000E-03         1.0000      Pu240
        94            241              0        3.840000E-02   2.500000E-03         0.9412      Pu241
        94            242              0        2.250000E-02   4.000000E-04         0.9783      Pu242
        94            244              0        2.000000E-02   2.000000E-03         1.0000      Pu244
        95            241              0        4.420000E-02   2.000000E-03         0.9609      Am241
        95            243              0        4.000000E-02   3.000000E-04         1.0256      Am243
        96            242              0        4.200000E-02   4.000000E-03         1.1053      Cm242
        96            244              0        3.700000E-02   2.000000E-03         1.0278      Cm244
        96            246              0        3.230000E-02   1.800000E-03         0.9500      Cm246
        96            248              0        2.550000E-02   8.000000E-04         0.9107      Cm248
        97            249              0        3.600000E-02   1.000000E-03         1.0000      Bk249
        98            250              0        3.700000E-02   3.000000E-03         0.9024      Cf250
        98            251              0        4.200000E-02   5.000000E-03         1.0000      Cf251
