# header: 
#   title: gamgam resonance data for RIPL-2
#   source: Resonancetables
#   date: 2025-08-01
# reaction: 
#   type: gamgam
# quantity: 
#   type: resonance data
# datablock: 
#   columns: 7
#   entries: 228
##       Z              A            Liso           Value         dValue          Ratio         Nuclide
##      []             []             []            [eV]           [eV]            []             [%]
        16             32              0        1.900000E+00   0.000000E+00         0.9500      S032
        20             40              0        1.500000E+00   1.000000E+00         1.0000      Ca040
        20             42              0        1.100000E+00   2.000000E-01         1.0000      Ca042
        20             43              0        7.500001E-01   4.000000E-02         1.0000      Ca043
        20             44              0        1.300000E+00   4.000000E-01         1.0000      Ca044
        21             45              0        8.400000E-01   4.600000E-01         1.0000      Sc045
        22             46              0        1.400000E+00   4.000000E-01         1.0000      Ti046
        22             47              0        1.200000E+00   4.000000E-01         1.0000      Ti047
        22             48              0        1.400000E+00   4.000000E-01         0.6087      Ti048
        22             49              0        8.100001E-01   2.400000E-01         1.0000      Ti049
        22             50              0        1.100000E+00   3.000000E-01         1.0000      Ti050
        23             50              0        6.000000E-01   8.000001E-02         1.0000      V050
        23             51              0        1.500000E+00   3.000000E-01         1.0000      V051
        24             50              0        1.500000E+00   5.000000E-01         1.3636      Cr050
        24             52              0        1.850000E+00   5.500000E-01         0.9250      Cr052
        24             53              0        2.100000E+00   8.000000E-01         1.5000      Cr053
        24             54              0        2.500000E+00   7.000000E-01         1.6667      Cr054
        25             55              0        7.500001E-01   1.500000E-01         1.0000      Mn055
        26             54              0        1.800000E+00   5.000000E-01         1.1250      Fe054
        26             56              0        9.200000E-01   4.100000E-01         1.0000      Fe056
        26             57              0        1.900000E+00   6.000000E-01         1.0270      Fe057
        26             58              0        3.000000E+00   9.000000E-01         2.6549      Fe058
        27             59              0        5.600000E-01   1.000000E-01         1.0370      Co059
        28             58              0        2.600000E+00   8.000000E-01         1.2808      Ni058
        28             59              0        2.200000E+00   7.000000E-01         1.0000      Ni059
        28             60              0        1.700000E+00   5.000000E-01         1.5179      Ni060
        28             61              0        2.200000E+00   7.000000E-01         1.1000      Ni061
        28             62              0        9.100000E-01   2.700000E-01         1.0000      Ni062
        28             64              0        2.400000E+00   7.000000E-01         1.7143      Ni064
        29             63              0        4.900000E-01   3.000000E-02         1.0000      Cu063
        29             65              0        3.850000E-01   2.000000E-02         1.0000      Cu065
        30             64              0        7.260000E-01   6.000000E-02         1.0000      Zn064
        30             66              0        3.900000E-01   6.000000E-02         1.0000      Zn066
        30             67              0        4.600000E-01   1.400000E-01         1.0455      Zn067
        30             68              0        3.200000E-01   4.000000E-02         1.0000      Zn068
        31             69              0        2.620000E-01   2.500000E-02         0.9850      Ga069
        31             71              0        2.370000E-01   2.000000E-02         1.0304      Ga071
        32             70              0        1.650000E-01   5.000000E-02         0.8919      Ge070
        32             72              0        1.620000E-01   5.000000E-02         1.0000      Ge072
        32             73              0        1.950000E-01   4.500000E-02         1.0000      Ge073
        32             74              0        1.950000E-01   6.000000E-02         1.0000      Ge074
        32             76              0        1.150000E-01   3.500000E-02         1.0000      Ge076
        33             75              0        3.000000E-01   9.000000E-02         1.0000      As075
        34             74              0        2.800000E-01   8.000001E-02         1.0000      Se074
        34             76              0        2.300000E-01   6.000000E-02         1.0000      Se076
        34             77              0        3.900000E-01   9.000000E-02         1.0000      Se077
        34             78              0        2.300000E-01   6.000000E-02         1.0000      Se078
        34             80              0        2.300000E-01   7.000000E-02         1.0000      Se080
        35             79              0        2.930000E-01   9.000000E-02         0.9767      Br079
        35             81              0        3.000000E-01   1.000000E-01         1.0000      Br081
        36             80              0        2.300000E-01   6.000000E-02         1.0000      Kr080
        36             83              0        2.100000E-01   6.000000E-02         1.0000      Kr083
        37             85              0        2.050000E-01   3.500000E-02         0.8200      Rb085
        38             84              0        2.900000E-01   9.000000E-02         1.2083      Sr084
        38             86              0        2.600000E-01   8.000001E-02         1.0000      Sr086
        38             87              0        2.900000E-01   9.000000E-02         1.9333      Sr087
        38             88              0        1.900000E-01   5.000000E-02         1.0000      Sr088
        39             89              0        1.300000E-01   4.000000E-02         1.0000      Y089
        40             90              0        1.300000E-01   2.000000E-02         1.0000      Zr090
        40             91              0        1.400000E-01   4.000000E-02         1.0000      Zr091
        40             92              0        1.350000E-01   2.500000E-02         1.0000      Zr092
        40             94              0        8.500000E-02   2.000000E-02         1.0000      Zr094
        40             96              0        1.300000E-01   0.000000E+00         2.0000      Zr096
        41             93              0        1.450000E-01   1.000000E-02         0.8529      Nb093
        42             92              0        1.600000E-01   2.000000E-02         1.0000      Mo092
        42             94              0        1.350000E-01   2.000000E-02         1.0000      Mo094
        42             95              0        1.500000E-01   2.000000E-02         0.9259      Mo095
        42             96              0        1.100000E-01   1.500000E-02         1.1000      Mo096
        42             97              0        1.300000E-01   2.000000E-02         1.0000      Mo097
        42             98              0        8.500000E-02   1.000000E-02         1.0000      Mo098
        42            100              0        9.000000E-02   1.000000E-02         1.3846      Mo100
        43             99              0        1.600000E-01   5.000000E-02         1.1429      Tc099
        44             99              0        1.950000E-01   2.000000E-02         1.0000      Ru099
        44            101              0        1.800000E-01   1.500000E-02         1.0000      Ru101
        44            102              0        9.000000E-02   1.000000E-02         0.9000      Ru102
        44            104              0        8.500000E-02   1.500000E-02         0.8500      Ru104
        45            103              0        1.600000E-01   1.500000E-02         1.0000      Rh103
        46            105              0        1.500000E-01   8.000000E-03         1.0000      Pd105
        46            107              0        1.250000E-01   1.500000E-02         1.0000      Pd107
        46            110              0        6.000000E-02   1.000000E-02         1.0000      Pd110
        47            107              0        1.400000E-01   2.000000E-02         1.0000      Ag107
        47            109              0        1.300000E-01   2.000000E-02         1.0000      Ag109
        48            106              0        1.550000E-01   1.500000E-02         1.0000      Cd106
        48            108              0        1.050000E-01   1.000000E-02         1.0000      Cd108
        48            110              0        7.100000E-02   6.000000E-03         1.0000      Cd110
        48            111              0        9.600000E-02   2.000000E-02         0.9057      Cd111
        48            112              0        7.700001E-02   5.000000E-03         1.0000      Cd112
        48            113              0        1.600000E-01   2.000000E-02         1.6327      Cd113
        48            114              0        5.300000E-02   4.000000E-03         0.9815      Cd114
        48            116              0        4.700000E-02   4.000000E-03         0.9400      Cd116
        49            113              0        7.500000E-02   5.000000E-03         1.0000      In113
        49            115              0        7.700001E-02   4.000000E-03         1.0000      In115
        50            112              0        1.100000E-01   2.500000E-02         1.0000      Sn112
        50            114              0        9.000000E-02   3.000000E-02         1.0000      Sn114
        50            116              0        5.200000E-02   1.000000E-02         1.0000      Sn116
        50            117              0        8.000001E-02   2.000000E-02         0.6838      Sn117
        51            121              0        1.000000E-01   2.000000E-02         1.0000      Sb121
        51            123              0        1.000000E-01   2.000000E-02         1.0000      Sb123
        52            122              0        1.400000E-01   4.000000E-02         1.8919      Te122
        52            123              0        1.240000E-01   2.000000E-02         1.0248      Te123
        52            124              0        1.200000E-01   3.000000E-02         2.0339      Te124
        52            125              0        1.570000E-01   3.000000E-02         1.4811      Te125
        52            126              0        1.490000E-01   4.500000E-02         2.8113      Te126
        52            128              0        8.700000E-02   4.000000E-02         2.4857      Te128
        53            127              0        9.000000E-02   1.000000E-02         0.8182      I127
        54            129              0        1.200000E-01   6.000000E-02         1.0000      Xe129
        54            131              0        1.140000E-01   3.700000E-02         1.0000      Xe131
        55            133              0        1.200000E-01   1.000000E-02         1.0000      Cs133
        55            134              0        1.600000E-01   4.000000E-02         1.0000      Cs134
        56            130              0        1.000000E-01   3.000000E-02         1.0000      Ba130
        56            134              0        7.800000E-02   2.700000E-02         1.0000      Ba134
        56            135              0        1.350000E-01   2.500000E-02         1.0000      Ba135
        56            136              0        8.600000E-02   2.800000E-02         1.0000      Ba136
        56            137              0        8.000001E-02   1.500000E-02         1.0000      Ba137
        56            138              0        5.500000E-02   2.000000E-02         1.0000      Ba138
        57            138              0        9.500001E-02   2.500000E-02         1.0000      La138
        57            139              0        5.500000E-02   6.000000E-03         1.0000      La139
        58            140              0        3.500000E-02   9.000001E-03         1.0000      Ce140
        59            141              0        8.800001E-02   9.000001E-03         1.0000      Pr141
        60            142              0        5.000000E-02   8.000000E-03         0.7463      Nd142
        60            143              0        8.600000E-02   9.000001E-03         1.0000      Nd143
        60            144              0        4.700000E-02   5.000000E-03         1.0000      Nd144
        60            145              0        8.700000E-02   9.000001E-03         1.5000      Nd145
        60            146              0        5.500000E-02   8.000000E-03         1.0000      Nd146
        60            148              0        4.600000E-02   5.000000E-03         1.1500      Nd148
        60            150              0        6.700000E-02   2.500000E-02         1.0000      Nd150
        61            147              0        6.900001E-02   5.000000E-03         1.0000      Pm147
        62            144              0        7.500000E-02   5.000000E-03         1.0135      Sm144
        62            147              0        6.900001E-02   2.000000E-03         1.0000      Sm147
        62            149              0        6.200000E-02   2.000000E-03         1.0000      Sm149
        62            150              0        8.700000E-02   1.600000E-02         1.4500      Sm150
        62            151              0        9.500001E-02   4.000000E-03         1.0000      Sm151
        62            152              0        6.700000E-02   5.000000E-03         1.1167      Sm152
        62            154              0        7.900000E-02   1.300000E-02         1.0000      Sm154
        63            151              0        9.200001E-02   1.200000E-02         1.0000      Eu151
        63            152              0        1.600000E-01   2.500000E-02         1.0000      Eu152
        63            153              0        9.500001E-02   1.200000E-02         1.0000      Eu153
        63            154              0        1.350000E-01   2.500000E-02         1.0000      Eu154
        63            155              0        9.600000E-02   1.800000E-02         1.0000      Eu155
        64            152              0        5.400000E-02   1.200000E-02         1.0000      Gd152
        64            154              0        8.800001E-02   1.000000E-02         1.1733      Gd154
        64            155              0        1.080000E-01   1.000000E-02         1.0000      Gd155
        64            156              0        8.800001E-02   1.200000E-02         1.0000      Gd156
        64            157              0        9.700000E-02   2.200000E-02         1.0000      Gd157
        64            158              0        1.050000E-01   1.000000E-02         1.0000      Gd158
        64            160              0        1.110000E-01   1.500000E-02         1.0000      Gd160
        65            159              0        9.700000E-02   7.000000E-03         1.0000      Tb159
        66            160              0        1.080000E-01   1.000000E-02         1.0000      Dy160
        66            161              0        1.120000E-01   1.000000E-02         1.0000      Dy161
        66            162              0        1.120000E-01   2.000000E-02         1.0000      Dy162
        66            163              0        1.130000E-01   1.300000E-02         1.0000      Dy163
        66            164              0        1.140000E-01   1.400000E-02         1.0000      Dy164
        67            165              0        7.700001E-02   5.000000E-03         1.0000      Ho165
        68            166              0        9.200001E-02   8.000000E-03         1.0000      Er166
        68            167              0        9.200001E-02   1.200000E-02         1.0455      Er167
        68            168              0        8.500000E-02   1.500000E-02         1.0000      Er168
        69            169              0        9.700000E-02   1.500000E-02         1.0000      Tm169
        69            170              0        1.220000E-01   2.000000E-02         1.0000      Tm170
        70            168              0        7.000000E-02   2.000000E-02         1.0769      Yb168
        70            169              0        8.000001E-02   2.500000E-02         1.0000      Yb169
        70            170              0        7.500000E-02   1.000000E-02         1.0714      Yb170
        70            171              0        7.500000E-02   5.000000E-03         1.0000      Yb171
        70            172              0        7.900000E-02   2.000000E-02         1.0260      Yb172
        70            173              0        7.400000E-02   5.000000E-03         1.0000      Yb173
        70            174              0        8.000001E-02   2.000000E-02         0.9639      Yb174
        70            176              0        6.000000E-02   2.000000E-02         1.0000      Yb176
        71            175              0        7.700001E-02   2.300000E-02         1.0000      Lu175
        71            176              0        9.000000E-02   2.000000E-02         1.4286      Lu176
        72            176              0        6.000000E-02   1.000000E-02         1.0000      Hf176
        72            177              0        6.600000E-02   1.000000E-02         1.0000      Hf177
        72            178              0        5.400000E-02   5.000000E-03         1.0000      Hf178
        72            179              0        6.600000E-02   5.000000E-03         1.0000      Hf179
        72            180              0        5.000000E-02   5.000000E-03         1.0000      Hf180
        73            180              0        5.100000E-02   3.000000E-03         1.0000      Ta180
        73            181              0        5.700000E-02   3.000000E-03         1.0000      Ta181
        73            182              0        6.700000E-02   3.000000E-03         1.0000      Ta182
        74            180              0        7.000000E-02   1.500000E-02         1.0000      W180
        74            182              0        6.200000E-02   1.500000E-02         1.1273      W182
        74            183              0        7.700001E-02   1.200000E-02         1.0000      W183
        74            184              0        6.900001E-02   1.700000E-02         1.2105      W184
        74            186              0        6.100000E-02   8.000000E-03         1.1961      W186
        75            185              0        5.700000E-02   7.000000E-03         1.0000      Re185
        75            187              0        6.100000E-02   9.000001E-03         1.0000      Re187
        76            186              0        7.700001E-02   1.000000E-02         1.0405      Os186
        76            187              0        8.800001E-02   5.000000E-03         1.0000      Os187
        76            188              0        1.000000E-01   1.000000E-02         1.0753      Os188
        76            189              0        1.000000E-01   1.000000E-02         1.0870      Os189
        77            191              0        8.100000E-02   1.100000E-02         1.0000      Ir191
        77            192              0        1.000000E-01   2.000000E-02         1.0000      Ir192
        77            193              0        9.300000E-02   1.000000E-02         1.0000      Ir193
        78            192              0        8.000001E-02   3.000000E-02         1.3333      Pt192
        78            194              0        7.000000E-02   2.500000E-02         0.9722      Pt194
        78            195              0        1.200000E-01   1.500000E-02         1.0000      Pt195
        79            197              0        1.280000E-01   6.000000E-03         1.0000      Au197
        80            198              0        1.500000E-01   2.000000E-02         1.2500      Hg198
        80            199              0        2.950000E-01   2.000000E-02         1.0000      Hg199
        81            203              0        6.900001E-01   7.000000E-02         1.0000      Tl203
        81            205              0        1.500000E+00   3.000000E-01         1.3636      Tl205
        82            204              0        7.700000E-01   0.000000E+00         1.0548      Pb204
        83            209              0        7.000000E-02   2.000000E-02         1.2281      Bi209
        88            226              0        2.600000E-02   3.000000E-03         1.0000      Ra226
        90            229              0        4.300000E-02   4.000000E-03         1.0000      Th229
        90            230              0        2.600000E-02   2.000000E-03         1.0000      Th230
        90            232              0        2.400000E-02   2.000000E-03         1.0000      Th232
        91            231              0        4.000000E-02   2.000000E-03         1.0000      Pa231
        91            233              0        4.700000E-02   5.000000E-03         1.0000      Pa233
        92            233              0        4.000000E-02   5.000000E-03         1.0000      U233
        92            234              0        2.600000E-02   4.000000E-03         1.0000      U234
        92            235              0        3.500000E-02   3.000000E-03         0.9211      U235
        92            236              0        2.300000E-02   2.000000E-03         1.0000      U236
        92            238              0        2.360000E-02   8.000000E-04         1.0000      U238
        93            237              0        4.080000E-02   1.200000E-03         1.0000      Np237
        94            238              0        3.400000E-02   3.000000E-03         1.0000      Pu238
        94            239              0        4.330000E-02   4.500000E-03         1.0070      Pu239
        94            240              0        3.070000E-02   2.500000E-03         0.9903      Pu240
        94            241              0        4.080000E-02   4.600000E-03         1.0000      Pu241
        94            242              0        2.540000E-02   3.700000E-03         1.1043      Pu242
        95            241              0        4.600000E-02   2.000000E-03         1.0000      Am241
        95            243              0        3.900000E-02   5.000000E-03         1.0000      Am243
        96            242              0        3.800000E-02   6.000000E-03         1.0000      Cm242
        96            243              0        3.300000E-02   5.000000E-03         0.8250      Cm243
        96            244              0        3.600000E-02   8.000000E-03         1.0000      Cm244
        96            245              0        4.000000E-02   5.000000E-03         1.0000      Cm245
        96            246              0        3.200000E-02   6.000000E-03         0.9412      Cm246
        96            247              0        4.000000E-02   5.000000E-03         1.0000      Cm247
        96            248              0        2.800000E-02   3.000000E-03         1.0000      Cm248
        97            249              0        3.600000E-02   2.000000E-03         1.0000      Bk249
        98            250              0        4.100000E-02   5.000000E-03         1.0000      Cf250
