# header: 
#   title: gamgam resonance data for tendl.2025
#   source: Resonancetables
#   date: 2025-11-14
# reaction: 
#   type: gamgam
# quantity: 
#   type: resonance data
# datablock: 
#   columns: 7
#   entries: 279
##       Z              A            Liso           Value         dValue          Ratio         Nuclide
##      []             []             []            [eV]           [eV]            []             [%]
        13             27              0        1.791270E+00   0.000000E+00         1.1195      Al027
        15             31              0        2.000000E+00   0.000000E+00         1.0000      P031
        16             32              0        2.983330E+00   0.000000E+00         1.4917      S032
        17             35              0        5.900000E-01   0.000000E+00         1.3111      Cl035
        19             39              0        5.707940E-01   0.000000E+00         0.5708      K039
        19             41              0        1.027860E+00   0.000000E+00         1.0935      K041
        20             40              0        1.735000E+00   0.000000E+00         1.1567      Ca040
        20             42              0        1.011500E+00   0.000000E+00         0.9195      Ca042
        20             43              0        9.766140E-01   0.000000E+00         1.3022      Ca043
        20             44              0        1.329440E+00   0.000000E+00         1.0226      Ca044
        21             45              0        8.932570E-01   0.000000E+00         1.0634      Sc045
        22             46              0        1.778570E+00   0.000000E+00         1.2704      Ti046
        22             47              0        1.250400E+00   0.000000E+00         1.0420      Ti047
        22             48              0        1.441270E+00   0.000000E+00         0.6266      Ti048
        22             49              0        6.633330E-01   0.000000E+00         0.8189      Ti049
        22             50              0        9.917080E-01   0.000000E+00         0.9016      Ti050
        23             50              0        6.000000E-01   0.000000E+00         1.0000      V050
        23             51              0        1.568770E+00   0.000000E+00         1.0458      V051
        24             50              0        1.091320E+00   0.000000E+00         0.9921      Cr050
        24             52              0        1.298450E+00   0.000000E+00         0.6492      Cr052
        24             53              0        2.473080E+00   0.000000E+00         1.7665      Cr053
        24             54              0        2.224370E+00   0.000000E+00         1.4829      Cr054
        25             55              0        5.749320E-01   0.000000E+00         0.7666      Mn055
        26             54              0        6.604870E-01   0.000000E+00         0.4128      Fe054
        26             56              0        1.038530E+00   0.000000E+00         1.1288      Fe056
        26             57              0        1.565240E+00   0.000000E+00         0.8461      Fe057
        26             58              0        5.489790E-01   0.000000E+00         0.4858      Fe058
        27             59              0        5.192860E-01   0.000000E+00         0.9616      Co059
        28             58              0        1.955000E+00   0.000000E+00         0.9631      Ni058
        28             59              0        2.259050E+00   0.000000E+00         1.0268      Ni059
        28             60              0        1.320320E+00   0.000000E+00         1.1789      Ni060
        28             61              0        1.993330E+00   0.000000E+00         0.9967      Ni061
        28             62              0        1.264000E+00   0.000000E+00         1.3890      Ni062
        28             63              0        4.850820E-01   0.000000E+00         0.3490      Ni063
        28             64              0        2.034780E+00   0.000000E+00         1.4534      Ni064
        29             63              0        5.073070E-01   0.000000E+00         1.0353      Cu063
        29             65              0        3.859570E-01   0.000000E+00         1.0025      Cu065
        30             64              0        6.011070E-01   0.000000E+00         0.8280      Zn064
        30             66              0        4.277690E-01   0.000000E+00         1.0968      Zn066
        30             67              0        4.368570E-01   0.000000E+00         0.9929      Zn067
        30             68              0        2.942630E-01   0.000000E+00         0.9196      Zn068
        30             70              0        1.986670E-01   0.000000E+00         1.1686      Zn070
        31             69              0        2.660000E-01   0.000000E+00         1.0000      Ga069
        31             71              0        2.299110E-01   0.000000E+00         0.9996      Ga071
        32             70              0        1.615000E-01   0.000000E+00         0.8730      Ge070
        32             72              0        1.782730E-01   0.000000E+00         1.1005      Ge072
        32             73              0        1.898350E-01   0.000000E+00         0.9735      Ge073
        32             74              0        1.747480E-01   0.000000E+00         0.8961      Ge074
        32             76              0        1.164430E-01   0.000000E+00         1.0125      Ge076
        33             75              0        3.309010E-01   0.000000E+00         1.1030      As075
        34             74              0        2.299960E-01   0.000000E+00         0.8214      Se074
        34             76              0        2.313330E-01   0.000000E+00         1.0058      Se076
        34             77              0        3.115140E-01   0.000000E+00         0.7988      Se077
        34             78              0        2.300000E-01   0.000000E+00         1.0000      Se078
        34             80              0        2.100000E-01   0.000000E+00         0.9130      Se080
        34             82              0        1.011050E-01   0.000000E+00         0.8024      Se082
        35             79              0        3.092450E-01   0.000000E+00         1.0308      Br079
        35             81              0        2.500320E-01   0.000000E+00         0.8334      Br081
        36             78              0        2.084350E-01   0.000000E+00         0.8870      Kr078
        36             80              0        1.804060E-01   0.000000E+00         0.7844      Kr080
        36             83              0        3.253370E-01   0.000000E+00         1.5492      Kr083
        36             84              0        6.303570E-02   0.000000E+00         0.3940      Kr084
        36             86              0        1.530000E-01   0.000000E+00         1.0000      Kr086
        37             85              0        2.498780E-01   0.000000E+00         0.9995      Rb085
        37             87              0        1.554290E-01   0.000000E+00         0.9143      Rb087
        38             84              0        2.283740E-01   0.000000E+00         0.9516      Sr084
        38             86              0        2.719580E-01   0.000000E+00         1.0460      Sr086
        38             87              0        1.711500E-01   0.000000E+00         1.1410      Sr087
        38             88              0        1.771730E-01   0.000000E+00         0.9325      Sr088
        39             89              0        2.069760E-01   0.000000E+00         1.5921      Y089
        40             90              0        1.753850E-01   0.000000E+00         1.3491      Zr090
        40             91              0        1.170960E-01   0.000000E+00         0.8364      Zr091
        40             92              0        1.088460E-01   0.000000E+00         0.8063      Zr092
        40             93              0        1.545830E-01   0.000000E+00         0.9846      Zr093
        40             94              0        8.825000E-02   0.000000E+00         1.0382      Zr094
        40             96              0        7.875000E-02   0.000000E+00         1.2115      Zr096
        41             93              0        1.718800E-01   0.000000E+00         1.0111      Nb093
        42             92              0        1.489290E-01   0.000000E+00         0.9308      Mo092
        42             94              0        1.306670E-01   0.000000E+00         0.9679      Mo094
        42             95              0        2.025430E-01   0.000000E+00         1.2503      Mo095
        42             96              0        1.065450E-01   0.000000E+00         1.0654      Mo096
        42             97              0        1.593080E-01   0.000000E+00         1.2254      Mo097
        42             98              0        7.240620E-02   0.000000E+00         0.8518      Mo098
        42            100              0        6.300000E-02   0.000000E+00         0.9692      Mo100
        43             99              0        1.468330E-01   0.000000E+00         1.0488      Tc099
        44             99              0        1.834540E-01   0.000000E+00         0.9408      Ru099
        44            100              0        1.764350E-01   0.000000E+00         1.4826      Ru100
        44            101              0        1.752730E-01   0.000000E+00         0.9737      Ru101
        44            102              0        1.116670E-01   0.000000E+00         1.1167      Ru102
        44            104              0        1.087690E-01   0.000000E+00         1.0877      Ru104
        45            103              0        1.752460E-01   0.000000E+00         1.0953      Rh103
        46            102              0        2.758000E-01   0.000000E+00         2.4847      Pd102
        46            104              0        1.169080E-01   0.000000E+00         0.7794      Pd104
        46            105              0        1.511130E-01   0.000000E+00         1.0074      Pd105
        46            106              0        1.090440E-01   0.000000E+00         1.2184      Pd106
        46            107              0        1.624370E-01   0.000000E+00         1.2995      Pd107
        46            108              0        6.135120E-02   0.000000E+00         0.7669      Pd108
        46            110              0        5.548330E-02   0.000000E+00         0.9247      Pd110
        47            107              0        1.400030E-01   0.000000E+00         1.0000      Ag107
        47            109              0        1.300320E-01   0.000000E+00         1.0002      Ag109
        48            106              0        1.359930E-01   0.000000E+00         0.8774      Cd106
        48            108              0        9.602550E-02   0.000000E+00         0.9145      Cd108
        48            110              0        7.644000E-02   0.000000E+00         1.0766      Cd110
        48            111              0        1.172590E-01   0.000000E+00         1.1062      Cd111
        48            112              0        7.361050E-02   0.000000E+00         0.9560      Cd112
        48            113              0        6.292580E+00   0.000000E+00        64.2100      Cd113
        48            114              0        5.382350E-02   0.000000E+00         0.9967      Cd114
        48            116              0        5.460000E-02   0.000000E+00         1.0920      Cd116
        49            113              0        7.174000E-02   0.000000E+00         0.9565      In113
        49            115              0        9.036000E-02   0.000000E+00         1.1735      In115
        50            112              0        6.780540E-02   0.000000E+00         0.6164      Sn112
        50            114              0        4.778630E-02   0.000000E+00         0.5310      Sn114
        50            115              0        5.437130E-02   0.000000E+00         0.4608      Sn115
        50            116              0        5.405260E-02   0.000000E+00         1.0395      Sn116
        50            117              0        1.053350E-01   0.000000E+00         0.9003      Sn117
        50            118              0        4.210000E-02   0.000000E+00         0.9356      Sn118
        50            119              0        9.034400E-02   0.000000E+00         0.9034      Sn119
        50            120              0        3.644070E-02   0.000000E+00         0.9110      Sn120
        50            122              0        3.400000E-02   0.000000E+00         0.6939      Sn122
        50            124              0        5.300000E-02   0.000000E+00         1.0600      Sn124
        51            121              0        9.804160E-02   0.000000E+00         0.9804      Sb121
        51            123              0        1.005720E-01   0.000000E+00         1.0057      Sb123
        52            122              0        1.092200E-01   0.000000E+00         1.4759      Te122
        52            123              0        1.300980E-01   0.000000E+00         1.0752      Te123
        52            124              0        6.594990E-02   0.000000E+00         1.1178      Te124
        52            125              0        9.342920E-02   0.000000E+00         0.8814      Te125
        52            126              0        5.323580E-02   0.000000E+00         1.0044      Te126
        52            128              0        3.490000E-02   0.000000E+00         0.9971      Te128
        52            130              0        4.709760E-02   0.000000E+00         0.9420      Te130
        53            127              0        1.102380E-01   0.000000E+00         1.0022      I127
        53            129              0        9.790820E-02   0.000000E+00         1.1254      I129
        54            129              0        2.042710E-01   0.000000E+00         1.7023      Xe129
        54            130              0        5.692500E-02   0.000000E+00         1.1761      Xe130
        54            131              0        1.562460E-01   0.000000E+00         1.3706      Xe131
        54            132              0        6.491350E-02   0.000000E+00         0.9273      Xe132
        55            132              0        1.648200E-01   0.000000E+00         1.3735      Cs132
        55            133              0        1.195660E-01   0.000000E+00         0.9964      Cs133
        55            134              0        1.630720E-01   0.000000E+00         1.0192      Cs134
        55            135              0        1.003020E-01   0.000000E+00         0.7430      Cs135
        56            130              0        9.952770E-02   0.000000E+00         0.9953      Ba130
        56            134              0        7.782520E-02   0.000000E+00         0.9978      Ba134
        56            135              0        2.044560E-01   0.000000E+00         1.5145      Ba135
        56            136              0        8.244620E-02   0.000000E+00         0.9587      Ba136
        56            137              0        1.172350E-01   0.000000E+00         1.4654      Ba137
        56            138              0        5.050000E-02   0.000000E+00         0.9182      Ba138
        57            138              0        1.709170E-01   0.000000E+00         1.7991      La138
        57            139              0        5.243250E-02   0.000000E+00         0.9533      La139
        58            140              0        3.485470E-02   0.000000E+00         0.9958      Ce140
        59            141              0        8.341660E-02   0.000000E+00         0.9479      Pr141
        60            142              0        6.530740E-02   0.000000E+00         0.9747      Nd142
        60            143              0        7.163290E-02   0.000000E+00         0.8329      Nd143
        60            144              0        5.105330E-02   0.000000E+00         1.0862      Nd144
        60            145              0        8.388030E-02   0.000000E+00         1.4462      Nd145
        60            146              0        5.809090E-02   0.000000E+00         1.0562      Nd146
        60            148              0        4.745220E-02   0.000000E+00         1.1863      Nd148
        60            150              0        6.500000E-02   0.000000E+00         0.9701      Nd150
        61            147              0        6.721050E-02   0.000000E+00         0.9741      Pm147
        62            144              0        7.588330E-02   0.000000E+00         1.0254      Sm144
        62            147              0        7.407140E-02   0.000000E+00         1.0735      Sm147
        62            148              0        6.820960E-02   0.000000E+00         1.5502      Sm148
        62            149              0        7.268910E-02   0.000000E+00         1.1724      Sm149
        62            150              0        5.938280E-02   0.000000E+00         0.9897      Sm150
        62            151              0        1.021430E-01   0.000000E+00         1.0752      Sm151
        62            152              0        6.577780E-02   0.000000E+00         1.0963      Sm152
        62            154              0        7.933330E-02   0.000000E+00         1.0042      Sm154
        63            151              0        9.966020E-02   0.000000E+00         1.0833      Eu151
        63            152              0        1.572000E-01   0.000000E+00         0.9825      Eu152
        63            153              0        1.052600E-01   0.000000E+00         1.1080      Eu153
        63            154              0        1.264570E-01   0.000000E+00         0.9367      Eu154
        63            155              0        9.606270E-02   0.000000E+00         1.0007      Eu155
        64            152              0        6.855360E-02   0.000000E+00         1.2695      Gd152
        64            153              0        6.500000E-02   0.000000E+00         1.0000      Gd153
        64            154              0        6.994440E-02   0.000000E+00         0.9326      Gd154
        64            155              0        1.175660E-01   0.000000E+00         1.0886      Gd155
        64            156              0        7.795530E-02   0.000000E+00         0.8859      Gd156
        64            157              0        1.053700E-01   0.000000E+00         1.0863      Gd157
        64            158              0        9.403940E-02   0.000000E+00         0.8956      Gd158
        64            160              0        9.012200E-02   0.000000E+00         0.8119      Gd160
        65            159              0        1.006860E-01   0.000000E+00         1.0380      Tb159
        65            160              0        7.115700E-02   0.000000E+00         0.6650      Tb160
        65            161              0        6.483550E-02   0.000000E+00         0.6059      Tb161
        66            160              0        1.076000E-01   0.000000E+00         0.9963      Dy160
        66            161              0        1.131350E-01   0.000000E+00         1.0101      Dy161
        66            162              0        1.144120E-01   0.000000E+00         1.0215      Dy162
        66            163              0        1.123400E-01   0.000000E+00         0.9942      Dy163
        66            164              0        1.140000E-01   0.000000E+00         1.0000      Dy164
        67            165              0        9.660970E-02   0.000000E+00         1.2547      Ho165
        68            164              0        1.168700E-01   0.000000E+00         1.2174      Er164
        68            166              0        9.450000E-02   0.000000E+00         1.0272      Er166
        68            167              0        9.123980E-02   0.000000E+00         1.0368      Er167
        68            168              0        8.994000E-02   0.000000E+00         1.0581      Er168
        68            170              0        7.780000E-02   0.000000E+00         1.0628      Er170
        69            169              0        1.040620E-01   0.000000E+00         1.0728      Tm169
        69            170              0        1.038160E-01   0.000000E+00         0.8510      Tm170
        69            171              0        7.346960E-01   0.000000E+00         9.1837      Tm171
        70            168              0        6.435380E-02   0.000000E+00         0.9901      Yb168
        70            169              0        8.444820E-02   0.000000E+00         1.0556      Yb169
        70            170              0        8.552030E-02   0.000000E+00         1.2217      Yb170
        70            171              0        7.659450E-02   0.000000E+00         1.0213      Yb171
        70            172              0        7.233330E-02   0.000000E+00         0.9394      Yb172
        70            173              0        7.412120E-02   0.000000E+00         1.0016      Yb173
        70            174              0        8.300000E-02   0.000000E+00         1.0000      Yb174
        70            176              0        5.623630E-02   0.000000E+00         0.9373      Yb176
        71            173              0        7.347370E-02   0.000000E+00         0.9929      Lu173
        71            175              0        7.197110E-02   0.000000E+00         0.9347      Lu175
        71            176              0        5.776980E-02   0.000000E+00         0.9170      Lu176
        72            174              0        8.684360E-02   0.000000E+00         1.3178      Hf174
        72            176              0        5.456670E-02   0.000000E+00         0.9094      Hf176
        72            177              0        6.099320E-02   0.000000E+00         0.9241      Hf177
        72            178              0        3.500000E-03   0.000000E+00         0.0648      Hf178
        72            179              0        2.114380E-01   0.000000E+00         3.2036      Hf179
        72            180              0        5.457100E-02   0.000000E+00         1.0914      Hf180
        73            180              0        5.039350E-02   0.000000E+00         0.9881      Ta180
        73            181              0        6.596620E-02   0.000000E+00         1.1573      Ta181
        73            182              0        6.700000E-02   0.000000E+00         1.0000      Ta182
        74            180              0        3.873390E-02   0.000000E+00         0.5533      W180
        74            182              0        6.311780E-02   0.000000E+00         1.1476      W182
        74            183              0        7.582680E-02   0.000000E+00         0.9848      W183
        74            184              0        6.448020E-02   0.000000E+00         1.1312      W184
        74            186              0        5.395420E-02   0.000000E+00         1.0579      W186
        75            185              0        5.789320E-02   0.000000E+00         1.0157      Re185
        75            187              0        6.060010E-02   0.000000E+00         0.9934      Re187
        76            186              0        4.891910E-02   0.000000E+00         0.6611      Os186
        76            187              0        6.182190E-02   0.000000E+00         0.7025      Os187
        76            188              0        5.004300E-02   0.000000E+00         0.5381      Os188
        76            189              0        8.989800E-02   0.000000E+00         0.9772      Os189
        76            190              0        4.952930E-02   0.000000E+00         0.9525      Os190
        77            191              0        8.528180E-02   0.000000E+00         1.0529      Ir191
        77            192              0        8.121010E-02   0.000000E+00         0.8121      Ir192
        77            193              0        1.541690E-01   0.000000E+00         1.6577      Ir193
        78            192              0        8.164200E-02   0.000000E+00         1.3607      Pt192
        78            194              0        1.072360E-01   0.000000E+00         1.4894      Pt194
        78            195              0        1.351500E-01   0.000000E+00         1.1262      Pt195
        78            196              0        1.676010E-01   0.000000E+00         1.3967      Pt196
        79            197              0        1.283300E-01   0.000000E+00         1.0026      Au197
        80            198              0        1.500000E-01   0.000000E+00         1.2500      Hg198
        80            199              0        2.449740E-01   0.000000E+00         0.8304      Hg199
        80            200              0        4.097140E-01   0.000000E+00         0.9105      Hg200
        80            201              0        3.850000E-01   0.000000E+00         0.9625      Hg201
        80            202              0        6.556670E-01   0.000000E+00         0.9081      Hg202
        80            204              0        2.509000E+00   0.000000E+00         1.2672      Hg204
        81            203              0        6.739520E-01   0.000000E+00         0.9767      Tl203
        81            205              0        1.642830E+00   0.000000E+00         1.4935      Tl205
        82            204              0        6.682570E-01   0.000000E+00         0.9154      Pb204
        82            206              0        2.418500E+00   0.000000E+00         1.1517      Pb206
        82            207              0        7.455040E+00   0.000000E+00        12.4251      Pb207
        82            208              0        9.666670E-02   0.000000E+00         0.0439      Pb208
        83            209              0        6.180000E-02   0.000000E+00         1.0842      Bi209
        88            226              0        2.458830E-02   0.000000E+00         0.9457      Ra226
        90            228              0        5.437470E-02   0.000000E+00         1.5104      Th228
        90            229              0        3.811110E-02   0.000000E+00         0.8863      Th229
        90            230              0        2.710000E-02   0.000000E+00         1.0423      Th230
        90            232              0        2.389370E-02   0.000000E+00         0.9956      Th232
        91            231              0        4.015550E-02   0.000000E+00         1.0039      Pa231
        91            233              0        5.647620E-02   0.000000E+00         1.2016      Pa233
        92            233              0        3.905110E-02   0.000000E+00         0.9763      U233
        92            234              0        3.784000E-02   0.000000E+00         1.4554      U234
        92            235              0        4.203640E-02   0.000000E+00         1.1062      U235
        92            236              0        1.983460E-02   0.000000E+00         0.8624      U236
        92            238              0        2.326610E-02   0.000000E+00         0.9859      U238
        93            237              0        4.103420E-02   0.000000E+00         1.0057      Np237
        94            238              0        3.317100E-02   0.000000E+00         0.9756      Pu238
        94            239              0        4.057980E-02   0.000000E+00         0.9437      Pu239
        94            240              0        3.183380E-02   0.000000E+00         1.0269      Pu240
        94            241              0        4.091200E-02   0.000000E+00         1.0027      Pu241
        94            242              0        2.257120E-02   0.000000E+00         0.9814      Pu242
        94            244              0        2.000000E-02   0.000000E+00         1.0000      Pu244
        95            241              0        4.810320E-02   0.000000E+00         1.0457      Am241
        95            243              0        4.198040E-02   0.000000E+00         1.0764      Am243
        96            242              0        3.400000E-02   0.000000E+00         0.8947      Cm242
        96            243              0        4.000000E-02   0.000000E+00         1.0000      Cm243
        96            244              0        3.700000E-02   0.000000E+00         1.0278      Cm244
        96            245              0        4.000000E-02   0.000000E+00         1.0000      Cm245
        96            246              0        3.408820E-02   0.000000E+00         1.0026      Cm246
        96            247              0        4.002380E-02   0.000000E+00         1.0006      Cm247
        96            248              0        2.622730E-02   0.000000E+00         0.9367      Cm248
        97            249              0        3.630000E-02   0.000000E+00         1.0083      Bk249
        98            250              0        4.133330E-02   0.000000E+00         1.0081      Cf250
        98            251              0        4.200000E-02   0.000000E+00         1.0000      Cf251
