# header: 
#   title: (n,g)-m thermal cross section for jeff4.0
#   source: Resonancetables
#   date: 2025-12-15
# reaction: 
#   type: (n,g)-m
# quantity: 
#   type: thermal cross section
# datablock: 
#   columns: 7
#   entries: 98
##       Z              A            Liso           Value         dValue          Ratio         Nuclide
##      []             []             []             [b]            [b]            []             [%]
        21             45              0        7.388700E+00   0.000000E+00          0.6157      Sc045
        30             68              0        6.744100E-02   0.000000E+00          0.9367      Zn068
        30             70              0        7.973830E-03   0.000000E+00          0.9844      Zn070
        32             72              0        3.200150E-01   0.000000E+00          0.6400      Ge072
        32             74              0        1.093310E-01   0.000000E+00          0.7809      Ge074
        32             76              0        6.075980E-02   0.000000E+00          0.6751      Ge076
        34             76              0        1.626750E+01   0.000000E+00          0.8134      Se076
        34             78              0        2.017370E-01   0.000000E+00          0.5309      Se078
        34             80              0        5.214450E-02   0.000000E+00          0.7449      Se080
        34             82              0        2.066640E-02   0.000000E+00          0.5299      Se082
        35             79              0        1.969210E+00   0.000000E+00          0.8071      Br079
        35             81              0        1.237560E+00   0.000000E+00          0.5244      Br081
        36             78              0        1.734520E-01   0.000000E+00          1.0203      Kr078
        36             80              0        3.251460E+00   0.000000E+00          0.7068      Kr080
        36             82              0        8.415200E+00   0.000000E+00          0.5573      Kr082
        36             84              0        4.826170E-02   0.000000E+00          0.5362      Kr084
        37             85              0        4.932400E-02   0.000000E+00          0.8221      Rb085
        38             84              0        4.072090E-01   0.000000E+00          0.6787      Sr084
        38             86              0        4.506680E-01   0.000000E+00          0.5564      Sr086
        39             89              0        1.010060E-03   0.000000E+00          1.0101      Y089
        41             93              0        4.909860E-01   0.000000E+00          0.6295      Nb093
        41             94              0        5.667880E-01   0.000000E+00          0.9446      Nb094
        42             92              0        2.011660E-07   0.000000E+00          1.0058      Mo092
        45            103              0        8.375000E+00   0.000000E+00          0.7901      Rh103
        45            105              0        1.926710E+03   0.000000E+00          0.3853      Rh105
        46            106              0        1.243100E-02   0.000000E+00          0.9562      Pd106
        46            108              0        1.554600E-01   0.000000E+00          0.8403      Pd108
        46            110              0        1.244900E-02   0.000000E+00          0.3772      Pd110
        47            107              0        4.687000E-01   0.000000E+00          1.1432      Ag107
        47            109              0        4.572800E+00   0.000000E+00          1.1577      Ag109
        48            110              0        3.510000E-02   0.000000E+00          0.5850      Cd110
        48            112              0        2.750920E-02   0.000000E+00          0.9790      Cd112
        48            114              0        2.994300E-02   0.000000E+00          0.7486      Cd114
        48            116              0        1.889770E-02   0.000000E+00          0.7268      Cd116
        49            113              0        8.411500E+00   0.000000E+00          1.0385      In113
        49            115              0        1.195880E+02   0.000000E+00          0.7368      In115
        50            112              0        1.056000E-01   0.000000E+00          0.7040      Sn112
        50            116              0        5.543000E-03   0.000000E+00          0.9238      Sn116
        50            118              0        7.160990E-03   0.000000E+00          1.7902      Sn118
        50            120              0        1.898850E-03   0.000000E+00          1.8988      Sn120
        50            122              0        7.207380E-02   0.000000E+00          0.4805      Sn122
        50            124              0        6.583050E-02   0.000000E+00          0.5064      Sn124
        50            126              0        2.347020E-01   0.000000E+00          0.6018      Sn126
        51            121              0        5.433030E-02   0.000000E+00          0.9055      Sb121
        51            123              0        4.623210E-02   0.000000E+00          0.9435      Sb123
        52            120              0        2.969400E-01   0.000000E+00          1.1878      Te120
        52            122              0        3.806200E-01   0.000000E+00          0.3460      Te122
        52            124              0        7.498400E-01   0.000000E+00         14.9968      Te124
        52            126              0        4.886700E-02   0.000000E+00          0.8726      Te126
        52            128              0        1.822200E-02   0.000000E+00          1.1389      Te128
        52            130              0        9.508410E-03   0.000000E+00          0.3169      Te130
        53            129              0        1.120650E+01   0.000000E+00          0.6296      I129
        54            124              0        2.358300E+01   0.000000E+00          0.8422      Xe124
        54            126              0        2.269100E-01   0.000000E+00          0.9076      Xe126
        54            128              0        4.219000E-01   0.000000E+00          0.8790      Xe128
        54            130              0        3.983900E-01   0.000000E+00          0.8853      Xe130
        54            132              0        4.498210E-02   0.000000E+00          0.8996      Xe132
        54            134              0        2.965000E-03   0.000000E+00          0.9883      Xe134
        55            133              0        2.383700E+00   0.000000E+00          0.8829      Cs133
        56            130              0        5.766800E-01   0.000000E+00          0.5767      Ba130
        56            132              0        6.622100E-01   0.000000E+00          0.7883      Ba132
        56            134              0        1.230600E-01   0.000000E+00          1.2306      Ba134
        56            135              0        1.385970E-02   0.000000E+00          0.9900      Ba135
        56            136              0        2.223100E-02   0.000000E+00          2.2231      Ba136
        58            136              0        3.184700E-01   0.000000E+00          0.3185      Ce136
        58            138              0        4.496600E-02   0.000000E+00          2.4981      Ce138
        59            141              0        2.898090E+00   0.000000E+00          0.7431      Pr141
        61            147              0        7.154380E+01   0.000000E+00          0.9882      Pm147
        63            151              0        2.440290E+03   0.000000E+00          0.7372      Eu151
        66            164              0        1.030390E+03   0.000000E+00          0.6400      Dy164
        67            165              0        3.603730E+00   0.000000E+00          1.0296      Ho165
        68            166              0        7.964440E+00   0.000000E+00          0.5310      Er166
        71            175              0        9.745000E+00   0.000000E+00          0.5835      Lu175
        71            176              0        1.850100E+00   0.000000E+00          0.9251      Lu176
        72            177              0        1.729980E+00   0.000000E+00         17.2998      Hf177
        72            178              0        6.561250E+01   0.000000E+00          1.2380      Hf178
        72            179              0        5.509990E-01   0.000000E+00          1.2382      Hf179
        73            181              0        1.043060E+01   0.000000E+00     104306.0078      Ta181
        74            184              0        8.173820E-01   0.000000E+00        408.6910      W184
        75            185              0        3.389970E-01   0.000000E+00          1.0273      Re185
        75            187              0        1.994000E+00   0.000000E+00          0.9727      Re187
        76            189              0        2.994540E-04   0.000000E+00          1.1517      Os189
        76            190              0        7.732810E+00   0.000000E+00          0.8563      Os190
        77            191              0        3.851490E+02   0.000000E+00          0.5971      Ir191
        77            193              0        3.090000E+00   0.000000E+00       1544.9999      Ir193
        78            192              0        1.804980E+00   0.000000E+00          0.9025      Pt192
        78            194              0        3.516010E-02   0.000000E+00          0.3516      Pt194
        78            196              0        4.088100E-02   0.000000E+00          0.9291      Pt196
        78            198              0        3.379100E-01   0.000000E+00         12.5152      Pt198
        79            197              0        4.959110E-04   0.000000E+00          0.0099      Au197
        80            194              0        2.103100E+00   0.000000E+00          0.0429      Hg194
        80            196              0        1.033600E+02   0.000000E+00          0.9844      Hg196
        80            198              0        1.800000E-02   0.000000E+00          1.0588      Hg198
        83            209              0        1.614980E-02   0.000000E+00          0.8874      Bi209
        93            239              0        2.598900E+01   0.000000E+00          0.8122      Np239
        95            241              0        6.694000E+01   0.000000E+00          1.1157      Am241
        95            243              0        7.145740E+01   0.000000E+00          0.9528      Am243
        99            253              0        1.779960E+02   0.000000E+00          1.0000      Es253
