# header: 
#   title: (n,g)-m thermal cross section for jendl5.0
#   source: Resonancetables
#   date: 2025-12-18
# reaction: 
#   type: (n,g)-m
# quantity: 
#   type: thermal cross section
# datablock: 
#   columns: 7
#   entries: 39
##       Z              A            Liso           Value         dValue          Ratio         Nuclide
##      []             []             []             [b]            [b]            []             [%]
        11             23              0        3.988590E-01   0.000000E+00          0.9276      Na023
        17             37              0        1.560110E-02   0.000000E+00          0.3120      Cl037
        27             59              0        2.624480E+01   0.000000E+00          1.2865      Co059
        30             68              0        6.486010E-02   0.000000E+00          0.9008      Zn068
        34             78              0        2.339250E-01   0.000000E+00          0.6156      Se078
        35             79              0        2.037890E+00   0.000000E+00          0.8352      Br079
        36             80              0        7.015810E+00   0.000000E+00          1.5252      Kr080
        36             84              0        9.208090E-02   0.000000E+00          1.0231      Kr084
        37             85              0        5.760600E-02   0.000000E+00          0.9601      Rb085
        39             89              0        1.010060E-03   0.000000E+00          1.0101      Y089
        42             92              0        2.011660E-07   0.000000E+00          1.0058      Mo092
        46            106              0        1.391600E-02   0.000000E+00          1.0705      Pd106
        48            110              0        6.896000E-01   0.000000E+00         11.4933      Cd110
        48            112              0        2.762970E-02   0.000000E+00          0.9833      Cd112
        48            114              0        3.752190E-02   0.000000E+00          0.9380      Cd114
        48            116              0        9.733400E-03   0.000000E+00          0.3744      Cd116
        49            113              0        8.411500E+00   0.000000E+00          1.0385      In113
        49            115              0        1.195880E+02   0.000000E+00          0.7368      In115
        50            112              0        2.893040E-01   0.000000E+00          1.9287      Sn112
        50            116              0        5.810000E-03   0.000000E+00          0.9683      Sn116
        51            121              0        5.991980E-02   0.000000E+00          0.9987      Sb121
        51            123              0        3.698310E-02   0.000000E+00          0.7548      Sb123
        53            129              0        1.780030E+01   0.000000E+00          1.0000      I129
        54            124              0        5.388000E+00   0.000000E+00          0.1924      Xe124
        54            126              0        3.873100E-01   0.000000E+00          1.5492      Xe126
        54            128              0        7.151990E-02   0.000000E+00          0.1490      Xe128
        54            130              0        2.267500E-01   0.000000E+00          0.5039      Xe130
        54            132              0        5.121040E-02   0.000000E+00          1.0242      Xe132
        54            134              0        2.920000E-03   0.000000E+00          0.9733      Xe134
        55            133              0        2.896000E+00   0.000000E+00          1.0726      Cs133
        59            141              0        2.365690E+00   0.000000E+00          0.6066      Pr141
        68            166              0        1.499530E+01   0.000000E+00          0.9997      Er166
        72            177              0        1.428990E+00   0.000000E+00         14.2899      Hf177
        72            178              0        5.993250E+01   0.000000E+00          1.1308      Hf178
        82            206              0        3.059990E-04   0.000000E+00          0.4857      Pb206
        83            209              0        6.014000E-03   0.000000E+00          0.3304      Bi209
        95            241              0        7.371300E+01   0.000000E+00          1.2285      Am241
        95            243              0        7.538890E+01   0.000000E+00          1.0052      Am243
        99            253              0        1.779960E+02   0.000000E+00          1.0000      Es253
