# header: 
#   title: (n,g)-m thermal cross section for Mughabghab-2018
#   source: Resonancetables
#   date: 2026-03-28
# reaction: 
#   type: (n,g)-m
# quantity: 
#   type: thermal cross section
# datablock: 
#   columns: 7
#   entries: 102
##       Z              A            Liso           Value         dValue          Ratio         Nuclide
##      []             []             []             [b]            [b]            []             []
        11             23              0        5.010000E-01   6.000000E-03          1.0000      Na023
        17             37              0        4.700000E-02   1.000000E-02          1.0000      Cl037
        21             45              0        9.800000E+00   1.100000E+00          1.0000      Sc045
        27             59              0        2.040000E+01   8.000000E-01          1.0000      Co059
        30             68              0        7.200000E-02   4.000000E-03          1.0000      Zn068
        30             70              0        8.700000E-03   5.000000E-04          1.0000      Zn070
        31             71              0        1.500000E-01   5.000000E-02          1.0000      Ga071
        32             70              0        2.800000E-01   7.000000E-02          1.0000      Ge070
        32             72              0        5.000000E-01   1.000000E-02          1.0000      Ge072
        32             74              0        1.400000E-01   1.000000E-02          1.0000      Ge074
        32             76              0        1.000000E-01   1.000000E-02          1.0000      Ge076
        34             76              0        2.000000E+01   1.000000E+00          1.0000      Se076
        34             78              0        3.800000E-01   2.000000E-02          1.0000      Se078
        34             80              0        5.700000E-02   3.000000E-03          1.0000      Se080
        34             82              0        3.900000E-02   3.000000E-03          1.0000      Se082
        35             79              0        2.440000E+00   8.000000E-02          1.0000      Br079
        35             81              0        2.360000E+00   5.000000E-02          1.0000      Br081
        36             78              0        1.800000E-01   3.000000E-02          1.0000      Kr078
        36             80              0        4.530000E+00   6.500000E-01          1.0000      Kr080
        36             82              0        1.510000E+01   2.700000E+00          1.0000      Kr082
        36             84              0        8.600000E-02   6.000000E-03          1.0000      Kr084
        37             85              0        5.600000E-02   3.000000E-03          1.0000      Rb085
        38             84              0        6.530000E-01   6.000000E-03          1.0000      Sr084
        38             86              0        7.910000E-01   1.800000E-02          1.0000      Sr086
        39             89              0        1.000000E-03   2.000000E-04          1.0000      Y089
        41             93              0        8.530000E-01   8.000000E-02          1.0000      Nb093
        41             94              0        6.000000E-01   1.000000E-01          1.0000      Nb094
        45            103              0        1.060000E+01   3.000000E-01          1.0000      Rh103
        45            105              0        5.000000E+03   1.000000E+03          1.0000      Rh105
        46            106              0        1.300000E-02   2.000000E-03          1.0000      Pd106
        46            108              0        1.850000E-01   1.000000E-02          1.0000      Pd108
        46            110              0        1.300000E-02   3.000000E-03          1.0000      Pd110
        47            107              0        4.100000E-01   8.000000E-02          1.0000      Ag107
        47            109              0        3.950000E+00   5.000000E-02          1.0000      Ag109
        48            110              0        3.500000E-02   2.000000E-03          1.0000      Cd110
        48            112              0        2.800000E-02   9.000000E-03          1.0000      Cd112
        48            114              0        3.600000E-02   7.000000E-03          1.0000      Cd114
        48            116              0        2.500000E-02   1.000000E-02          1.0000      Cd116
        49            113              0        8.100000E+00   3.000000E-01          1.0000      In113
        49            115              0        1.623000E+02   7.000000E-01          1.0000      In115
        50            112              0        1.400000E-01   2.600000E-02          1.0000      Sn112
        50            116              0        5.800000E-03   1.200000E-03          1.0000      Sn116
        50            118              0        7.400000E-03   2.000000E-03          1.0000      Sn118
        50            120              0        1.900000E-03   4.000000E-04          1.0000      Sn120
        50            122              0        1.420000E-01   4.000000E-03          1.0000      Sn122
        50            124              0        1.300000E-01   5.000000E-03          1.0000      Sn124
        50            126              0        3.900000E-01   1.000000E-01          1.0000      Sn126
        51            121              0        6.000000E-02   1.000000E-02          1.0000      Sb121
        51            123              0        4.900000E-02   1.000000E-02          1.0000      Sb123
        52            120              0        3.400000E-01   6.000000E-02          1.0000      Te120
        52            122              0        4.200000E-01   3.000000E-02          1.0000      Te122
        52            124              0        8.500000E-01   6.000000E-01          1.0000      Te124
        52            126              0        5.600000E-02   6.000000E-03          1.0000      Te126
        52            128              0        2.000000E-02   2.000000E-03          1.0000      Te128
        52            130              0        1.000000E-02   3.000000E-03          1.0000      Te130
        53            129              0        1.780000E+01   7.000000E-01          1.0000      I129
        54            124              0        2.800000E+01   5.000000E+00          1.0000      Xe124
        54            126              0        2.500000E-01   1.300000E-01          1.0000      Xe126
        54            128              0        4.800000E-01   1.000000E-01          1.0000      Xe128
        54            130              0        4.500000E-01   1.000000E-01          1.0000      Xe130
        54            132              0        5.000000E-02   1.000000E-02          1.0000      Xe132
        54            134              0        3.000000E-03   1.000000E-03          1.0000      Xe134
        55            132              0        2.600000E+00   1.000000E-01          1.0000      Cs132
        56            130              0        6.000000E-01   4.000000E-02          1.0000      Ba130
        56            132              0        7.200000E-01   3.000000E-02          1.0000      Ba132
        56            134              0        1.340000E-01   2.400000E-02          1.0000      Ba134
        56            135              0        1.390000E-02   7.000000E-04          1.0000      Ba135
        56            136              0        2.300000E-02   6.000000E-03          1.0000      Ba136
        58            136              0        3.440000E-01   1.400000E-02          1.0000      Ce136
        58            138              0        4.700000E-02   2.000000E-02          1.0000      Ce138
        59            141              0        3.900000E+00   3.000000E-01          1.0000      Pr141
        61            147              0        7.240000E+01   3.000000E+00          1.0000      Pm147
        63            151              0        3.310000E+03   2.000000E+02          1.0000      Eu151
        64            154              0        4.900000E-02   1.500000E-02          1.0000      Gd154
        66            164              0        1.610000E+03   2.400000E+02          1.0000      Dy164
        67            165              0        3.500000E+00   4.000000E-01          1.0000      Ho165
        68            166              0        1.500000E+01   2.000000E+00          1.0000      Er166
        69            169              0        8.200000E+00   1.700000E+00          1.0000      Tm169
        71            175              0        1.670000E+01   4.000000E-01          1.0000      Lu175
        72            178              0        5.300000E+01   6.000000E+00          1.0000      Hf178
        72            178              2        1.900000E+02   0.000000E+00          1.0000      Hf178n
        72            179              0        4.450000E-01   3.000000E-03          1.0000      Hf179
        74            184              0        2.000000E-03   1.000000E-03          1.0000      W184
        75            185              0        3.400000E-01   1.000000E-01          1.0000      Re185
        75            187              0        2.050000E+00   9.000000E-02          1.0000      Re187
        76            189              0        2.600000E-04   3.000000E-05          1.0000      Os189
        76            190              0        9.030000E+00   4.900000E-01          1.0000      Os190
        77            191              0        6.450000E+02   3.200000E+01          1.0000      Ir191
        77            193              0        3.400000E+00   7.000000E-01          1.0000      Ir193
        78            192              0        2.200000E+00   8.000000E-01          1.0000      Pt192
        78            194              0        3.600000E-02   4.000000E-03          1.0000      Pt194
        78            196              0        4.400000E-02   4.000000E-03          1.0000      Pt196
        78            198              0        3.500000E-01   4.000000E-02          1.0000      Pt198
        79            197              0        8.000000E-03   2.000000E-03          1.0000      Au197
        80            196              0        1.073000E+02   1.500000E+00          1.0000      Hg196
        80            198              0        1.800000E-02   4.000000E-03          1.0000      Hg198
        83            209              0        1.820000E-02   7.000000E-04          1.0000      Bi209
        84            210              0        3.000000E-02   0.000000E+00          1.0000      Po210
        91            233              0        2.010000E+01   3.200000E+00          1.0000      Pa233
        93            239              0        3.200000E+01   6.000000E+00          1.0000      Np239
        95            241              0        6.000000E+01   4.000000E+00          1.0000      Am241
        99            253              0        1.780000E+02   1.500000E+01          1.0000      Es253
