# header: 
#   title: D2 resonance data
#   source: Resonancetables
#   date: 2025-12-08
# reaction: 
#   type: D2
# quantity: 
#   type: resonance data
# datablock: 
#   columns: 12
#   entries: 28
##       Z              A            Liso           Value         dValue        Reference   Rel. dev. comp. Rel. dev. NDL Rel. dev. EXFOR Rel. dev. all  #Experiments      Nuclide
##      []             []             []            [eV]           [eV]            []             [%]            [%]            [%]            [%]            []             []
        12             24              0        1.100000E+05   1.400000E+04  Mughabghab-2018       0.00           0.00           0.00           0.00           0           Mg024 
        14             28              0        6.480000E+04   5.100000E+03  Mughabghab-2018       0.00           0.00           0.00           0.00           0           Si028 
        16             32              0        2.550000E+04   1.800000E+03  Mughabghab-2018       0.00           0.00           0.00          46.60           1           S032  
        16             34              0        2.200000E+04   2.000000E+03  R.F.Carlton           0.00           0.00           0.00           0.00           1           S034  
        18             40              0        3.100000E+04   3.000000E+03  R.R.Winters           0.00           0.00           0.00           0.00           1           Ar040 
        20             40              0        1.000000E+04   0.000000E+00  A.R.De L.Musgro       0.00           0.00          64.46          64.46           5           Ca040 
        24             52              0        9.000000E+03   4.000000E+02  Mughabghab-2018       0.00           0.00           0.00           0.00           0           Cr052 
        24             53              0        2.650000E+03   2.100000E+02  Mughabghab-2018       0.00           0.00           0.00           0.00           0           Cr053 
        25             55              0        0.000000E+00   0.000000E+00  J.B.Garg              0.00           0.00            NaN            NaN           1           Mn055 
        26             54              0        0.000000E+00   0.000000E+00  B.J.Allen             0.00           0.00            NaN            NaN           1           Fe054 
        26             56              0        5.000000E+03   0.000000E+00  B.J.Allen             0.00           0.00           0.00           0.00           1           Fe056 
        28             58              0        3.790000E+03   1.300000E+02  Mughabghab-2018       0.00           0.00           0.00           0.00           0           Ni058 
        29             63              0        0.000000E+00   0.000000E+00  M.S.Pandey            0.00           0.00            NaN            NaN           1           Cu063 
        29             65              0        0.000000E+00   0.000000E+00  M.S.Pandey            0.00           0.00            NaN            NaN           1           Cu065 
        30             66              0        0.000000E+00   0.000000E+00  J.B.Garg              0.00           0.00            NaN            NaN           1           Zn066 
        38             86              0        0.000000E+00   0.000000E+00  G.C.Hicks             0.00           0.00            NaN            NaN           1           Sr086 
        38             87              0        0.000000E+00   0.000000E+00  G.C.Hicks             0.00           0.00            NaN            NaN           1           Sr087 
        40             90              0        0.000000E+00   0.000000E+00  A.R.De L.Musgro       0.00           0.00            NaN            NaN           1           Zr090 
        45            103              0        0.000000E+00   0.000000E+00  L.C.Mihailescu        0.00           0.00            NaN            NaN           1           Rh103 
        70            170              0        5.400000E+00   0.000000E+00  H.Beer                0.00           0.00           0.00           0.00           1           Yb170 
        71            175              0        1.290000E+00   0.000000E+00  H.Beer                0.00           0.00           0.00           0.00           1           Lu175 
        72            174              0        3.330000E+00   9.300000E-01  G.Noguere             0.00           0.00           0.00           0.00           1           Hf174 
        72            176              0        7.470000E+00   5.400000E-01  G.Noguere             0.00           0.00           0.00           0.00           1           Hf176 
        72            177              0        9.000000E-01   6.000000E-02  G.Noguere             0.00           0.00           0.00           0.00           1           Hf177 
        72            178              0        1.312000E+01   1.800000E+00  G.Noguere             0.00           0.00           0.00           0.00           1           Hf178 
        72            179              0        1.610000E+00   8.000000E-02  G.Noguere             0.00           0.00           0.00           0.00           1           Hf179 
        72            180              0        3.060000E+01   6.100000E-01  G.Noguere             0.00           0.00           0.00           0.00           1           Hf180 
        90            232              0        0.000000E+00   0.000000E+00  N.Janeva              0.00           0.00          74.73          74.73           3           Th232 
