# header: 
#   title: D1 resonance data for cendl3.2
#   source: Resonancetables
#   date: 2025-12-18
# reaction: 
#   type: D1
# quantity: 
#   type: resonance data
# datablock: 
#   columns: 7
#   entries: 97
##       Z              A            Liso           Value         dValue          Ratio         Nuclide
##      []             []             []            [eV]           [eV]            []             [%]
        11             23              0        3.500000E+04   0.000000E+00         0.7000      Na023
        12             25              0        3.666670E+04   0.000000E+00         1.2222      Mg025
        13             27              0        4.447370E+04   0.000000E+00         1.6172      Al027
        14             28              0        1.250000E+05   0.000000E+00         1.6667      Si028
        14             29              0        8.125000E+04   0.000000E+00         0.9514      Si029
        14             30              0        1.000000E+05   0.000000E+00         0.9174      Si030
        16             32              0        7.456430E+04   0.000000E+00         1.6105      S032
        16             34              0        1.200000E+05   0.000000E+00         2.5263      S034
        20             40              0        2.083330E+04   0.000000E+00         1.3021      Ca040
        22             46              0        5.041670E+03   0.000000E+00         0.7525      Ti046
        22             47              0        7.142860E+03   0.000000E+00        15.1976      Ti047
        22             48              0        6.060610E+03   0.000000E+00         0.6966      Ti048
        22             49              0        1.384620E+04   0.000000E+00         9.2308      Ti049
        22             50              0        1.578950E+04   0.000000E+00         1.9023      Ti050
        24             50              0        5.000000E+03   0.000000E+00         1.3514      Cr050
        24             52              0        6.976740E+03   0.000000E+00         0.6774      Cr052
        24             53              0        4.800000E+03   0.000000E+00         1.5686      Cr053
        24             54              0        2.727270E+04   0.000000E+00         2.5974      Cr054
        25             55              0        1.162790E+03   0.000000E+00         0.9690      Mn055
        26             54              0        1.086960E+04   0.000000E+00         2.1739      Fe054
        26             56              0        6.071430E+03   0.000000E+00         0.7885      Fe056
        26             57              0        7.142860E+03   0.000000E+00         2.9762      Fe057
        26             58              0        7.142860E+03   0.000000E+00         1.4201      Fe058
        28             58              0        4.000000E+03   0.000000E+00         1.2500      Ni058
        28             60              0        2.319590E+03   0.000000E+00         0.6025      Ni060
        28             64              0        2.608700E+04   0.000000E+00         4.0134      Ni064
        29             63              0        2.763890E+03   0.000000E+00         9.0619      Cu063
        29             65              0        3.980000E+03   0.000000E+00         5.8102      Cu065
        30             64              0        1.065570E+03   0.000000E+00         0.9687      Zn064
        30             66              0        1.157020E+03   0.000000E+00         0.9889      Zn066
        30             67              0        4.430380E+02   0.000000E+00         3.6019      Zn067
        30             68              0        1.641790E+03   0.000000E+00         1.0072      Zn068
        30             70              0        2.800000E+03   0.000000E+00         1.4737      Zn070
        31             69              0        5.363640E+02   0.000000E+00         2.9798      Ga069
        31             71              0        9.333330E+02   0.000000E+00         8.2596      Ga071
        33             75              0        2.425000E+03   0.000000E+00        48.5000      As075
        34             76              0        1.800000E+03   0.000000E+00         9.0000      Se076
        34             77              0        3.000000E+02   0.000000E+00         5.5556      Se077
        34             78              0        3.000000E+03   0.000000E+00         6.0000      Se078
        34             80              0        3.333330E+03   0.000000E+00         1.5152      Se080
        36             84              0        2.439020E+03   0.000000E+00         1.4782      Kr084
        36             86              0        9.684850E+03   0.000000E+00         0.9589      Kr086
        37             85              0        4.032380E+02   0.000000E+00         4.7440      Rb085
        38             88              0        4.000000E+03   0.000000E+00         0.7407      Sr088
        39             89              0        1.785710E+03   0.000000E+00         1.3843      Y089
        40             90              0        3.053570E+03   0.000000E+00         1.2214      Zr090
        40             91              0        2.766970E+02   0.000000E+00         1.1068      Zr091
        40             92              0        1.245610E+03   0.000000E+00         0.8897      Zr092
        40             93              0        2.833330E+02   0.000000E+00         2.3611      Zr093
        40             94              0        1.528570E+03   0.000000E+00         0.9554      Zr094
        40             96              0        4.761900E+03   0.000000E+00         1.1905      Zr096
        41             93              0        1.186440E+02   0.000000E+00         2.3729      Nb093
        42             92              0        8.928570E+02   0.000000E+00         0.9921      Mo092
        42             94              0        4.878050E+02   0.000000E+00         0.9602      Mo094
        42             95              0        6.473700E+01   0.000000E+00         1.7036      Mo095
        42             96              0        3.392860E+02   0.000000E+00         0.9694      Mo096
        42             97              0        5.263160E+01   0.000000E+00         2.3923      Mo097
        42             98              0        3.047620E+02   0.000000E+00         1.0509      Mo098
        42            100              0        2.921350E+02   0.000000E+00         1.1236      Mo100
        43             99              0        2.120100E+01   0.000000E+00         3.1178      Tc099
        44            100              0        1.335960E+02   0.000000E+00         1.1617      Ru100
        44            102              0        1.126050E+02   0.000000E+00         1.0724      Ru102
        44            104              0        1.884750E+02   0.000000E+00         1.5706      Ru104
        45            103              0        3.284400E+01   0.000000E+00         2.5265      Rh103
        46            108              0        1.018520E+02   0.000000E+00         1.0721      Pd108
        47            107              0        4.274090E+01   0.000000E+00         4.2741      Ag107
        47            109              0        3.851370E+01   0.000000E+00         3.2364      Ag109
        48            113              0        1.047620E+02   0.000000E+00         9.5238      Cd113
        49            115              0        7.692310E+01   0.000000E+00        15.0830      In115
        50            114              0        2.777780E+02   0.000000E+00        99.2064      Sn114
        50            116              0        5.000000E+02   0.000000E+00         3.2258      Sn116
        50            117              0        2.611110E+02   0.000000E+00         8.4229      Sn117
        50            118              0        2.823530E+02   0.000000E+00         1.0458      Sn118
        50            120              0        4.069770E+02   0.000000E+00         0.9926      Sn120
        50            122              0        1.318180E+03   0.000000E+00         1.2798      Sn122
        51            121              0        9.523810E+01   0.000000E+00        14.2146      Sb121
        52            130              0        1.631580E+03   0.000000E+00         1.5688      Te130
        53            127              0        1.176470E+02   0.000000E+00        18.0995      I127
        54            136              0        1.441180E+04   0.000000E+00         1.5012      Xe136
        56            134              0        1.888390E+02   0.000000E+00         1.1585      Ba134
        56            136              0        4.660810E+02   0.000000E+00         0.8929      Ba136
        56            138              0        3.571430E+03   0.000000E+00         0.5283      Ba138
        57            139              0        3.225810E+02   0.000000E+00         2.0036      La139
        58            140              0        1.600000E+03   0.000000E+00         1.6000      Ce140
        60            142              0        4.126980E+02   0.000000E+00         1.0582      Nd142
        60            143              0        2.032690E+02   0.000000E+00         9.6795      Nd143
        60            144              0        3.636360E+02   0.000000E+00         1.8002      Nd144
        60            146              0        2.040820E+02   0.000000E+00         1.6866      Nd146
        62            144              0        2.380950E+02   0.000000E+00         0.8985      Sm144
        72            180              0        1.538460E+02   0.000000E+00         3.2321      Hf180
        82            204              0        1.250000E+03   0.000000E+00         1.8116      Pb204
        82            206              0        6.206900E+03   0.000000E+00         1.1494      Pb206
        82            207              0        4.846940E+03   0.000000E+00         1.0098      Pb207
        82            208              0        4.166670E+04   0.000000E+00         1.3889      Pb208
        83            209              0        2.272730E+03   0.000000E+00         2.1645      Bi209
        90            232              0        5.988020E+00   0.000000E+00         1.0149      Th232
        92            238              0        8.285000E+00   0.000000E+00         1.0760      U238
