# header: 
#   title: D1 resonance data for endfb8.1
#   source: Resonancetables
#   date: 2025-12-18
# reaction: 
#   type: D1
# quantity: 
#   type: resonance data
# datablock: 
#   columns: 7
#   entries: 116
##       Z              A            Liso           Value         dValue          Ratio         Nuclide
##      []             []             []            [eV]           [eV]            []             [%]
        10             20              0        3.144290E+05   0.000000E+00         3.8345      Ne020
        11             23              0        5.548890E+04   0.000000E+00         1.1098      Na023
        12             25              0        3.666670E+04   0.000000E+00         1.2222      Mg025
        13             27              0        4.447370E+04   0.000000E+00         1.6172      Al027
        16             32              0        7.456430E+04   0.000000E+00         1.6105      S032
        16             34              0        1.200000E+05   0.000000E+00         2.5263      S034
        17             37              0        1.090910E+04   0.000000E+00         1.4354      Cl037
        18             40              0        1.248120E+04   0.000000E+00         1.0948      Ar040
        19             39              0        3.984060E+03   0.000000E+00         0.7114      K039
        19             41              0        3.460210E+03   0.000000E+00         0.7209      K041
        21             45              0        9.059810E+02   0.000000E+00         1.0535      Sc045
        22             46              0        3.864680E+03   0.000000E+00         0.5768      Ti046
        22             47              0        1.498000E+04   0.000000E+00        31.8723      Ti047
        22             48              0        6.060610E+03   0.000000E+00         0.6966      Ti048
        22             49              0        7.534380E+03   0.000000E+00         5.0229      Ti049
        22             50              0        2.348000E+04   0.000000E+00         2.8289      Ti050
        24             50              0        3.974620E+03   0.000000E+00         1.0742      Cr050
        24             52              0        1.243480E+04   0.000000E+00         1.2073      Cr052
        24             53              0        2.220470E+03   0.000000E+00         0.7256      Cr053
        24             54              0        1.895450E+04   0.000000E+00         1.8052      Cr054
        25             55              0        1.068380E+03   0.000000E+00         0.8903      Mn055
        26             56              0        6.071430E+03   0.000000E+00         0.7885      Fe056
        26             58              0        5.833330E+03   0.000000E+00         1.1597      Fe058
        27             59              0        1.562500E+03   0.000000E+00         1.7361      Co059
        28             58              0        4.000000E+03   0.000000E+00         1.2500      Ni058
        28             60              0        3.404260E+03   0.000000E+00         0.8842      Ni060
        28             64              0        1.580000E+04   0.000000E+00         2.4308      Ni064
        30             64              0        1.065570E+03   0.000000E+00         0.9687      Zn064
        30             66              0        1.157020E+03   0.000000E+00         0.9889      Zn066
        30             67              0        4.430380E+02   0.000000E+00         3.6019      Zn067
        30             68              0        1.641790E+03   0.000000E+00         1.0072      Zn068
        30             70              0        2.800000E+03   0.000000E+00         1.4737      Zn070
        31             69              0        3.750000E+02   0.000000E+00         2.0833      Ga069
        31             71              0        9.333330E+02   0.000000E+00         8.2596      Ga071
        33             75              0        2.425000E+03   0.000000E+00        48.5000      As075
        34             76              0        1.800000E+03   0.000000E+00         9.0000      Se076
        34             77              0        3.000000E+02   0.000000E+00         5.5556      Se077
        34             78              0        3.000000E+03   0.000000E+00         6.0000      Se078
        34             80              0        3.333330E+03   0.000000E+00         1.5152      Se080
        35             81              0        1.403510E+02   0.000000E+00         2.3392      Br081
        36             84              0        2.857140E+03   0.000000E+00         1.7316      Kr084
        36             86              0        8.407080E+03   0.000000E+00         0.8324      Kr086
        37             85              0        8.553540E+01   0.000000E+00         1.0063      Rb085
        38             86              0        1.500000E+03   0.000000E+00         1.7857      Sr086
        39             89              0        1.500000E+03   0.000000E+00         1.1628      Y089
        40             90              0        3.030300E+03   0.000000E+00         1.2121      Zr090
        40             91              0        2.466980E+02   0.000000E+00         0.9868      Zr091
        40             92              0        1.423530E+03   0.000000E+00         1.0168      Zr092
        40             93              0        1.888890E+02   0.000000E+00         1.5741      Zr093
        40             94              0        1.719230E+03   0.000000E+00         1.0745      Zr094
        40             96              0        4.800000E+03   0.000000E+00         1.2000      Zr096
        41             93              0        1.186440E+02   0.000000E+00         2.3729      Nb093
        42             92              0        9.302330E+02   0.000000E+00         1.0336      Mo092
        42             94              0        4.878050E+02   0.000000E+00         0.9602      Mo094
        42             95              0        6.488480E+01   0.000000E+00         1.7075      Mo095
        42             96              0        3.392860E+02   0.000000E+00         0.9694      Mo096
        42             97              0        5.263160E+01   0.000000E+00         2.3923      Mo097
        42             98              0        3.047620E+02   0.000000E+00         1.0509      Mo098
        42            100              0        2.921350E+02   0.000000E+00         1.1236      Mo100
        43             99              0        2.463320E+01   0.000000E+00         3.6225      Tc099
        44            100              0        1.621620E+02   0.000000E+00         1.4101      Ru100
        44            102              0        1.126050E+02   0.000000E+00         1.0724      Ru102
        44            104              0        1.884750E+02   0.000000E+00         1.5706      Ru104
        46            104              0        6.696430E+01   0.000000E+00         0.8267      Pd104
        46            105              0        3.666960E+01   0.000000E+00         7.3339      Pd105
        46            106              0        8.108110E+01   0.000000E+00         0.9539      Pd106
        46            108              0        1.018520E+02   0.000000E+00         1.0721      Pd108
        46            110              0        1.000000E+02   0.000000E+00         1.3158      Pd110
        47            107              0        3.333330E+01   0.000000E+00         3.3333      Ag107
        47            109              0        3.129240E+01   0.000000E+00         2.6296      Ag109
        48            106              0        1.578950E+02   0.000000E+00         3.0364      Cd106
        48            108              0        1.363640E+02   0.000000E+00         1.4822      Cd108
        48            110              0        1.060610E+02   0.000000E+00         1.3258      Cd110
        48            111              0        3.108110E+01   0.000000E+00         2.2201      Cd111
        48            112              0        1.533330E+02   0.000000E+00         2.5989      Cd112
        48            113              0        4.761900E+01   0.000000E+00         4.3290      Cd113
        48            114              0        1.333330E+02   0.000000E+00         1.5326      Cd114
        48            116              0        2.714290E+02   0.000000E+00         1.2625      Cd116
        49            115              0        1.600000E+01   0.000000E+00         3.1373      In115
        50            114              0        2.857140E+02   0.000000E+00       102.0407      Sn114
        50            116              0        1.685390E+02   0.000000E+00         1.0873      Sn116
        50            117              0        5.897440E+01   0.000000E+00         1.9024      Sn117
        50            118              0        5.000000E+02   0.000000E+00         1.8519      Sn118
        50            120              0        3.623190E+02   0.000000E+00         0.8837      Sn120
        50            122              0        1.052630E+03   0.000000E+00         1.0220      Sn122
        50            124              0        2.072370E+03   0.000000E+00         1.2714      Sn124
        51            121              0        1.459460E+02   0.000000E+00        21.7830      Sb121
        52            122              0        6.666670E+01   0.000000E+00         1.1111      Te122
        52            124              0        1.027400E+02   0.000000E+00         0.7903      Te124
        52            125              0        3.297870E+01   0.000000E+00         1.6407      Te125
        52            126              0        3.090910E+02   0.000000E+00         1.5455      Te126
        52            128              0        7.758620E+02   0.000000E+00         1.5517      Te128
        52            130              0        1.631580E+03   0.000000E+00         1.5688      Te130
        53            127              0        3.139530E+01   0.000000E+00         4.8300      I127
        53            129              0        8.500000E+01   0.000000E+00         6.0284      I129
        54            136              0        1.441180E+04   0.000000E+00         1.5012      Xe136
        56            134              0        1.922730E+02   0.000000E+00         1.1796      Ba134
        56            136              0        4.268290E+02   0.000000E+00         0.8177      Ba136
        56            138              0        6.086960E+03   0.000000E+00         0.9004      Ba138
        57            139              0        3.225810E+02   0.000000E+00         2.0036      La139
        58            140              0        1.212120E+03   0.000000E+00         1.2121      Ce140
        59            141              0        9.401870E+01   0.000000E+00         0.9040      Pr141
        60            142              0        4.504000E+02   0.000000E+00         1.1549      Nd142
        60            143              0        2.116540E+02   0.000000E+00        10.0788      Nd143
        60            144              0        2.850000E+02   0.000000E+00         1.4109      Nd144
        60            146              0        2.235290E+02   0.000000E+00         1.8473      Nd146
        62            144              0        2.208330E+02   0.000000E+00         0.8333      Sm144
        81            203              0        3.494440E+02   0.000000E+00         1.7472      Tl203
        81            205              0        9.960120E+02   0.000000E+00         0.8737      Tl205
        82            204              0        1.250000E+03   0.000000E+00         1.8116      Pb204
        82            206              0        5.056180E+03   0.000000E+00         0.9363      Pb206
        82            207              0        4.625850E+03   0.000000E+00         0.9637      Pb207
        82            208              0        4.285710E+04   0.000000E+00         1.4286      Pb208
        83            209              0        2.272730E+03   0.000000E+00         2.1645      Bi209
        90            232              0        5.988020E+00   0.000000E+00         1.0149      Th232
        92            238              0        8.278150E+00   0.000000E+00         1.0751      U238
