# header: 
#   title: D1 resonance data for jendl5.0
#   source: Resonancetables
#   date: 2025-09-14
# reaction: 
#   type: D1
# quantity: 
#   type: resonance data
# datablock: 
#   columns: 7
#   entries: 124
##       Z              A            Liso           Value         dValue          Ratio         Nuclide
##      []             []             []            [eV]           [eV]            []             [%]
        10             20              0        3.285710E+05   0.000000E+00         4.0070      Ne020
        12             25              0        3.666670E+04   0.000000E+00         1.2222      Mg025
        13             27              0        1.050000E+05   0.000000E+00         3.8182      Al027
        14             28              0        1.250000E+05   0.000000E+00         1.6667      Si028
        14             29              0        8.125000E+04   0.000000E+00         0.9514      Si029
        14             30              0        1.000000E+05   0.000000E+00         0.9174      Si030
        16             32              0        7.456430E+04   0.000000E+00         1.6105      S032
        16             34              0        1.200000E+05   0.000000E+00         2.5263      S034
        17             37              0        1.090910E+04   0.000000E+00         1.4354      Cl037
        18             40              0        1.248120E+04   0.000000E+00         1.0948      Ar040
        19             39              0        3.984060E+03   0.000000E+00         0.7114      K039
        19             41              0        3.460210E+03   0.000000E+00         0.7209      K041
        20             40              0        2.083330E+04   0.000000E+00         1.3021      Ca040
        21             45              0        8.928570E+02   0.000000E+00         1.0382      Sc045
        22             46              0        3.864680E+03   0.000000E+00         0.5768      Ti046
        22             47              0        1.600000E+04   0.000000E+00        34.0426      Ti047
        22             48              0        6.060610E+03   0.000000E+00         0.6966      Ti048
        22             49              0        7.534380E+03   0.000000E+00         5.0229      Ti049
        22             50              0        2.348000E+04   0.000000E+00         2.8289      Ti050
        23             51              0        2.439020E+03   0.000000E+00         1.4347      V051
        24             50              0        3.974620E+03   0.000000E+00         1.0742      Cr050
        24             52              0        1.243480E+04   0.000000E+00         1.2073      Cr052
        24             53              0        2.229250E+03   0.000000E+00         0.7285      Cr053
        24             54              0        1.895450E+04   0.000000E+00         1.8052      Cr054
        25             55              0        1.068380E+03   0.000000E+00         0.8903      Mn055
        26             56              0        6.028370E+03   0.000000E+00         0.7829      Fe056
        26             58              0        5.833330E+03   0.000000E+00         1.1597      Fe058
        27             59              0        1.562500E+03   0.000000E+00         1.7361      Co059
        28             58              0        4.000000E+03   0.000000E+00         1.2500      Ni058
        28             60              0        3.404260E+03   0.000000E+00         0.8842      Ni060
        28             64              0        1.580000E+04   0.000000E+00         2.4308      Ni064
        29             63              0        2.763890E+03   0.000000E+00         9.0619      Cu063
        29             65              0        3.980000E+03   0.000000E+00         5.8102      Cu065
        30             64              0        1.065570E+03   0.000000E+00         0.9687      Zn064
        30             66              0        1.157020E+03   0.000000E+00         0.9889      Zn066
        30             67              0        4.430380E+02   0.000000E+00         3.6019      Zn067
        30             68              0        1.641790E+03   0.000000E+00         1.0072      Zn068
        30             70              0        2.800000E+03   0.000000E+00         1.4737      Zn070
        31             69              0        5.363640E+02   0.000000E+00         2.9798      Ga069
        31             71              0        9.333330E+02   0.000000E+00         8.2596      Ga071
        33             75              0        2.425000E+03   0.000000E+00        48.5000      As075
        34             76              0        1.800000E+03   0.000000E+00         9.0000      Se076
        34             77              0        2.076920E+02   0.000000E+00         3.8461      Se077
        34             78              0        3.000000E+03   0.000000E+00         6.0000      Se078
        34             80              0        3.333330E+03   0.000000E+00         1.5152      Se080
        36             86              0        9.696970E+03   0.000000E+00         0.9601      Kr086
        37             85              0        4.032380E+02   0.000000E+00         4.7440      Rb085
        38             88              0        4.054050E+03   0.000000E+00         0.7508      Sr088
        39             89              0        1.250000E+03   0.000000E+00         0.9690      Y089
        40             90              0        2.850000E+03   0.000000E+00         1.1400      Zr090
        40             91              0        2.476190E+02   0.000000E+00         0.9905      Zr091
        40             92              0        1.203390E+03   0.000000E+00         0.8596      Zr092
        40             93              0        1.942860E+02   0.000000E+00         1.6190      Zr093
        40             94              0        1.475000E+03   0.000000E+00         0.9219      Zr094
        40             96              0        4.761900E+03   0.000000E+00         1.1905      Zr096
        41             93              0        1.166670E+02   0.000000E+00         2.3333      Nb093
        42             92              0        8.928570E+02   0.000000E+00         0.9921      Mo092
        42             94              0        4.761900E+02   0.000000E+00         0.9374      Mo094
        42             95              0        6.250000E+01   0.000000E+00         1.6447      Mo095
        42             96              0        3.392860E+02   0.000000E+00         0.9694      Mo096
        42             97              0        4.500000E+01   0.000000E+00         2.0455      Mo097
        42             98              0        3.047620E+02   0.000000E+00         1.0509      Mo098
        42            100              0        2.921350E+02   0.000000E+00         1.1236      Mo100
        43             99              0        4.761900E+01   0.000000E+00         7.0028      Tc099
        44            100              0        1.335960E+02   0.000000E+00         1.1617      Ru100
        44            102              0        1.135590E+02   0.000000E+00         1.0815      Ru102
        44            104              0        1.884750E+02   0.000000E+00         1.5706      Ru104
        45            103              0        3.360000E+01   0.000000E+00         2.5846      Rh103
        46            104              0        1.175840E+02   0.000000E+00         1.4517      Pd104
        46            105              0        3.939420E+01   0.000000E+00         7.8788      Pd105
        46            106              0        1.064680E+02   0.000000E+00         1.2526      Pd106
        46            108              0        4.090910E+02   0.000000E+00         4.3062      Pd108
        46            110              0        5.714290E+02   0.000000E+00         7.5188      Pd110
        47            107              0        3.369950E+01   0.000000E+00         3.3700      Ag107
        47            109              0        3.504750E+01   0.000000E+00         2.9452      Ag109
        48            106              0        7.000000E+02   0.000000E+00        13.4615      Cd106
        48            108              0        3.800000E+02   0.000000E+00         4.1304      Cd108
        48            110              0        1.400000E+02   0.000000E+00         1.7500      Cd110
        48            111              0        5.625000E+01   0.000000E+00         4.0179      Cd111
        48            112              0        1.428570E+02   0.000000E+00         2.4213      Cd112
        48            113              0        2.380950E+01   0.000000E+00         2.1645      Cd113
        48            114              0        1.739130E+02   0.000000E+00         1.9990      Cd114
        48            116              0        3.750000E+02   0.000000E+00         1.7442      Cd116
        49            115              0        3.846150E+01   0.000000E+00         7.5415      In115
        50            114              0        2.777780E+02   0.000000E+00        99.2064      Sn114
        50            116              0        1.885100E+02   0.000000E+00         1.2162      Sn116
        50            117              0        6.184210E+01   0.000000E+00         1.9949      Sn117
        50            118              0        2.941180E+02   0.000000E+00         1.0893      Sn118
        50            120              0        5.035970E+02   0.000000E+00         1.2283      Sn120
        50            122              0        1.025640E+03   0.000000E+00         0.9958      Sn122
        50            124              0        1.666670E+03   0.000000E+00         1.0225      Sn124
        51            121              0        6.451610E+01   0.000000E+00         9.6293      Sb121
        52            122              0        6.666670E+01   0.000000E+00         1.1111      Te122
        52            124              0        1.244810E+02   0.000000E+00         0.9575      Te124
        52            125              0        4.827590E+01   0.000000E+00         2.4018      Te125
        52            126              0        2.803740E+02   0.000000E+00         1.4019      Te126
        52            128              0        8.888890E+02   0.000000E+00         1.7778      Te128
        52            130              0        1.794120E+03   0.000000E+00         1.7251      Te130
        53            127              0        2.561580E+01   0.000000E+00         3.9409      I127
        53            129              0        3.695650E+01   0.000000E+00         2.6210      I129
        54            136              0        1.580650E+04   0.000000E+00         1.6465      Xe136
        56            134              0        1.922730E+02   0.000000E+00         1.1796      Ba134
        56            136              0        5.562900E+02   0.000000E+00         1.0657      Ba136
        56            138              0        3.571430E+03   0.000000E+00         0.5283      Ba138
        57            139              0        2.542370E+02   0.000000E+00         1.5791      La139
        58            140              0        1.600000E+03   0.000000E+00         1.6000      Ce140
        59            141              0        1.041420E+02   0.000000E+00         1.0014      Pr141
        60            142              0        4.561400E+02   0.000000E+00         1.1696      Nd142
        60            143              0        1.351350E+02   0.000000E+00         6.4350      Nd143
        60            144              0        3.636360E+02   0.000000E+00         1.8002      Nd144
        60            146              0        2.040820E+02   0.000000E+00         1.6866      Nd146
        62            144              0        2.380950E+02   0.000000E+00         0.8985      Sm144
        80            200              0        3.125000E+02   0.000000E+00         1.5625      Hg200
        80            202              0        1.176470E+03   0.000000E+00         0.9050      Hg202
        80            204              0        5.000000E+03   0.000000E+00         1.2136      Hg204
        81            203              0        3.494440E+02   0.000000E+00         1.7472      Tl203
        81            205              0        9.960120E+02   0.000000E+00         0.8737      Tl205
        82            204              0        5.172410E+02   0.000000E+00         0.7496      Pb204
        82            206              0        5.256410E+03   0.000000E+00         0.9734      Pb206
        82            207              0        4.415580E+03   0.000000E+00         0.9199      Pb207
        82            208              0        3.846150E+04   0.000000E+00         1.2821      Pb208
        83            209              0        4.255320E+03   0.000000E+00         4.0527      Bi209
        90            232              0        5.988020E+00   0.000000E+00         1.0149      Th232
        92            238              0        8.278150E+00   0.000000E+00         1.0751      U238
