# header:
#   title: D1 resonance data for Mughabghab-2018
#   source: Resonancetables
#   date: 2025-05-27
# reaction:
#   type: D1
# quantity:
#   type: resonance data
# datablock:
#   columns: 7
#   entries: 127
##       Z              A            Liso           Value         dValue          Ratio         Nuclide
##      []             []             []            [eV]           [eV]            []             []
         8             16              0        4.500000E+05   6.300000E+04   1.000000E+00      O016                                                                                                    
         9             19              0        6.000000E+04   1.000000E+04   1.000000E+00      F019                                                                                                    
        10             20              0        8.200000E+04   1.200000E+04   1.000000E+00      Ne020                                                                                                   
        11             23              0        5.400000E+04   7.000000E+03   1.080000E+00      Na023                                                                                                   
        12             24              0        1.580000E+05   2.400000E+04   9.875000E-01      Mg024                                                                                                   
        12             25              0        2.490000E+04   4.400000E+03   8.300000E-01      Mg025                                                                                                   
        13             27              0        2.840000E+04   2.600000E+03   1.032727E+00      Al027                                                                                                   
        14             28              0        1.090000E+05   1.100000E+04   1.453333E+00      Si028                                                                                                   
        14             29              0        5.240000E+04   5.400000E+03   6.135831E-01      Si029                                                                                                   
        14             30              0        7.080000E+04   7.900000E+03   6.495413E-01      Si030                                                                                                   
        15             31              0        2.150000E+04   2.200000E+03   1.075000E+00      P031                                                                                                    
        16             32              0        4.630000E+04   4.100000E+03   1.000000E+00      S032                                                                                                    
        16             33              0        9.350000E+03   8.900000E+02   1.000000E+00      S033                                                                                                    
        16             34              0        4.750000E+04   4.000000E+03   1.000000E+00      S034                                                                                                    
        17             35              0        6.600000E+03   4.000000E+02   1.000000E+00      Cl035                                                                                                   
        17             37              0        6.600000E+03   7.000000E+02   8.684211E-01      Cl037                                                                                                   
        18             40              0        1.140000E+04   5.000000E+02   1.000000E+00      Ar040                                                                                                   
        19             39              0        3.300000E+03   2.000000E+02   5.892857E-01      K039                                                                                                    
        19             41              0        7.400000E+03   7.000000E+02   1.541667E+00      K041                                                                                                    
        20             40              0        1.600000E+04   1.000000E+03   1.000000E+00      Ca040                                                                                                   
        22             46              0        6.700000E+03   5.000000E+02   1.000000E+00      Ti046                                                                                                   
        22             47              0        4.700000E+02   6.000000E+01   1.000000E+00      Ti047                                                                                                   
        22             48              0        8.700000E+03   8.700000E+02   1.000000E+00      Ti048                                                                                                   
        22             49              0        1.500000E+03   2.000000E+02   1.000000E+00      Ti049                                                                                                   
        23             51              0        1.700000E+03   1.400000E+02   1.000000E+00      V051                                                                                                    
        24             52              0        1.050000E+04   5.000000E+02   1.019418E+00      Cr052                                                                                                   
        24             53              0        3.060000E+03   2.000000E+02   1.000000E+00      Cr053                                                                                                   
        24             54              0        7.720000E+03   3.600000E+02   7.352381E-01      Cr054                                                                                                   
        25             55              0        1.100000E+03   1.000000E+02   9.166667E-01      Mn055                                                                                                   
        26             54              0        4.750000E+03   1.500000E+02   9.500000E-01      Fe054                                                                                                   
        26             56              0        8.210000E+03   4.800000E+02   1.066234E+00      Fe056                                                                                                   
        26             57              0        2.580000E+03   2.600000E+02   1.075000E+00      Fe057                                                                                                   
        26             58              0        5.030000E+03   3.000000E+02   1.000000E+00      Fe058                                                                                                   
        27             59              0        9.000000E+02   4.700000E+01   1.000000E+00      Co059                                                                                                   
        28             58              0        4.040000E+03   1.400000E+02   1.262500E+00      Ni058                                                                                                   
        28             64              0        9.200000E+03   6.000000E+02   1.415385E+00      Ni064                                                                                                   
        29             63              0        4.040000E+02   2.200000E+01   1.324590E+00      Cu063                                                                                                   
        29             65              0        6.280000E+02   3.900000E+01   9.167883E-01      Cu065                                                                                                   
        30             64              0        1.000000E+03   5.000000E+01   9.090909E-01      Zn064                                                                                                   
        30             66              0        8.400000E+02   5.000000E+01   7.179487E-01      Zn066                                                                                                   
        30             67              0        1.230000E+02   5.000000E+00   1.000000E+00      Zn067                                                                                                   
        30             68              0        1.267000E+03   3.700000E+01   7.773006E-01      Zn068                                                                                                   
        30             70              0        2.000000E+03   8.000000E+01   1.052632E+00      Zn070                                                                                                   
        31             69              0        1.230000E+02   6.000000E+01   6.833333E-01      Ga069                                                                                                   
        31             71              0        1.130000E+02   1.100000E+01   1.000000E+00      Ga071                                                                                                   
        33             75              0        4.660000E+01   2.600000E+00   9.320000E-01      As075                                                                                                   
        34             76              0        2.360000E+02   3.300000E+01   1.180000E+00      Se076                                                                                                   
        34             77              0        5.400000E+01   5.000000E+00   1.000000E+00      Se077                                                                                                   
        34             78              0        5.150000E+02   3.500000E+02   1.030000E+00      Se078                                                                                                   
        34             80              0        2.200000E+03   1.600000E+03   1.000000E+00      Se080                                                                                                   
        35             79              0        3.150000E+01   1.400000E+00   1.166667E+00      Br079                                                                                                   
        35             81              0        5.900000E+01   4.000000E+00   9.833333E-01      Br081                                                                                                   
        36             84              0        1.650000E+03   1.650000E+02   1.000000E+00      Kr084                                                                                                   
        36             86              0        8.390000E+03   4.000000E+02   8.306931E-01      Kr086                                                                                                   
        37             85              0        6.300000E+01   2.000000E+00   7.411765E-01      Rb085                                                                                                   
        38             86              0        8.400000E+02   1.450000E+02   1.000000E+00      Sr086                                                                                                   
        38             87              0        1.180000E+02   1.100000E+01   7.564102E-01      Sr087                                                                                                   
        38             88              0        8.700000E+03   1.100000E+03   1.611111E+00      Sr088                                                                                                   
        39             89              0        1.423000E+03   4.300000E+01   1.103101E+00      Y089                                                                                                    
        40             90              0        3.660000E+03   4.000000E+02   1.464000E+00      Zr090                                                                                                   
        40             91              0        2.430000E+02   1.400000E+01   9.720000E-01      Zr091                                                                                                   
        40             92              0        1.535000E+03   9.000000E+01   1.096429E+00      Zr092                                                                                                   
        40             93              0        1.570000E+02   1.500000E+01   1.308333E+00      Zr093                                                                                                   
        40             94              0        1.236000E+03   7.400000E+01   7.725000E-01      Zr094                                                                                                   
        40             96              0        4.500000E+03   5.000000E+02   1.125000E+00      Zr096                                                                                                   
        41             93              0        4.550000E+01   1.600000E+00   9.100000E-01      Nb093                                                                                                   
        42             92              0        7.800000E+02   6.700000E+01   8.666667E-01      Mo092                                                                                                   
        42             94              0        4.500000E+02   4.000000E+01   8.858267E-01      Mo094                                                                                                   
        42             95              0        3.680000E+01   4.300000E+00   9.684210E-01      Mo095                                                                                                   
        42             96              0        3.240000E+02   2.500000E+01   9.257143E-01      Mo096                                                                                                   
        42             97              0        2.100000E+01   2.500000E+00   9.545454E-01      Mo097                                                                                                   
        42             98              0        2.860000E+02   1.400000E+01   9.862069E-01      Mo098                                                                                                   
        42            100              0        2.360000E+02   2.100000E+01   9.076923E-01      Mo100                                                                                                   
        43             99              0        6.800000E+00   3.000000E-01   1.000000E+00      Tc099                                                                                                   
        44            100              0        1.217000E+02   7.700000E+00   1.058261E+00      Ru100                                                                                                   
        44            102              0        1.273000E+02   6.700000E+00   1.212381E+00      Ru102                                                                                                   
        44            104              0        1.444000E+02   9.200000E+00   1.203333E+00      Ru104                                                                                                   
        45            103              0        1.440000E+01   6.000000E-01   1.107692E+00      Rh103                                                                                                   
        46            104              0        7.380000E+01   3.700000E+00   9.111112E-01      Pd104                                                                                                   
        46            105              0        5.070000E+00   7.600000E-01   1.014000E+00      Pd105                                                                                                   
        46            106              0        6.400000E+01   4.000000E+00   7.529412E-01      Pd106                                                                                                   
        46            108              0        1.030000E+02   6.000000E+00   1.084211E+00      Pd108                                                                                                   
        46            110              0        1.060000E+02   9.000000E+00   1.394737E+00      Pd110                                                                                                   
        47            107              0        9.460000E+00   5.000000E-01   9.460000E-01      Ag107                                                                                                   
        47            109              0        1.190000E+01   6.000000E-01   1.000000E+00      Ag109                                                                                                   
        48            106              0        5.200000E+01   6.000000E+00   1.000000E+00      Cd106                                                                                                   
        48            108              0        4.800000E+01   3.000000E+00   5.217391E-01      Cd108                                                                                                   
        48            111              0        1.410000E+01   9.000000E-01   1.007143E+00      Cd111                                                                                                   
        48            112              0        7.730000E+01   4.800000E+00   1.310170E+00      Cd112                                                                                                   
        48            113              0        1.430000E+01   7.000000E-01   1.300000E+00      Cd113                                                                                                   
        48            114              0        1.030000E+02   8.000000E+00   1.183908E+00      Cd114                                                                                                   
        48            116              0        2.150000E+02   2.000000E+01   1.000000E+00      Cd116                                                                                                   
        49            115              0        5.650000E+00   2.800000E-01   1.107843E+00      In115                                                                                                   
        50            114              0        2.800000E+00   3.000000E-01   1.000000E+00      Sn114                                                                                                   
        50            116              0        1.550000E+02   6.000000E+00   1.000000E-01      Sn116                                                                                                   
        50            117              0        3.100000E+01   3.000000E+00   1.000000E+00      Sn117                                                                                                   
        50            118              0        2.700000E+02   2.800000E+01   1.000000E+00      Sn118                                                                                                   
        50            120              0        3.780000E+02   1.300000E+01   9.219512E-01      Sn120                                                                                                   
        50            122              0        1.030000E+03   3.000000E+01   1.000000E+00      Sn122                                                                                                   
        50            124              0        1.590000E+03   7.000000E+01   9.754601E-01      Sn124                                                                                                   
        51            121              0        6.700000E+00   1.000000E+00   1.000000E+00      Sb121                                                                                                   
        52            122              0        4.440000E+01   2.300000E+00   7.400000E-01      Te122                                                                                                   
        52            124              0        1.060000E+02   9.000000E+00   8.153846E-01      Te124                                                                                                   
        52            125              0        2.010000E+01   2.400000E+00   1.000000E+00      Te125                                                                                                   
        52            126              0        1.970000E+02   1.500000E+01   9.850000E-01      Te126                                                                                                   
        52            128              0        5.700000E+02   6.400000E+01   1.140000E+00      Te128                                                                                                   
        52            130              0        1.130000E+03   1.800000E+02   1.086538E+00      Te130                                                                                                   
        54            136              0        1.090000E+04   8.300000E+02   1.135417E+00      Xe136                                                                                                   
        56            134              0        1.200000E+02   9.000000E+00   7.361963E-01      Ba134                                                                                                   
        56            136              0        4.420000E+02   2.900000E+01   8.467433E-01      Ba136                                                                                                   
        57            139              0        1.610000E+02   2.000000E+01   1.000000E+00      La139                                                                                                   
        58            140              0        1.550000E+03   1.100000E+02   1.550000E+00      Ce140                                                                                                   
        60            142              0        3.900000E+02   3.300000E+01   1.000000E+00      Nd142                                                                                                   
        60            143              0        2.120000E+01   4.100000E+00   1.009524E+00      Nd143                                                                                                   
        60            144              0        2.020000E+02   1.400000E+01   1.000000E+00      Nd144                                                                                                   
        60            146              0        1.210000E+02   1.500000E+01   1.000000E+00      Nd146                                                                                                   
        62            144              0        2.290000E+02   1.800000E+01   8.641509E-01      Sm144                                                                                                   
        80            200              0        1.800000E+02   2.200000E+01   9.000000E-01      Hg200                                                                                                   
        80            202              0        1.300000E+03   1.400000E+02   1.000000E+00      Hg202                                                                                                   
        80            204              0        4.120000E+03   6.200000E+02   1.000000E+00      Hg204                                                                                                   
        81            203              0        2.440000E+02   2.300000E+01   1.220000E+00      Tl203                                                                                                   
        81            205              0        1.140000E+00   8.000000E-02   9.999999E-04      Tl205                                                                                                   
        82            204              0        6.900000E+02   5.500000E+01   1.000000E+00      Pb204                                                                                                   
        82            206              0        4.780000E+03   2.100000E+02   8.851852E-01      Pb206                                                                                                   
        82            207              0        4.650000E+03   5.200000E+02   9.687500E-01      Pb207                                                                                                   
        83            209              0        2.500000E+03   5.000000E+02   2.380952E+00      Bi209                                                                                                   
        92            238              0        7.420000E+00   2.300000E-01   9.636364E-01      U238                                                                                                    
