# header:
#   title: D1 resonance data for RIPL-2
#   source: Resonancetables
#   date: 2025-05-27
# reaction:
#   type: D1
# quantity:
#   type: resonance data
# datablock:
#   columns: 7
#   entries: 50
##       Z              A            Liso           Value         dValue          Ratio         Nuclide
##      []             []             []            [eV]           [eV]            []             []
        14             30              0        1.090000E+05   1.100000E+04   1.000000E+00      Si030                                                                                                   
        19             39              0        7.500000E+03   2.000000E+03   1.339286E+00      K039                                                                                                    
        19             41              0        3.600000E+03   6.000000E+02   7.500000E-01      K041                                                                                                    
        22             49              0        1.500000E+03   2.000000E+02   1.000000E+00      Ti049                                                                                                   
        22             50              0        1.000000E+04   3.000000E+03   1.204819E+00      Ti050                                                                                                   
        24             50              0        4.100000E+03   7.000000E+02   1.108108E+00      Cr050                                                                                                   
        24             52              0        8.500000E+03   6.000000E+02   8.252427E-01      Cr052                                                                                                   
        24             54              0        1.050000E+04   5.000000E+02   1.000000E+00      Cr054                                                                                                   
        25             55              0        1.200000E+03   1.500000E+02   1.000000E+00      Mn055                                                                                                   
        26             54              0        5.400000E+03   1.400000E+03   1.080000E+00      Fe054                                                                                                   
        26             56              0        6.000000E+03   1.000000E+03   7.792208E-01      Fe056                                                                                                   
        26             57              0        2.400000E+03   4.000000E+02   1.000000E+00      Fe057                                                                                                   
        26             58              0        6.000000E+03   1.500000E+03   1.192843E+00      Fe058                                                                                                   
        28             58              0        4.460000E+03   2.700000E+02   1.393750E+00      Ni058                                                                                                   
        28             60              0        4.460000E+03   4.100000E+02   1.158442E+00      Ni060                                                                                                   
        29             63              0        3.950000E+02   2.600000E+01   1.295082E+00      Cu063                                                                                                   
        29             65              0        6.850000E+02   6.000000E+01   1.000000E+00      Cu065                                                                                                   
        30             64              0        1.100000E+03   1.000000E+02   1.000000E+00      Zn064                                                                                                   
        30             66              0        1.170000E+03   1.400000E+02   1.000000E+00      Zn066                                                                                                   
        30             68              0        1.630000E+03   1.400000E+02   1.000000E+00      Zn068                                                                                                   
        30             70              0        2.800000E+03   3.000000E+02   1.473684E+00      Zn070                                                                                                   
        38             88              0        5.400000E+03   2.000000E+02   1.000000E+00      Sr088                                                                                                   
        39             89              0        1.800000E+03   3.000000E+02   1.395349E+00      Y089                                                                                                    
        40             90              0        3.200000E+03   5.000000E+02   1.280000E+00      Zr090                                                                                                   
        40             91              0        3.200000E+02   5.000000E+01   1.280000E+00      Zr091                                                                                                   
        40             92              0        1.400000E+03   2.000000E+02   1.000000E+00      Zr092                                                                                                   
        40             94              0        1.600000E+03   2.000000E+02   1.000000E+00      Zr094                                                                                                   
        40             96              0        4.000000E+03   8.000000E+02   1.000000E+00      Zr096                                                                                                   
        42             92              0        9.700000E+02   6.000000E+01   1.077778E+00      Mo092                                                                                                   
        42             94              0        4.800000E+02   6.000000E+01   9.448819E-01      Mo094                                                                                                   
        42             95              0        6.000000E+01   2.500000E+01   1.578947E+00      Mo095                                                                                                   
        42             96              0        3.500000E+02   5.000000E+01   1.000000E+00      Mo096                                                                                                   
        42             97              0        2.500000E+01   8.000000E+00   1.136364E+00      Mo097                                                                                                   
        42             98              0        2.900000E+02   6.000000E+01   1.000000E+00      Mo098                                                                                                   
        42            100              0        2.600000E+02   5.000000E+01   1.000000E+00      Mo100                                                                                                   
        46            106              0        8.500000E+01   1.900000E+01   1.000000E+00      Pd106                                                                                                   
        46            108              0        9.500000E+01   2.400000E+01   1.000000E+00      Pd108                                                                                                   
        48            113              0        1.100000E+01   1.200000E+00   1.000000E+00      Cd113                                                                                                   
        50            124              0        2.000000E+03   1.000000E+02   1.226994E+00      Sn124                                                                                                   
        54            136              0        8.400000E+03   2.400000E+03   8.750000E-01      Xe136                                                                                                   
        56            134              0        1.630000E+02   1.100000E+01   1.000000E+00      Ba134                                                                                                   
        56            136              0        5.220000E+02   3.400000E+01   1.000000E+00      Ba136                                                                                                   
        56            138              0        6.760000E+03   6.700000E+02   1.000000E+00      Ba138                                                                                                   
        58            140              0        1.000000E+03   2.000000E+02   1.000000E+00      Ce140                                                                                                   
        82            204              0        8.000000E+02   2.000000E+02   1.159420E+00      Pb204                                                                                                   
        82            206              0        5.900000E+03   9.000000E+02   1.092593E+00      Pb206                                                                                                   
        82            207              0        5.000000E+03   1.000000E+03   1.041667E+00      Pb207                                                                                                   
        82            208              0        3.500000E+04   1.000000E+04   1.166667E+00      Pb208                                                                                                   
        83            209              0        1.200000E+03   3.000000E+02   1.142857E+00      Bi209                                                                                                   
        92            238              0        7.700000E+00   1.000000E+00   1.000000E+00      U238                                                                                                    
