# header: 
#   title: D1 resonance data for RIPL-3
#   source: Resonancetables
#   date: 2025-11-14
# reaction: 
#   type: D1
# quantity: 
#   type: resonance data
# datablock: 
#   columns: 7
#   entries: 115
##       Z              A            Liso           Value         dValue          Ratio         Nuclide
##      []             []             []            [eV]           [eV]            []             [%]
         9             19              0        6.000000E+04   1.000000E+04         1.0000      F019
        11             23              0        5.000000E+04   1.000000E+04         1.0000      Na023
        12             24              0        1.600000E+05   2.400000E+04         1.0000      Mg024
        12             25              0        3.000000E+04   8.000000E+03         1.0000      Mg025
        13             27              0        2.750000E+04   2.500000E+03         1.0000      Al027
        14             28              0        7.500000E+04   1.000000E+04         1.0000      Si028
        14             29              0        8.540000E+04   9.500000E+03         1.0000      Si029
        14             30              0        1.090000E+05   1.100000E+04         1.0000      Si030
        15             31              0        2.000000E+04   2.000000E+03         1.0000      P031
        16             32              0        4.630000E+04   4.100000E+03         1.0000      S032
        16             33              0        9.350000E+03   9.000000E+02         1.0000      S033
        16             34              0        4.750000E+04   4.000000E+03         1.0000      S034
        17             35              0        6.600000E+03   3.000000E+03         1.0000      Cl035
        17             37              0        7.600000E+03   5.000000E+02         1.0000      Cl037
        19             39              0        5.600000E+03   1.000000E+03         1.0000      K039
        19             41              0        4.800000E+03   8.000000E+02         1.0000      K041
        20             40              0        1.600000E+04   3.000000E+03         1.0000      Ca040
        22             48              0        8.700000E+03   8.700000E+02         1.0000      Ti048
        22             50              0        8.300000E+03   5.300000E+02         1.0000      Ti050
        23             51              0        1.700000E+03   1.400000E+02         1.0000      V051
        24             50              0        3.700000E+03   3.000000E+02         1.0000      Cr050
        24             52              0        1.030000E+04   6.000000E+02         1.0000      Cr052
        24             53              0        3.060000E+03   2.000000E+02         1.0000      Cr053
        24             54              0        1.050000E+04   5.000000E+02         1.0000      Cr054
        25             55              0        1.200000E+03   1.500000E+02         1.0000      Mn055
        26             54              0        5.000000E+03   5.000000E+02         1.0000      Fe054
        26             56              0        7.700000E+03   5.000000E+02         1.0000      Fe056
        26             57              0        2.400000E+03   4.000000E+02         1.0000      Fe057
        26             58              0        5.030000E+03   3.000000E+02         1.0000      Fe058
        28             58              0        3.200000E+03   3.700000E+02         1.0000      Ni058
        28             60              0        3.850000E+03   3.100000E+02         1.0000      Ni060
        28             64              0        6.500000E+03   9.000000E+02         1.0000      Ni064
        29             63              0        3.050000E+02   3.000000E+01         1.0000      Cu063
        29             65              0        6.850000E+02   6.000000E+01         1.0000      Cu065
        30             64              0        1.100000E+03   1.000000E+02         1.0000      Zn064
        30             66              0        1.170000E+03   1.400000E+02         1.0000      Zn066
        30             67              0        1.230000E+02   5.000000E+00         1.0000      Zn067
        30             68              0        1.630000E+03   1.400000E+02         1.0000      Zn068
        30             70              0        1.900000E+03   2.400000E+02         1.0000      Zn070
        31             69              0        1.800000E+02   6.000000E+01         1.0000      Ga069
        31             71              0        1.130000E+02   2.300000E+01         1.0000      Ga071
        33             75              0        5.000000E+01   6.000000E+00         1.0000      As075
        34             76              0        2.000000E+02   5.000000E+00         1.0000      Se076
        34             77              0        5.400000E+01   5.000000E+00         1.0000      Se077
        34             78              0        5.000000E+02   2.400000E+02         1.0000      Se078
        35             79              0        2.700000E+01   5.000000E+00         1.0000      Br079
        35             81              0        6.000000E+01   7.000000E+00         1.0000      Br081
        36             84              0        1.650000E+03   1.650000E+02         1.0000      Kr084
        36             86              0        1.010000E+04   4.000000E+02         1.0000      Kr086
        37             85              0        8.500000E+01   1.000000E+01         1.0000      Rb085
        38             87              0        1.560000E+02   1.100000E+01         1.0000      Sr087
        38             88              0        5.400000E+03   2.000000E+02         1.0000      Sr088
        39             89              0        1.290000E+03   5.000000E+01         1.0000      Y089
        40             90              0        2.500000E+03   5.000000E+02         1.0000      Zr090
        40             91              0        2.500000E+02   3.000000E+01         1.0000      Zr091
        40             92              0        1.400000E+03   2.000000E+02         1.0000      Zr092
        40             93              0        1.200000E+02   2.000000E+01         1.0000      Zr093
        40             94              0        1.600000E+03   2.000000E+02         1.0000      Zr094
        40             96              0        4.000000E+03   8.000000E+02         1.0000      Zr096
        41             93              0        5.000000E+01   6.000000E+00         1.0000      Nb093
        42             92              0        9.000000E+02   6.000000E+01         1.0000      Mo092
        42             94              0        5.080000E+02   4.700000E+01         1.0000      Mo094
        42             95              0        3.800000E+01   5.000000E+00         1.0000      Mo095
        42             96              0        3.500000E+02   5.000000E+01         1.0000      Mo096
        42             97              0        2.200000E+01   8.600000E+00         1.0000      Mo097
        42             98              0        2.900000E+02   3.000000E+01         1.0000      Mo098
        42            100              0        2.600000E+02   3.000000E+01         1.0000      Mo100
        44            100              0        1.150000E+02   2.000000E+01         1.0000      Ru100
        44            102              0        1.050000E+02   1.500000E+01         1.0000      Ru102
        44            104              0        1.200000E+02   1.500000E+01         1.0000      Ru104
        45            103              0        1.300000E+01   1.500000E+00         1.0000      Rh103
        46            104              0        8.100000E+01   7.000000E+00         1.0000      Pd104
        46            105              0        5.000000E+00   1.000000E+00         1.0000      Pd105
        46            106              0        8.500000E+01   1.900000E+01         1.0000      Pd106
        46            108              0        9.500000E+01   2.400000E+01         1.0000      Pd108
        46            110              0        7.600000E+01   2.000000E+01         1.0000      Pd110
        47            107              0        1.000000E+01   2.000000E+00         1.0000      Ag107
        48            106              0        5.200000E+01   6.000000E+00         1.0000      Cd106
        48            108              0        9.200000E+01   2.000000E+01         1.0000      Cd108
        48            110              0        8.000000E+01   5.000000E+00         1.0000      Cd110
        48            111              0        1.400000E+01   1.000000E+00         1.0000      Cd111
        48            112              0        5.900000E+01   3.000000E+00         1.0000      Cd112
        48            113              0        1.100000E+01   1.200000E+00         1.0000      Cd113
        48            114              0        8.700000E+01   8.000000E+00         1.0000      Cd114
        48            116              0        2.150000E+02   2.000000E+01         1.0000      Cd116
        49            115              0        5.100000E+00   4.000000E-01         1.0000      In115
        50            116              0        1.550000E+02   6.000000E+00         1.0000      Sn116
        50            117              0        3.100000E+01   3.000000E+00         1.0000      Sn117
        50            120              0        4.100000E+02   2.000000E+01         1.0000      Sn120
        50            122              0        1.030000E+03   3.000000E+01         1.0000      Sn122
        50            124              0        1.630000E+03   7.000000E+01         1.0000      Sn124
        52            122              0        6.000000E+01   2.000000E+01         1.0000      Te122
        52            124              0        1.300000E+02   3.000000E+01         1.0000      Te124
        52            126              0        2.000000E+02   5.000000E+01         1.0000      Te126
        52            128              0        5.000000E+02   5.000000E+01         1.0000      Te128
        52            130              0        1.040000E+03   1.500000E+02         1.0000      Te130
        54            136              0        9.600000E+03   9.000000E+02         1.0000      Xe136
        56            134              0        1.630000E+02   1.100000E+01         1.0000      Ba134
        56            136              0        5.220000E+02   3.400000E+01         1.0000      Ba136
        56            138              0        6.760000E+03   6.700000E+02         1.0000      Ba138
        58            140              0        1.000000E+03   2.000000E+02         1.0000      Ce140
        60            142              0        3.900000E+02   3.300000E+01         1.0000      Nd142
        60            143              0        2.100000E+01   4.000000E+00         1.0000      Nd143
        60            144              0        2.020000E+02   1.400000E+01         1.0000      Nd144
        62            144              0        2.650000E+02   2.200000E+01         1.0000      Sm144
        80            200              0        2.000000E+02   4.000000E+01         1.0000      Hg200
        81            203              0        2.000000E+02   2.000000E+01         1.0000      Tl203
        81            205              0        1.140000E+03   8.000000E+01         1.0000      Tl205
        82            204              0        6.900000E+02   6.000000E+01         1.0000      Pb204
        82            206              0        5.400000E+03   5.000000E+02         1.0000      Pb206
        82            207              0        4.800000E+03   8.000000E+02         1.0000      Pb207
        82            208              0        3.000000E+04   5.000000E+03         1.0000      Pb208
        83            209              0        1.050000E+03   1.000000E+02         1.0000      Bi209
        90            232              0        5.900000E+00   2.000000E-01         1.0000      Th232
        92            238              0        7.700000E+00   3.000000E+00         1.0000      U238
