# header: 
#   title: D1 resonance data
#   source: Resonancetables
#   date: 2025-12-18
# reaction: 
#   type: D1
# quantity: 
#   type: resonance data
# datablock: 
#   columns: 12
#   entries: 149
##       Z              A            Liso           Value         dValue        Reference   Rel. dev. comp. Rel. dev. NDL Rel. dev. EXFOR Rel. dev. all  #Experiments      Nuclide
##      []             []             []            [eV]           [eV]            []             [%]            [%]            [%]            [%]            []             []
         8             16              0        4.500000E+05   6.300000E+04  Mughabghab-2018       0.00           0.00           0.00           0.00           0           O016  
         9             19              0        6.000000E+04   1.000000E+04  RIPL-3                0.00           0.00           0.00           3.49           0           F019  
        10             20              0        8.200000E+04   1.200000E+04  Mughabghab-2018       0.00          30.76           0.00          44.21           0           Ne020 
        11             23              0        5.000000E+04   1.000000E+04  RIPL-3                3.85          36.33           0.00          31.15           0           Na023 
        12             24              0        1.600000E+05   2.400000E+04  RIPL-3                0.63           0.00           0.00           0.63           0           Mg024 
        12             25              0        3.000000E+04   8.000000E+03  RIPL-3                9.29          24.46           0.00          22.29           0           Mg025 
        13             27              0        2.750000E+04   2.500000E+03  RIPL-3                1.61          42.79           0.00          50.02           0           Al027 
        14             28              0        7.500000E+04   1.000000E+04  RIPL-3               18.48           0.00           0.00          18.33           2           Si028 
        14             29              0        8.540000E+04   9.500000E+03  RIPL-3               23.95           0.00           0.00          15.81           0           Si029 
        14             30              0        1.090000E+05   1.100000E+04  RIPL-3               18.71           0.00           0.00          13.11           0           Si030 
        15             31              0        2.000000E+04   2.000000E+03  RIPL-3                3.61           0.00           0.00          10.13           0           P031  
        16             32              0        4.630000E+04   4.100000E+03  RIPL-3                0.00          36.24          11.89          44.64           2           S032  
        16             33              0        9.350000E+03   9.000000E+02  RIPL-3                0.00           0.00           0.00          15.01           1           S033  
        16             34              0        4.750000E+04   4.000000E+03  RIPL-3                0.00          18.84          26.98          33.12           3           S034  
        17             35              0        6.600000E+03   3.000000E+03  RIPL-3                0.00           0.00           0.00          12.85           0           Cl035 
        17             37              0        7.600000E+03   5.000000E+02  RIPL-3                7.04           0.00           0.00          18.87           0           Cl037 
        18             40              0        1.140000E+04   5.000000E+02  Mughabghab-2018       0.00           7.02          36.49          65.76           3           Ar040 
        19             39              0        5.600000E+03   1.000000E+03  RIPL-3               31.41           7.40           0.00          26.86           0           K039  
        19             41              0        4.800000E+03   8.000000E+02  RIPL-3               30.11          22.77           0.00          28.04           0           K041  
        20             40              0        1.600000E+04   3.000000E+03  RIPL-3                0.00           3.93          50.73          52.67           5           Ca040 
        21             45              0        8.600000E+02   0.000000E+00  M.J.Kenny             0.00           2.50           0.00           3.55           1           Sc045 
        22             46              0        6.700000E+03   5.000000E+02  Mughabghab-2018       0.00          24.58           0.00          23.60           0           Ti046 
        22             47              0        4.700000E+02   6.000000E+01  Mughabghab-2018       0.00          55.60           0.00          73.50           0           Ti047 
        22             48              0        8.700000E+03   8.700000E+02  RIPL-3                0.00           0.00           0.00          17.50           0           Ti048 
        22             49              0        1.500000E+03   2.000000E+02  RIPL-2                0.00          43.97           0.00          69.30           0           Ti049 
        22             50              0        8.300000E+03   5.300000E+02  RIPL-3                8.50          38.46           0.00          57.01           0           Ti050 
        23             51              0        1.700000E+03   1.400000E+02  RIPL-3                0.00           6.88           0.00          22.23           0           V051  
        24             50              0        3.700000E+03   3.000000E+02  RIPL-3                4.75           9.81           0.00           8.26           1           Cr050 
        24             52              0        1.030000E+04   6.000000E+02  RIPL-3                9.21          19.34          39.28          26.94           4           Cr052 
        24             53              0        3.060000E+03   2.000000E+02  RIPL-3                0.00          37.65           0.00          34.20           1           Cr053 
        24             54              0        1.050000E+04   5.000000E+02  RIPL-3               13.69          16.14          38.26          37.03           2           Cr054 
        25             55              0        1.200000E+03   1.500000E+02  RIPL-3                4.04           3.47           0.00           7.30           1           Mn055 
        26             54              0        5.000000E+03   5.000000E+02  RIPL-3                5.30          45.11           0.00          39.83           1           Fe054 
        26             56              0        7.700000E+03   5.000000E+02  RIPL-3               12.94           1.61           0.00          12.54           1           Fe056 
        26             57              0        2.400000E+03   4.000000E+02  RIPL-3                3.45          51.46           0.00          56.56           1           Fe057 
        26             58              0        5.030000E+03   3.000000E+02  RIPL-3                8.54           8.59           0.00          14.83           1           Fe058 
        27             59              0        9.000000E+02   4.700000E+01  Mughabghab-2018       0.00           5.43           0.00          17.10           1           Co059 
        28             58              0        3.200000E+03   3.700000E+02  RIPL-3               13.43           6.91           0.00          10.62           1           Ni058 
        28             60              0        3.850000E+03   3.100000E+02  RIPL-3                7.34          13.61           0.00          17.99           1           Ni060 
        28             64              0        6.500000E+03   9.000000E+02  RIPL-3               17.20          23.04           0.00          38.33           0           Ni064 
        29             63              0        3.050000E+02   3.000000E+01  RIPL-3               12.15          60.51           0.00         102.16           1           Cu063 
        29             65              0        6.850000E+02   6.000000E+01  RIPL-3                4.03          61.38           0.00          97.03           1           Cu065 
        30             64              0        1.100000E+03   1.000000E+02  RIPL-3                4.42          19.96           0.00          16.91           0           Zn064 
        30             66              0        1.170000E+03   1.400000E+02  RIPL-3               14.68           3.86           0.00           9.22           1           Zn066 
        30             67              0        1.230000E+02   5.000000E+00  RIPL-3                0.00           0.94           0.00          41.29           0           Zn067 
        30             68              0        1.630000E+03   1.400000E+02  RIPL-3               11.34           0.00           0.00           7.30           1           Zn068 
        30             70              0        1.900000E+03   2.400000E+02  RIPL-3               18.03           2.01           0.00          14.85           0           Zn070 
        31             69              0        1.800000E+02   6.000000E+01  RIPL-3               18.81          15.61           0.00          40.67           0           Ga069 
        31             71              0        1.130000E+02   2.300000E+01  RIPL-3                0.00          16.44           0.00          54.91           0           Ga071 
        33             75              0        5.000000E+01   6.000000E+00  RIPL-3                3.52          76.80           0.00         108.15           0           As075 
        34             76              0        2.000000E+02   5.000000E+00  RIPL-3                8.26           0.00           0.00          53.02           0           Se076 
        34             77              0        5.400000E+01   5.000000E+00  RIPL-3                0.00          60.91           0.00          75.76           0           Se077 
        34             78              0        5.000000E+02   2.400000E+02  RIPL-3                1.48          49.57           0.00          88.51           1           Se078 
        34             80              0        2.200000E+03   1.600000E+03  Mughabghab-2018       0.00          25.72           0.00          25.51           0           Se080 
        35             79              0        2.700000E+01   5.000000E+00  RIPL-3                7.69           0.00           0.00          30.83           0           Br079 
        35             81              0        6.000000E+01   7.000000E+00  RIPL-3                0.84           4.93           0.00          34.61           0           Br081 
        36             84              0        1.650000E+03   1.650000E+02  RIPL-3                0.00          77.84           0.00          61.61           0           Kr084 
        36             86              0        1.010000E+04   4.000000E+02  RIPL-3                9.25          10.07           0.00          10.26           0           Kr086 
        37             85              0        8.500000E+01   1.000000E+01  RIPL-3               14.86          67.77           0.00          79.88           0           Rb085 
        38             86              0        8.400000E+02   1.450000E+02  Mughabghab-2018       0.00           0.00           0.00          37.44           1           Sr086 
        38             87              0        1.560000E+02   1.100000E+01  RIPL-3               13.87           0.00           0.00          16.87           1           Sr087 
        38             88              0        5.400000E+03   2.000000E+02  RIPL-3               23.93           0.58           0.00          31.45           0           Sr088 
        39             89              0        1.290000E+03   5.000000E+01  RIPL-3               14.36          15.11          18.70          16.93           2           Y089  
        40             90              0        2.500000E+03   5.000000E+02  RIPL-3               15.29           5.27          61.99          48.70           3           Zr090 
        40             91              0        2.500000E+02   3.000000E+01  RIPL-3               12.83           5.28          39.07          32.48           3           Zr091 
        40             92              0        1.400000E+03   2.000000E+02  RIPL-3                4.40           7.43           0.00          14.44           1           Zr092 
        40             93              0        1.200000E+02   2.000000E+01  RIPL-3               13.36          17.85           0.00          24.29           0           Zr093 
        40             94              0        1.600000E+03   2.000000E+02  RIPL-3               11.60           6.05           0.00           8.86           1           Zr094 
        40             96              0        4.000000E+03   8.000000E+02  RIPL-3                5.66           8.50           0.00          15.60           1           Zr096 
        41             93              0        5.000000E+01   6.000000E+00  RIPL-3                4.71          33.76           0.00          41.73           0           Nb093 
        42             92              0        9.000000E+02   6.000000E+01  RIPL-3                8.88           1.58           0.00           5.61           0           Mo092 
        42             94              0        5.080000E+02   4.700000E+01  RIPL-3                4.94           4.65           0.00           4.95           0           Mo094 
        42             95              0        3.800000E+01   5.000000E+00  RIPL-3               23.74           2.36           0.00          18.86           1           Mo095 
        42             96              0        3.500000E+02   5.000000E+01  RIPL-3                3.59           1.19           0.00           2.53           0           Mo096 
        42             97              0        2.200000E+01   8.600000E+00  RIPL-3                7.50           5.97           0.00          32.72           1           Mo097 
        42             98              0        2.900000E+02   3.000000E+01  RIPL-3                0.65           0.94          14.71           9.31           2           Mo098 
        42            100              0        2.600000E+02   3.000000E+01  RIPL-3                4.49           0.80           1.82           6.62           2           Mo100 
        43             99              0        6.800000E+00   3.000000E-01  Mughabghab-2018       0.00          31.63           0.00          48.60           0           Tc099 
        44            100              0        1.150000E+02   2.000000E+01  RIPL-3                2.83          24.65           0.00          28.16           0           Ru100 
        44            102              0        1.050000E+02   1.500000E+01  RIPL-3                9.60           2.67           0.00           5.63           0           Ru102 
        44            104              0        1.200000E+02   1.500000E+01  RIPL-3                9.23          11.98           0.00          16.05           0           Ru104 
        45            103              0        1.300000E+01   1.500000E+00  RIPL-3                5.11          17.02           0.00          37.61           0           Rh103 
        46            104              0        8.100000E+01   7.000000E+00  RIPL-3                4.65          19.38           0.00          18.58           1           Pd104 
        46            105              0        5.000000E+00   1.000000E+00  RIPL-3                0.70          29.19           0.00          63.27           0           Pd105 
        46            106              0        8.500000E+01   1.900000E+01  RIPL-3               12.69          15.01           0.00          13.78           1           Pd106 
        46            108              0        9.500000E+01   2.400000E+01  RIPL-3                3.86          63.78           0.00          66.65           1           Pd108 
        46            110              0        7.600000E+01   2.000000E+01  RIPL-3               16.48          93.33           0.00         103.73           1           Pd110 
        47            107              0        1.000000E+01   2.000000E+00  RIPL-3                2.77          10.34           0.00          39.57           1           Ag107 
        47            109              0        1.190000E+01   6.000000E-01  Mughabghab-2018       0.00           6.55           0.00          26.90           1           Ag109 
        48            106              0        5.200000E+01   6.000000E+00  RIPL-3                0.00         106.47           0.00         126.49           1           Cd106 
        48            108              0        9.200000E+01   2.000000E+01  RIPL-3               31.43          83.06           0.00          83.45           1           Cd108 
        48            110              0        8.000000E+01   5.000000E+00  RIPL-3                0.00           9.74           0.00          19.87           1           Cd110 
        48            111              0        1.400000E+01   1.000000E+00  RIPL-3                0.36          38.93           0.00          52.32           0           Cd111 
        48            112              0        5.900000E+01   3.000000E+00  RIPL-3               13.43           4.37           0.00          30.51           1           Cd112 
        48            113              0        1.100000E+01   1.200000E+00  RIPL-3               12.86          99.52           0.00         114.18           0           Cd113 
        48            114              0        8.700000E+01   8.000000E+00  RIPL-3                8.42          11.72          82.39          39.38           2           Cd114 
        48            116              0        2.150000E+02   2.000000E+01  RIPL-3                0.00          21.32           0.00          20.29           1           Cd116 
        49            115              0        5.100000E+00   4.000000E-01  RIPL-3                5.12          59.87           0.00          84.27           0           In115 
        50            114              0        2.800000E+00   3.000000E-01  Mughabghab-2018       0.00          42.79           0.00          64.20           0           Sn114 
        50            116              0        1.550000E+02   6.000000E+00  RIPL-3                0.00          54.79           0.00          54.39           0           Sn116 
        50            117              0        3.100000E+01   3.000000E+00  RIPL-3                0.00          94.31           0.00         105.07           0           Sn117 
        50            118              0        2.700000E+02   2.800000E+01  Mughabghab-2018       0.00          25.06           0.00          27.99           0           Sn118 
        50            120              0        4.100000E+02   2.000000E+01  RIPL-3                4.06          11.85           0.00          10.37           1           Sn120 
        50            122              0        1.030000E+03   3.000000E+01  RIPL-3                0.00           9.20           0.00           9.50           0           Sn122 
        50            124              0        1.630000E+03   7.000000E+01  RIPL-3               10.61           8.73           0.00           9.72           0           Sn124 
        51            121              0        6.700000E+00   1.000000E+00  Mughabghab-2018       0.00          28.06           0.00          51.63           0           Sb121 
        52            122              0        6.000000E+01   2.000000E+01  RIPL-3               14.94          23.21           0.00          31.35           0           Te122 
        52            124              0        1.300000E+02   3.000000E+01  RIPL-3               10.17          13.07           0.00          12.92           0           Te124 
        52            125              0        2.010000E+01   2.400000E+00  Mughabghab-2018       0.00          50.59           0.00          52.67           0           Te125 
        52            126              0        2.000000E+02   5.000000E+01  RIPL-3                0.76          11.77           0.00          16.66           0           Te126 
        52            128              0        5.000000E+02   5.000000E+01  RIPL-3                6.54           9.85           0.00          18.49           0           Te128 
        52            130              0        1.040000E+03   1.500000E+02  RIPL-3                4.15          16.27           0.00          20.13           0           Te130 
        53            127              0        6.500000E+00   1.000000E-01  G.Noguere             0.00          82.47           0.00          95.29           1           I127  
        53            129              0        1.410000E+01   5.000000E-01  G.Noguere             0.00          31.34           0.00          48.27           1           I129  
        54            136              0        9.600000E+03   9.000000E+02  RIPL-3               10.60           5.24           0.00          19.59           0           Xe136 
        56            134              0        1.630000E+02   1.100000E+01  RIPL-3               13.63           3.88           0.00          13.05           0           Ba134 
        56            136              0        5.220000E+02   3.400000E+01  RIPL-3                7.61           8.82           0.00           8.52           0           Ba136 
        56            138              0        6.760000E+03   6.700000E+02  RIPL-3                0.00          31.42           0.00          35.04           1           Ba138 
        57            139              0        1.610000E+02   2.000000E+01  Mughabghab-2018       0.00           9.54           0.00          19.07           1           La139 
        58            140              0        1.000000E+03   2.000000E+02  RIPL-3               21.91          22.51           0.00          22.79           1           Ce140 
        59            141              0        1.040000E+02   1.000000E+01  R.B.Taylor            0.00          12.11          10.05          14.04           2           Pr141 
        60            142              0        3.900000E+02   3.300000E+01  RIPL-3                0.00           4.54           0.00           7.52           0           Nd142 
        60            143              0        2.100000E+01   4.000000E+00  RIPL-3                0.47          17.34           0.00          57.75           0           Nd143 
        60            144              0        2.020000E+02   1.400000E+01  RIPL-3                0.00          13.40           0.00          21.78           0           Nd144 
        60            146              0        1.210000E+02   1.500000E+01  Mughabghab-2018       0.00           3.58           0.00          17.68           0           Nd146 
        62            144              0        2.650000E+02   2.200000E+01  RIPL-3                7.29           2.77           0.00           5.32           0           Sm144 
        70            170              0        8.000000E+00   0.000000E+00  H.Beer                0.00           6.85           0.00          47.58           1           Yb170 
        71            175              0        1.750000E+00   0.000000E+00  H.Beer                0.00           0.00           0.00           0.00           1           Lu175 
        72            174              0        3.220000E+00   5.400000E-01  G.Noguere             0.00           0.00           0.00          60.76           1           Hf174 
        72            176              0        1.167000E+01   8.300000E-01  G.Noguere             0.00           0.00           0.00           0.00           1           Hf176 
        72            177              0        1.270000E+00   3.000000E-02  G.Noguere             0.00           0.00           0.00           0.00           1           Hf177 
        72            178              0        2.047000E+01   2.800000E+00  G.Noguere             0.00           0.00           0.00           0.00           1           Hf178 
        72            179              0        2.280000E+00   1.200000E-01  G.Noguere             0.00           0.00           0.00           0.00           1           Hf179 
        72            180              0        4.760000E+01   2.490000E+00  G.Noguere             0.00          25.24           0.00          56.05           1           Hf180 
        73            181              0        2.150000E+00   0.000000E+00  T.Y.Byoun             0.00           0.00           0.00           0.00           1           Ta181 
        74            183              0        1.800000E+01   0.000000E+00  F.W.K.Firk            0.00           0.00           0.00           0.00           1           W183  
        76            187              0        6.400000E+00   8.000000E-01  R.R.Winters           0.00           0.00           0.00           0.00           1           Os187 
        80            200              0        2.000000E+02   4.000000E+01  RIPL-3                5.26           0.29           0.00          23.07           0           Hg200 
        80            202              0        1.300000E+03   1.400000E+02  Mughabghab-2018       0.00          14.36           0.00          13.88           0           Hg202 
        80            204              0        4.120000E+03   6.200000E+02  Mughabghab-2018       0.00          22.25           0.00          30.25           0           Hg204 
        81            203              0        2.000000E+02   2.000000E+01  RIPL-3                9.91           3.16           0.00          19.06           0           Tl203 
        81            205              0        1.140000E+03   8.000000E+01  RIPL-3                0.00           0.00           0.00           6.50           0           Tl205 
        82            204              0        6.900000E+02   6.000000E+01  RIPL-3                7.14          44.30           0.00          37.03           0           Pb204 
        82            206              0        5.400000E+03   5.000000E+02  RIPL-3                8.55           7.54           0.00           7.94           0           Pb206 
        82            207              0        4.800000E+03   8.000000E+02  RIPL-3                2.98           3.79           0.00           4.50           0           Pb207 
        82            208              0        3.000000E+04   5.000000E+03  RIPL-3                7.69           4.75           0.00          10.50           0           Pb208 
        83            209              0        1.050000E+03   1.000000E+02  RIPL-3                5.58          36.00           0.00          56.56           1           Bi209 
        90            232              0        5.900000E+00   2.000000E-01  RIPL-3                0.00           2.86          29.04          54.99           3           Th232 
        92            238              0        7.700000E+00   3.000000E+00  RIPL-3                1.74           0.03          22.29          17.88           5           U238  
