# header: 
#   title: D1 resonance data for tendl.2025
#   source: Resonancetables
#   date: 2025-10-02
# reaction: 
#   type: D1
# quantity: 
#   type: resonance data
# datablock: 
#   columns: 7
#   entries: 137
##       Z              A            Liso           Value         dValue          Ratio         Nuclide
##      []             []             []            [eV]           [eV]            []             [%]
         9             19              0        5.566680E+04   0.000000E+00         0.9278      F019
        10             20              0        1.704900E+05   0.000000E+00         2.0791      Ne020
        11             23              0        4.890010E+04   0.000000E+00         0.9780      Na023
        12             25              0        2.194590E+04   0.000000E+00         0.7315      Mg025
        13             27              0        4.447370E+04   0.000000E+00         1.6172      Al027
        14             28              0        1.250000E+05   0.000000E+00         1.6667      Si028
        14             29              0        8.125010E+04   0.000000E+00         0.9514      Si029
        14             30              0        1.000000E+05   0.000000E+00         0.9174      Si030
        15             31              0        1.706930E+04   0.000000E+00         0.8535      P031
        16             32              0        3.200340E+04   0.000000E+00         0.6912      S032
        16             33              0        1.307710E+04   0.000000E+00         1.3986      S033
        16             34              0        8.000020E+04   0.000000E+00         1.6842      S034
        17             35              0        4.950600E+03   0.000000E+00         0.7501      Cl035
        17             37              0        1.090910E+04   0.000000E+00         1.4354      Cl037
        18             40              0        1.084340E+04   0.000000E+00         0.9512      Ar040
        19             39              0        4.709760E+03   0.000000E+00         0.8410      K039
        19             41              0        5.500050E+03   0.000000E+00         1.1458      K041
        20             40              0        2.253850E+04   0.000000E+00         1.4087      Ca040
        21             45              0        9.446520E+02   0.000000E+00         1.0984      Sc045
        22             46              0        6.740940E+03   0.000000E+00         1.0061      Ti046
        22             47              0        4.200730E+03   0.000000E+00         8.9377      Ti047
        22             48              0        6.060760E+03   0.000000E+00         0.6966      Ti048
        22             49              0        3.000100E+03   0.000000E+00         2.0001      Ti049
        22             50              0        2.222230E+04   0.000000E+00         2.6774      Ti050
        23             51              0        2.833350E+03   0.000000E+00         1.6667      V051
        24             50              0        3.974620E+03   0.000000E+00         1.0742      Cr050
        24             52              0        1.258620E+04   0.000000E+00         1.2220      Cr052
        24             53              0        2.220480E+03   0.000000E+00         0.7256      Cr053
        24             54              0        1.895450E+04   0.000000E+00         1.8052      Cr054
        25             55              0        1.068380E+03   0.000000E+00         0.8903      Mn055
        26             54              0        4.111110E+03   0.000000E+00         0.8222      Fe054
        26             56              0        6.071500E+03   0.000000E+00         0.7885      Fe056
        26             57              0        2.289280E+03   0.000000E+00         0.9539      Fe057
        26             58              0        5.833500E+03   0.000000E+00         1.1597      Fe058
        27             59              0        1.372540E+03   0.000000E+00         1.5250      Co059
        28             58              0        3.465860E+03   0.000000E+00         1.0831      Ni058
        28             60              0        3.404260E+03   0.000000E+00         0.8842      Ni060
        28             64              0        1.580000E+04   0.000000E+00         2.4308      Ni064
        29             63              0        2.793320E+02   0.000000E+00         0.9158      Cu063
        29             65              0        3.663040E+02   0.000000E+00         0.5348      Cu065
        30             64              0        6.922040E+02   0.000000E+00         0.6293      Zn064
        30             66              0        1.068700E+03   0.000000E+00         0.9134      Zn066
        30             67              0        4.516130E+02   0.000000E+00         3.6717      Zn067
        30             68              0        1.641790E+03   0.000000E+00         1.0072      Zn068
        30             70              0        2.916670E+03   0.000000E+00         1.5351      Zn070
        31             69              0        4.038330E+02   0.000000E+00         2.2435      Ga069
        31             71              0        6.571540E+02   0.000000E+00         5.8155      Ga071
        33             75              0        8.856800E+01   0.000000E+00         1.7714      As075
        34             76              0        1.800000E+03   0.000000E+00         9.0000      Se076
        34             77              0        5.281080E+01   0.000000E+00         0.9780      Se077
        34             78              0        8.100200E+03   0.000000E+00        16.2004      Se078
        34             80              0        1.887000E+03   0.000000E+00         0.8577      Se080
        35             79              0        5.504080E+01   0.000000E+00         2.0385      Br079
        35             81              0        1.266170E+02   0.000000E+00         2.1103      Br081
        36             84              0        3.390850E+02   0.000000E+00         0.2055      Kr084
        36             86              0        7.762300E+03   0.000000E+00         0.7685      Kr086
        37             85              0        1.051540E+02   0.000000E+00         1.2371      Rb085
        38             88              0        4.000000E+03   0.000000E+00         0.7407      Sr088
        39             89              0        1.250000E+03   0.000000E+00         0.9690      Y089
        40             90              0        3.278700E+03   0.000000E+00         1.3115      Zr090
        40             91              0        2.750140E+02   0.000000E+00         1.1001      Zr091
        40             92              0        1.428580E+03   0.000000E+00         1.0204      Zr092
        40             93              0        1.889170E+02   0.000000E+00         1.5743      Zr093
        40             94              0        1.685870E+03   0.000000E+00         1.0537      Zr094
        40             96              0        4.000100E+03   0.000000E+00         1.0000      Zr096
        41             93              0        5.426360E+01   0.000000E+00         1.0853      Nb093
        42             92              0        8.969110E+02   0.000000E+00         0.9966      Mo092
        42             94              0        4.404570E+02   0.000000E+00         0.8670      Mo094
        42             95              0        6.153850E+01   0.000000E+00         1.6194      Mo095
        42             96              0        3.311090E+02   0.000000E+00         0.9460      Mo096
        42             97              0        5.263420E+01   0.000000E+00         2.3925      Mo097
        42             98              0        3.106800E+02   0.000000E+00         1.0713      Mo098
        42            100              0        2.866040E+02   0.000000E+00         1.1023      Mo100
        43             99              0        4.651240E+01   0.000000E+00         6.8401      Tc099
        44            100              0        2.031190E+02   0.000000E+00         1.7663      Ru100
        44            102              0        1.191790E+02   0.000000E+00         1.1350      Ru102
        44            104              0        1.464810E+02   0.000000E+00         1.2207      Ru104
        45            103              0        2.253230E+01   0.000000E+00         1.7333      Rh103
        46            104              0        9.376020E+01   0.000000E+00         1.1575      Pd104
        46            105              0        2.092860E+01   0.000000E+00         4.1857      Pd105
        46            106              0        7.574030E+01   0.000000E+00         0.8911      Pd106
        46            108              0        1.469060E+02   0.000000E+00         1.5464      Pd108
        46            110              0        1.010750E+02   0.000000E+00         1.3299      Pd110
        47            107              0        3.365870E+01   0.000000E+00         3.3659      Ag107
        47            109              0        3.483330E+01   0.000000E+00         2.9272      Ag109
        48            106              0        6.651760E+01   0.000000E+00         1.2792      Cd106
        48            108              0        5.893350E+01   0.000000E+00         0.6406      Cd108
        48            110              0        1.272820E+02   0.000000E+00         1.5910      Cd110
        48            111              0        2.415790E+01   0.000000E+00         1.7256      Cd111
        48            112              0        1.380120E+02   0.000000E+00         2.3392      Cd112
        48            113              0        5.214210E+00   0.000000E+00         0.4740      Cd113
        48            114              0        1.356020E+02   0.000000E+00         1.5586      Cd114
        48            116              0        2.305810E+02   0.000000E+00         1.0725      Cd116
        49            115              0        1.605650E+01   0.000000E+00         3.1483      In115
        50            114              0        9.897230E+01   0.000000E+00        35.3472      Sn114
        50            116              0        1.684800E+02   0.000000E+00         1.0870      Sn116
        50            117              0        1.144420E+01   0.000000E+00         0.3692      Sn117
        50            118              0        5.012500E+02   0.000000E+00         1.8565      Sn118
        50            120              0        3.901150E+02   0.000000E+00         0.9515      Sn120
        50            122              0        1.191940E+03   0.000000E+00         1.1572      Sn122
        50            124              0        1.739140E+03   0.000000E+00         1.0670      Sn124
        51            121              0        1.446220E+02   0.000000E+00        21.5854      Sb121
        52            122              0        1.069570E+02   0.000000E+00         1.7826      Te122
        52            124              0        1.434940E+02   0.000000E+00         1.1038      Te124
        52            125              0        6.618780E+00   0.000000E+00         0.3293      Te125
        52            126              0        2.357060E+02   0.000000E+00         1.1785      Te126
        52            128              0        7.039030E+02   0.000000E+00         1.4078      Te128
        52            130              0        1.204710E+03   0.000000E+00         1.1584      Te130
        53            127              0        2.388100E+01   0.000000E+00         3.6740      I127
        53            129              0        5.153030E+01   0.000000E+00         3.6546      I129
        54            136              0        1.373570E+04   0.000000E+00         1.4308      Xe136
        56            134              0        1.766830E+02   0.000000E+00         1.0839      Ba134
        56            136              0        4.733560E+02   0.000000E+00         0.9068      Ba136
        56            138              0        2.861950E+03   0.000000E+00         0.4234      Ba138
        57            139              0        2.753770E+02   0.000000E+00         1.7104      La139
        58            140              0        9.647830E+02   0.000000E+00         0.9648      Ce140
        59            141              0        1.252870E+02   0.000000E+00         1.2047      Pr141
        60            142              0        4.683190E+02   0.000000E+00         1.2008      Nd142
        60            143              0        2.391740E+02   0.000000E+00        11.3892      Nd143
        60            144              0        2.752220E+02   0.000000E+00         1.3625      Nd144
        60            146              0        2.162430E+02   0.000000E+00         1.7871      Nd146
        62            144              0        2.353140E+02   0.000000E+00         0.8880      Sm144
        70            170              0        3.395540E+01   0.000000E+00         4.2444      Yb170
        72            174              0        1.319380E+01   0.000000E+00         4.0975      Hf174
        72            180              0        2.577330E+02   0.000000E+00         5.4146      Hf180
        80            200              0        3.144290E+02   0.000000E+00         1.5721      Hg200
        80            202              0        1.626130E+03   0.000000E+00         1.2509      Hg202
        80            204              0        8.443360E+03   0.000000E+00         2.0494      Hg204
        81            203              0        3.280200E+02   0.000000E+00         1.6401      Tl203
        81            205              0        9.960120E+02   0.000000E+00         0.8737      Tl205
        82            204              0        5.172410E+02   0.000000E+00         0.7496      Pb204
        82            206              0        5.256410E+03   0.000000E+00         0.9734      Pb206
        82            207              0        4.415580E+03   0.000000E+00         0.9199      Pb207
        82            208              0        3.846150E+04   0.000000E+00         1.2821      Pb208
        83            209              0        1.775890E+03   0.000000E+00         1.6913      Bi209
        90            232              0        6.422020E+00   0.000000E+00         1.0885      Th232
        92            238              0        8.278150E+00   0.000000E+00         1.0751      U238
