# header: 
#   title: (n,tot) thermal cross section for cendl3.2
#   source: Resonancetables
#   date: 2025-08-25
# reaction: 
#   type: (n,tot)
# quantity: 
#   type: thermal cross section
# datablock: 
#   columns: 7
#   entries: 59
##       Z              A            Liso           Value         dValue          Ratio         Nuclide
##      []             []             []             [b]            [b]            []             [%]
         1              1              0        3.046260E+01   0.000000E+00          0.8679      H001
         1              2              0        4.234820E+00   0.000000E+00          0.7391      H002
         2              3              0        5.351280E+03   0.000000E+00          1.0493      He003
         3              6              0        9.408860E+02   0.000000E+00         16.3462      Li006
         4              9              0        6.470420E+00   0.000000E+00          0.9978      Be009
         5             10              0        3.845760E+03   0.000000E+00          1.0174      B010
         6             12              0        4.942650E+00   0.000000E+00          0.8377      C012
        11             23              0        3.621270E+00   0.000000E+00          0.9276      Na023
        13             27              0        1.685140E+00   0.000000E+00          1.0665      Al027
        15             31              0        3.358500E+00   0.000000E+00          0.3830      P031
        33             75              0        9.696890E+00   0.000000E+00          1.0162      As075
        39             89              0        9.028840E+00   0.000000E+00          1.0590      Y089
        41             93              0        7.497270E+00   0.000000E+00          1.0672      Nb093
        43             99              0        2.308300E+01   0.000000E+00          0.7694      Tc099
        48            113              0        2.074550E+04   0.000000E+00          1.0278      Cd113
        53            129              0        3.349520E+01   0.000000E+00          0.9570      I129
        55            135              0        1.356930E+01   0.000000E+00          0.6785      Cs135
        58            141              0        3.230350E+01   0.000000E+00          1.0768      Ce141
        59            141              0        1.351960E+01   0.000000E+00          0.7682      Pr141
        60            143              0        4.031640E+02   0.000000E+00          0.9645      Nd143
        60            145              0        6.413410E+01   0.000000E+00          1.0021      Nd145
        61            147              0        1.886740E+02   0.000000E+00          0.9529      Pm147
        62            147              0        5.906430E+01   0.000000E+00          0.7671      Sm147
        62            149              0        4.070320E+04   0.000000E+00          1.1001      Sm149
        62            150              0        1.169350E+02   0.000000E+00          0.8662      Sm150
        62            151              0        1.517450E+04   0.000000E+00          1.0116      Sm151
        62            152              0        2.096900E+02   0.000000E+00          1.0209      Sm152
        62            154              0        1.942470E+01   0.000000E+00          0.6675      Sm154
        63            151              0        9.187160E+03   0.000000E+00          0.9681      Eu151
        63            153              0        3.229260E+02   0.000000E+00          1.0764      Eu153
        63            154              0        1.357640E+03   0.000000E+00          0.8873      Eu154
        64            152              0        1.069770E+03   0.000000E+00          1.0437      Gd152
        64            155              0        6.078840E+04   0.000000E+00          1.0000      Gd155
        64            157              0        2.546430E+05   0.000000E+00          1.0000      Gd157
        66            164              0        2.977120E+03   0.000000E+00          0.9924      Dy164
        67            165              0        7.350290E+01   0.000000E+00          0.7171      Ho165
        72            174              0        5.771760E+02   0.000000E+00          0.8880      Hf174
        72            176              0        2.048190E+01   0.000000E+00          1.0780      Hf176
        72            177              0        3.736100E+02   0.000000E+00          0.9806      Hf177
        72            178              0        8.892110E+01   0.000000E+00          0.8982      Hf178
        72            179              0        5.067970E+01   0.000000E+00          0.7797      Hf179
        72            180              0        3.422250E+01   0.000000E+00          0.6710      Hf180
        73            181              0        2.633960E+01   0.000000E+00          1.2366      Ta181
        79            197              0        1.055740E+02   0.000000E+00          1.0200      Au197
        83            209              0        9.356410E+00   0.000000E+00          1.4099      Bi209
        90            232              0        2.038090E+01   0.000000E+00          1.0795      Th232
        92            233              0        5.886380E+02   0.000000E+00          1.0337      U233
        92            234              0        1.194870E+02   0.000000E+00          1.0862      U234
        92            235              0        6.984440E+02   0.000000E+00          1.0050      U235
        92            236              0        1.402090E+01   0.000000E+00          0.8763      U236
        93            237              0        1.744070E+02   0.000000E+00          0.9583      Np237
        94            238              0        5.980880E+02   0.000000E+00          1.0149      Pu238
        94            239              0        1.026100E+03   0.000000E+00          1.0080      Pu239
        94            240              0        3.026940E+02   0.000000E+00          1.0658      Pu240
        94            241              0        1.385000E+03   0.000000E+00          0.9943      Pu241
        94            242              0        2.690640E+01   0.000000E+00          0.6917      Pu242
        95            241              0        6.330370E+02   0.000000E+00          0.9891      Am241
        95            243              0        8.426210E+01   0.000000E+00          0.9913      Am243
        97            249              0        7.571600E+02   0.000000E+00          0.3598      Bk249
