# header: 
#   title: (n,tot) thermal cross section for endfb8.1
#   source: Resonancetables
#   date: 2025-12-08
# reaction: 
#   type: (n,tot)
# quantity: 
#   type: thermal cross section
# datablock: 
#   columns: 7
#   entries: 127
##       Z              A            Liso           Value         dValue          Ratio         Nuclide
##      []             []             []             [b]            [b]            []             [%]
         1              1              0        3.043120E+01   0.000000E+00          1.3465      H001
         1              2              0        4.235280E+00   0.000000E+00          0.5042      H002
         2              3              0        5.319950E+03   0.000000E+00          1.0431      He003
         3              6              0        9.390130E+02   0.000000E+00         15.8216      Li006
         4              9              0        6.541010E+00   0.000000E+00          0.9818      Be009
         5             10              0        3.848060E+03   0.000000E+00          0.9792      B010
         6             12              0        4.951340E+00   0.000000E+00          0.8611      C012
         9             19              0        3.748830E+00   0.000000E+00          1.4995      F019
        11             23              0        3.920970E+00   0.000000E+00          1.0069      Na023
        13             27              0        1.685140E+00   0.000000E+00          1.1310      Al027
        15             31              0        4.336060E+00   0.000000E+00          1.0299      P031
        21             45              0        4.958070E+01   0.000000E+00          0.9805      Sc045
        23             50              0        5.237240E+01   0.000000E+00          1.0843      V050
        23             51              0        9.857010E+00   0.000000E+00          0.9897      V051
        25             55              0        1.539130E+01   0.000000E+00          0.9590      Mn055
        26             55              0        1.805380E+01   0.000000E+00          0.0749      Fe055
        26             56              0        1.478410E+01   0.000000E+00          0.9550      Fe056
        27             59              0        4.320450E+01   0.000000E+00          0.8830      Co059
        28             59              0        9.178920E+01   0.000000E+00          0.9901      Ni059
        33             75              0        9.966940E+00   0.000000E+00          0.8899      As075
        39             89              0        9.010210E+00   0.000000E+00          1.0568      Y089
        41             93              0        7.497270E+00   0.000000E+00          1.0769      Nb093
        41             94              0        2.225220E+01   0.000000E+00          2.7038      Nb094
        43             99              0        2.575780E+01   0.000000E+00          1.0344      Tc099
        44            101              0        1.083240E+01   0.000000E+00          0.9672      Ru101
        44            102              0        9.819460E+00   0.000000E+00          0.9442      Ru102
        45            103              0        1.467150E+02   0.000000E+00          0.9913      Rh103
        47            109              0        9.276540E+01   0.000000E+00          0.9563      Ag109
        48            106              0        5.548780E+00   0.000000E+00          1.0039      Cd106
        48            108              0        4.251830E+00   0.000000E+00          1.0037      Cd108
        48            110              0        1.525220E+01   0.000000E+00          1.0013      Cd110
        48            111              0        1.248740E+01   0.000000E+00          1.0024      Cd111
        48            112              0        7.296210E+00   0.000000E+00          1.0032      Cd112
        48            113              0        1.998400E+04   0.000000E+00          0.9900      Cd113
        48            114              0        6.015960E+00   0.000000E+00          1.0042      Cd114
        48            116              0        5.040470E+00   0.000000E+00          1.0043      Cd116
        50            112              0        5.294820E+00   0.000000E+00          1.1031      Sn112
        53            127              0        9.876180E+00   0.000000E+00          1.0917      I127
        53            129              0        4.066870E+01   0.000000E+00          1.1554      I129
        55            133              0        3.303220E+01   0.000000E+00          0.9331      Cs133
        55            135              0        1.503730E+01   0.000000E+00          0.7519      Cs135
        58            141              0        3.603610E+01   0.000000E+00          1.2012      Ce141
        59            141              0        1.422310E+01   0.000000E+00          0.7858      Pr141
        60            143              0        4.055220E+02   0.000000E+00          0.9701      Nd143
        60            145              0        5.869310E+01   0.000000E+00          0.9171      Nd145
        61            147              0        1.886750E+02   0.000000E+00          0.9529      Pm147
        62            147              0        6.417800E+01   0.000000E+00          0.8335      Sm147
        62            149              0        4.069330E+04   0.000000E+00          1.0998      Sm149
        62            150              0        1.227950E+02   0.000000E+00          0.9096      Sm150
        62            151              0        1.519940E+04   0.000000E+00          0.9525      Sm151
        62            152              0        2.090500E+02   0.000000E+00          1.0133      Sm152
        62            153              0        4.241120E+02   0.000000E+00          1.0098      Sm153
        62            154              0        1.916240E+01   0.000000E+00          0.6162      Sm154
        63            151              0        9.187160E+03   0.000000E+00          1.0609      Eu151
        63            152              0        1.281620E+04   0.000000E+00          0.9709      Eu152
        63            153              0        3.670430E+02   0.000000E+00          0.9920      Eu153
        63            154              0        1.474180E+03   0.000000E+00          0.9635      Eu154
        64            152              0        1.036530E+03   0.000000E+00          1.0112      Gd152
        64            153              0        2.235630E+04   0.000000E+00          0.9720      Gd153
        64            155              0        6.078950E+04   0.000000E+00          0.9980      Gd155
        64            157              0        2.538910E+05   0.000000E+00          0.9921      Gd157
        65            159              0        3.030060E+01   0.000000E+00          0.5794      Tb159
        66            161              0        6.223830E+02   0.000000E+00          0.9193      Dy161
        66            162              0        1.949530E+02   0.000000E+00          1.1334      Dy162
        66            163              0        1.281670E+02   0.000000E+00          1.0172      Dy163
        66            164              0        2.977400E+03   0.000000E+00          0.9925      Dy164
        67            165              0        7.350290E+01   0.000000E+00          0.7171      Ho165
        68            162              0        2.693930E+01   0.000000E+00          0.1448      Er162
        68            164              0        2.207950E+01   0.000000E+00          0.4416      Er164
        68            166              0        3.115060E+01   0.000000E+00          0.5790      Er166
        68            167              0        6.521140E+02   0.000000E+00          0.9652      Er167
        68            168              0        1.240270E+01   0.000000E+00          0.3544      Er168
        68            170              0        2.055380E+01   0.000000E+00          0.3195      Er170
        69            169              0        1.119900E+02   0.000000E+00          0.8401      Tm169
        70            168              0        2.310230E+03   0.000000E+00          0.5635      Yb168
        70            170              0        1.533450E+01   0.000000E+00          0.9020      Yb170
        70            171              0        7.480630E+01   0.000000E+00          1.3124      Yb171
        70            172              0        1.279870E+01   0.000000E+00          1.2548      Yb172
        70            173              0        2.982470E+01   0.000000E+00          1.0652      Yb173
        70            174              0        1.101130E+02   0.000000E+00          0.7754      Yb174
        70            176              0        1.169360E+01   0.000000E+00          0.3380      Yb176
        71            175              0        2.951030E+01   0.000000E+00          1.3726      Lu175
        71            176              0        2.099220E+03   0.000000E+00          0.9837      Lu176
        72            174              0        5.771960E+02   0.000000E+00          0.8880      Hf174
        72            176              0        2.795910E+01   0.000000E+00          1.4715      Hf176
        72            177              0        3.720980E+02   0.000000E+00          0.9766      Hf177
        72            178              0        9.004530E+01   0.000000E+00          0.9095      Hf178
        72            179              0        4.749610E+01   0.000000E+00          0.7307      Hf179
        72            180              0        3.523260E+01   0.000000E+00          0.6908      Hf180
        73            181              0        2.686680E+01   0.000000E+00          1.0199      Ta181
        73            182              0        8.318240E+03   0.000000E+00          1.0064      Ta182
        74            180              0        3.963390E+01   0.000000E+00          0.7991      W180
        74            184              0        8.985890E+00   0.000000E+00          0.8640      W184
        74            186              0        3.797050E+01   0.000000E+00          1.0090      W186
        75            185              0        1.217830E+02   0.000000E+00          1.0409      Re185
        75            187              0        8.742230E+01   0.000000E+00          0.9607      Re187
        76            187              0        3.274590E+02   0.000000E+00          0.9147      Os187
        77            191              0        9.684530E+02   0.000000E+00          1.0248      Ir191
        77            192              0        1.588670E+03   0.000000E+00          1.3350      Ir192
        77            193              0        1.242680E+02   0.000000E+00          0.9486      Ir193
        79            197              0        1.069930E+02   0.000000E+00          1.0337      Au197
        83            209              0        9.356410E+00   0.000000E+00          2.1898      Bi209
        88            226              0        2.261120E+01   0.000000E+00          1.0767      Ra226
        90            230              0        3.380670E+01   0.000000E+00          0.6261      Th230
        90            232              0        2.038080E+01   0.000000E+00          1.0486      Th232
        91            231              0        2.118720E+02   0.000000E+00          0.9933      Pa231
        91            233              0        5.494070E+01   0.000000E+00          0.9953      Pa233
        92            232              0        1.626810E+02   0.000000E+00          0.9724      U232
        92            233              0        5.896110E+02   0.000000E+00          1.0017      U233
        92            234              0        1.182340E+02   0.000000E+00          1.0652      U234
        92            235              0        6.995390E+02   0.000000E+00          1.0065      U235
        92            236              0        1.402090E+01   0.000000E+00          0.8763      U236
        92            238              0        1.192240E+01   0.000000E+00          1.1301      U238
        93            237              0        1.912580E+02   0.000000E+00          0.9515      Np237
        94            238              0        5.850390E+02   0.000000E+00          0.9654      Pu238
        94            239              0        1.029520E+03   0.000000E+00          1.0113      Pu239
        94            240              0        2.876680E+02   0.000000E+00          1.0129      Pu240
        94            241              0        1.399380E+03   0.000000E+00          0.9974      Pu241
        94            242              0        2.999250E+01   0.000000E+00          1.1162      Pu242
        95            241              0        6.990440E+02   0.000000E+00          1.0798      Am241
        95            243              0        8.836420E+01   0.000000E+00          1.0396      Am243
        96            244              0        2.864000E+01   0.000000E+00          1.2452      Cm244
        96            245              0        2.410830E+03   0.000000E+00          0.8313      Cm245
        97            249              0        7.187420E+02   0.000000E+00          0.3416      Bk249
        98            249              0        2.184750E+03   0.000000E+00          0.8752      Cf249
        98            250              0        2.131430E+03   0.000000E+00          0.3438      Cf250
        98            251              0        7.809630E+03   0.000000E+00          3.9048      Cf251
