# header: 
#   title: (n,tot) thermal cross section for jeff4.0
#   source: Resonancetables
#   date: 2025-08-25
# reaction: 
#   type: (n,tot)
# quantity: 
#   type: thermal cross section
# datablock: 
#   columns: 7
#   entries: 102
##       Z              A            Liso           Value         dValue          Ratio         Nuclide
##      []             []             []             [b]            [b]            []             [%]
         1              1              0        3.043120E+01   0.000000E+00          0.8670      H001
         1              2              0        4.247940E+00   0.000000E+00          0.7414      H002
         2              3              0        5.971590E+03   0.000000E+00          1.1709      He003
         3              6              0        9.388550E+02   0.000000E+00         16.3109      Li006
         4              9              0        6.502270E+00   0.000000E+00          1.0027      Be009
         5             10              0        3.848720E+03   0.000000E+00          1.0182      B010
         6             12              0        4.951290E+00   0.000000E+00          0.8392      C012
        11             23              0        3.577210E+00   0.000000E+00          0.9163      Na023
        13             27              0        1.685140E+00   0.000000E+00          1.0665      Al027
        15             31              0        3.129800E+00   0.000000E+00          0.3569      P031
        23             50              0        5.076570E+01   0.000000E+00          1.0510      V050
        23             51              0        9.879170E+00   0.000000E+00          0.9373      V051
        27             60              0        6.425340E+00   0.000000E+00          1.0709      Co060
        33             75              0        9.622860E+00   0.000000E+00          1.0085      As075
        39             89              0        8.938180E+00   0.000000E+00          1.0483      Y089
        41             93              0        7.433120E+00   0.000000E+00          1.0581      Nb093
        43             99              0        2.822620E+01   0.000000E+00          0.9409      Tc099
        48            106              0        5.711120E+00   0.000000E+00          1.0333      Cd106
        48            108              0        4.043890E+00   0.000000E+00          0.9546      Cd108
        48            110              0        1.516380E+01   0.000000E+00          0.9955      Cd110
        48            111              0        1.221120E+01   0.000000E+00          0.9803      Cd111
        48            112              0        7.275640E+00   0.000000E+00          1.0004      Cd112
        48            113              0        1.998400E+04   0.000000E+00          0.9900      Cd113
        48            114              0        6.893110E+00   0.000000E+00          1.1506      Cd114
        48            116              0        5.039770E+00   0.000000E+00          1.0041      Cd116
        53            129              0        3.617010E+01   0.000000E+00          1.0334      I129
        55            135              0        1.311220E+01   0.000000E+00          0.6556      Cs135
        58            141              0        3.234260E+01   0.000000E+00          1.0781      Ce141
        59            141              0        1.406340E+01   0.000000E+00          0.7991      Pr141
        60            143              0        4.227790E+02   0.000000E+00          1.0114      Nd143
        60            145              0        5.631120E+01   0.000000E+00          0.8799      Nd145
        61            147              0        1.821710E+02   0.000000E+00          0.9201      Pm147
        62            147              0        6.430040E+01   0.000000E+00          0.8351      Sm147
        62            149              0        4.039510E+04   0.000000E+00          1.0918      Sm149
        62            150              0        1.124320E+02   0.000000E+00          0.8328      Sm150
        62            151              0        1.484910E+04   0.000000E+00          0.9899      Sm151
        62            152              0        2.090750E+02   0.000000E+00          1.0179      Sm152
        62            153              0        4.253670E+02   0.000000E+00          1.0128      Sm153
        62            154              0        1.498600E+01   0.000000E+00          0.5150      Sm154
        63            151              0        9.250490E+03   0.000000E+00          0.9748      Eu151
        63            152              0        1.277980E+04   0.000000E+00          1.1210      Eu152
        63            153              0        3.235310E+02   0.000000E+00          1.0784      Eu153
        63            154              0        1.358940E+03   0.000000E+00          0.8882      Eu154
        64            152              0        7.973930E+02   0.000000E+00          0.7779      Gd152
        64            153              0        2.245860E+04   0.000000E+00          0.9765      Gd153
        64            155              0        6.191880E+04   0.000000E+00          1.0186      Gd155
        64            157              0        2.555890E+05   0.000000E+00          1.0037      Gd157
        66            161              0        6.162680E+02   0.000000E+00          0.9103      Dy161
        66            162              0        1.951720E+02   0.000000E+00          1.1347      Dy162
        66            163              0        1.357730E+02   0.000000E+00          1.0776      Dy163
        66            164              0        2.969740E+03   0.000000E+00          0.9899      Dy164
        67            165              0        7.311040E+01   0.000000E+00          0.7133      Ho165
        68            162              0        3.120330E+01   0.000000E+00          0.1696      Er162
        68            164              0        1.967370E+01   0.000000E+00          0.3935      Er164
        68            166              0        3.051670E+01   0.000000E+00          0.5672      Er166
        68            167              0        6.506340E+02   0.000000E+00          0.9630      Er167
        68            168              0        9.792250E+00   0.000000E+00          0.2914      Er168
        68            170              0        1.929040E+01   0.000000E+00          0.4287      Er170
        69            169              0        1.138850E+02   0.000000E+00          0.8544      Tm169
        70            168              0        2.562440E+03   0.000000E+00          0.6250      Yb168
        70            170              0        1.550310E+01   0.000000E+00          0.9119      Yb170
        70            171              0        7.103520E+01   0.000000E+00          1.2462      Yb171
        70            172              0        1.337260E+01   0.000000E+00          1.3110      Yb172
        70            173              0        2.937540E+01   0.000000E+00          1.0491      Yb173
        70            174              0        1.101310E+02   0.000000E+00          0.7756      Yb174
        70            176              0        1.205190E+01   0.000000E+00          0.8089      Yb176
        71            175              0        2.959100E+01   0.000000E+00          1.3763      Lu175
        71            176              0        2.058320E+03   0.000000E+00          0.9645      Lu176
        72            174              0        6.662210E+02   0.000000E+00          1.0250      Hf174
        72            176              0        2.214600E+01   0.000000E+00          1.1656      Hf176
        72            177              0        3.712730E+02   0.000000E+00          0.9745      Hf177
        72            178              0        8.736590E+01   0.000000E+00          0.8825      Hf178
        72            179              0        4.765930E+01   0.000000E+00          0.7332      Hf179
        72            180              0        3.861290E+01   0.000000E+00          0.7571      Hf180
        73            181              0        2.686680E+01   0.000000E+00          1.2614      Ta181
        75            185              0        1.191630E+02   0.000000E+00          1.0099      Re185
        75            187              0        8.624800E+01   0.000000E+00          0.9583      Re187
        77            191              0        9.662080E+02   0.000000E+00          1.0457      Ir191
        77            193              0        1.318920E+02   0.000000E+00          1.0723      Ir193
        79            197              0        1.069930E+02   0.000000E+00          1.0337      Au197
        83            209              0        9.423650E+00   0.000000E+00          1.4200      Bi209
        88            226              0        2.362450E+01   0.000000E+00          1.1196      Ra226
        90            232              0        2.038090E+01   0.000000E+00          1.0795      Th232
        91            231              0        2.118720E+02   0.000000E+00          1.0041      Pa231
        91            233              0        5.494070E+01   0.000000E+00          0.9989      Pa233
        92            233              0        5.903650E+02   0.000000E+00          1.0367      U233
        92            234              0        1.181520E+02   0.000000E+00          1.0741      U234
        92            235              0        6.996470E+02   0.000000E+00          1.0067      U235
        92            236              0        1.435320E+01   0.000000E+00          0.8971      U236
        93            237              0        1.943320E+02   0.000000E+00          1.0678      Np237
        94            238              0        5.727910E+02   0.000000E+00          0.9720      Pu238
        94            239              0        1.031990E+03   0.000000E+00          1.0137      Pu239
        94            240              0        2.876680E+02   0.000000E+00          1.0129      Pu240
        94            241              0        1.399500E+03   0.000000E+00          1.0047      Pu241
        94            242              0        2.697180E+01   0.000000E+00          0.6934      Pu242
        95            241              0        7.335590E+02   0.000000E+00          1.1462      Am241
        95            243              0        8.338800E+01   0.000000E+00          0.9810      Am243
        96            244              0        2.864000E+01   0.000000E+00          1.2452      Cm244
        96            245              0        2.410830E+03   0.000000E+00          0.8313      Cm245
        97            249              0        7.187420E+02   0.000000E+00          0.3416      Bk249
        98            250              0        2.131430E+03   0.000000E+00          0.3438      Cf250
        98            251              0        7.809630E+03   0.000000E+00          3.9048      Cf251
