# header: 
#   title: (n,tot) thermal cross section for jendl5.0
#   source: Resonancetables
#   date: 2025-11-14
# reaction: 
#   type: (n,tot)
# quantity: 
#   type: thermal cross section
# datablock: 
#   columns: 7
#   entries: 102
##       Z              A            Liso           Value         dValue          Ratio         Nuclide
##      []             []             []             [b]            [b]            []             [%]
         1              1              0        3.043120E+01   0.000000E+00          1.3465      H001
         1              2              0        4.227740E+00   0.000000E+00          0.5033      H002
         2              3              0        5.351280E+03   0.000000E+00          1.0493      He003
         3              6              0        9.447870E+02   0.000000E+00         15.9189      Li006
         4              9              0        6.503230E+00   0.000000E+00          0.9761      Be009
         5             10              0        3.841140E+03   0.000000E+00          0.9774      B010
         6             12              0        4.949380E+00   0.000000E+00          0.8608      C012
        11             23              0        3.884930E+00   0.000000E+00          0.9977      Na023
        13             27              0        1.670260E+00   0.000000E+00          1.1210      Al027
        15             31              0        3.351150E+00   0.000000E+00          0.7960      P031
        23             50              0        5.237440E+01   0.000000E+00          1.0844      V050
        23             51              0        9.884050E+00   0.000000E+00          0.9924      V051
        27             60              0        6.407020E+00   0.000000E+00          1.0678      Co060
        33             75              0        9.618060E+00   0.000000E+00          0.8588      As075
        39             89              0        8.938180E+00   0.000000E+00          1.0483      Y089
        41             93              0        7.024980E+00   0.000000E+00          1.0090      Nb093
        43             99              0        2.843760E+01   0.000000E+00          1.1421      Tc099
        48            106              0        6.027280E+00   0.000000E+00          1.0905      Cd106
        48            108              0        5.354770E+00   0.000000E+00          1.2641      Cd108
        48            110              0        1.644800E+01   0.000000E+00          1.0798      Cd110
        48            111              0        1.169240E+01   0.000000E+00          0.9386      Cd111
        48            112              0        8.688320E+00   0.000000E+00          1.1946      Cd112
        48            113              0        2.018580E+04   0.000000E+00          1.0000      Cd113
        48            114              0        4.231130E+00   0.000000E+00          0.7062      Cd114
        48            116              0        5.572590E+00   0.000000E+00          1.1103      Cd116
        53            129              0        3.464480E+01   0.000000E+00          0.9842      I129
        55            135              0        1.352410E+01   0.000000E+00          0.6762      Cs135
        58            141              0        3.230350E+01   0.000000E+00          1.0768      Ce141
        59            141              0        1.420690E+01   0.000000E+00          0.7849      Pr141
        60            143              0        4.080820E+02   0.000000E+00          0.9763      Nd143
        60            145              0        6.914570E+01   0.000000E+00          1.0804      Nd145
        61            147              0        1.886750E+02   0.000000E+00          0.9529      Pm147
        62            147              0        6.423260E+01   0.000000E+00          0.8342      Sm147
        62            149              0        4.070410E+04   0.000000E+00          1.1001      Sm149
        62            150              0        1.089000E+02   0.000000E+00          0.8067      Sm150
        62            151              0        1.521050E+04   0.000000E+00          0.9532      Sm151
        62            152              0        2.089180E+02   0.000000E+00          1.0127      Sm152
        62            153              0        4.269780E+02   0.000000E+00          1.0166      Sm153
        62            154              0        1.942470E+01   0.000000E+00          0.6246      Sm154
        63            151              0        9.365140E+03   0.000000E+00          1.0814      Eu151
        63            152              0        1.277680E+04   0.000000E+00          0.9679      Eu152
        63            153              0        3.214440E+02   0.000000E+00          0.8688      Eu153
        63            154              0        1.358030E+03   0.000000E+00          0.8876      Eu154
        64            152              0        7.453030E+02   0.000000E+00          0.7271      Gd152
        64            153              0        2.220610E+04   0.000000E+00          0.9655      Gd153
        64            155              0        6.050610E+04   0.000000E+00          0.9934      Gd155
        64            157              0        2.546280E+05   0.000000E+00          0.9950      Gd157
        66            161              0        6.175720E+02   0.000000E+00          0.9122      Dy161
        66            162              0        1.938090E+02   0.000000E+00          1.1268      Dy162
        66            163              0        1.274990E+02   0.000000E+00          1.0119      Dy163
        66            164              0        2.973550E+03   0.000000E+00          0.9912      Dy164
        67            165              0        7.336940E+01   0.000000E+00          0.7158      Ho165
        68            162              0        2.693930E+01   0.000000E+00          0.1448      Er162
        68            164              0        2.200730E+01   0.000000E+00          0.4401      Er164
        68            166              0        2.918900E+01   0.000000E+00          0.5425      Er166
        68            167              0        6.453900E+02   0.000000E+00          0.9553      Er167
        68            168              0        1.171400E+01   0.000000E+00          0.3347      Er168
        68            170              0        2.168160E+01   0.000000E+00          0.3370      Er170
        69            169              0        1.114190E+02   0.000000E+00          0.8359      Tm169
        70            168              0        2.310230E+03   0.000000E+00          0.5635      Yb168
        70            170              0        1.533450E+01   0.000000E+00          0.9020      Yb170
        70            171              0        7.480630E+01   0.000000E+00          1.3124      Yb171
        70            172              0        1.279870E+01   0.000000E+00          1.2548      Yb172
        70            173              0        2.982470E+01   0.000000E+00          1.0652      Yb173
        70            174              0        1.101130E+02   0.000000E+00          0.7754      Yb174
        70            176              0        1.169360E+01   0.000000E+00          0.3380      Yb176
        71            175              0        2.981350E+01   0.000000E+00          1.3867      Lu175
        72            174              0        5.771960E+02   0.000000E+00          0.8880      Hf174
        72            176              0        2.795910E+01   0.000000E+00          1.4715      Hf176
        72            177              0        3.720980E+02   0.000000E+00          0.9766      Hf177
        72            178              0        8.850700E+01   0.000000E+00          0.8940      Hf178
        72            179              0        4.749610E+01   0.000000E+00          0.7307      Hf179
        72            180              0        3.412720E+01   0.000000E+00          0.6692      Hf180
        73            181              0        2.634040E+01   0.000000E+00          0.9999      Ta181
        75            185              0        1.197590E+02   0.000000E+00          1.0236      Re185
        75            187              0        8.976140E+01   0.000000E+00          0.9864      Re187
        77            191              0        9.677810E+02   0.000000E+00          1.0241      Ir191
        77            193              0        1.264170E+01   0.000000E+00          0.0965      Ir193
        79            197              0        1.069930E+02   0.000000E+00          1.0337      Au197
        79            198              0        1.006020E+01   0.000000E+00          0.0004      Au198
        83            209              0        9.423650E+00   0.000000E+00          2.2055      Bi209
        88            226              0        2.261120E+01   0.000000E+00          1.0767      Ra226
        90            232              0        2.038090E+01   0.000000E+00          1.0486      Th232
        91            231              0        2.122390E+02   0.000000E+00          0.9950      Pa231
        91            233              0        5.354710E+01   0.000000E+00          0.9701      Pa233
        92            233              0        5.928850E+02   0.000000E+00          1.0073      U233
        92            234              0        1.181520E+02   0.000000E+00          1.0644      U234
        92            235              0        7.001340E+02   0.000000E+00          1.0074      U235
        92            236              0        1.595010E+01   0.000000E+00          0.9969      U236
        93            237              0        1.880900E+02   0.000000E+00          0.9358      Np237
        94            238              0        5.607930E+02   0.000000E+00          0.9254      Pu238
        94            239              0        1.025350E+03   0.000000E+00          1.0072      Pu239
        94            240              0        2.919600E+02   0.000000E+00          1.0280      Pu240
        94            241              0        1.386280E+03   0.000000E+00          0.9881      Pu241
        94            242              0        2.777180E+01   0.000000E+00          1.0336      Pu242
        95            241              0        7.166430E+02   0.000000E+00          1.1070      Am241
        95            243              0        8.578400E+01   0.000000E+00          1.0092      Am243
        96            244              0        2.742620E+01   0.000000E+00          1.1924      Cm244
        96            245              0        2.410830E+03   0.000000E+00          0.8313      Cm245
        97            249              0        7.187420E+02   0.000000E+00          0.3416      Bk249
        98            250              0        2.131430E+03   0.000000E+00          0.3438      Cf250
        98            251              0        7.809630E+03   0.000000E+00          3.9048      Cf251
