# header: 
#   title: (n,tot) thermal cross section for tendl.2025
#   source: Resonancetables
#   date: 2025-12-18
# reaction: 
#   type: (n,tot)
# quantity: 
#   type: thermal cross section
# datablock: 
#   columns: 7
#   entries: 126
##       Z              A            Liso           Value         dValue          Ratio         Nuclide
##      []             []             []             [b]            [b]            []             [%]
         3              6              0        4.849640E-01   0.000000E+00          0.0082      Li006
         4              9              0        7.136750E+00   0.000000E+00          1.0712      Be009
         5             10              0        3.877390E+03   0.000000E+00          0.9866      B010
         6             12              0        3.421360E+00   0.000000E+00          0.5950      C012
         9             19              0        3.928370E+00   0.000000E+00          1.5713      F019
        11             23              0        3.674440E+00   0.000000E+00          0.9436      Na023
        13             27              0        1.685150E+00   0.000000E+00          1.1310      Al027
        15             31              0        3.129800E+00   0.000000E+00          0.7434      P031
        21             45              0        5.054900E+01   0.000000E+00          0.9996      Sc045
        23             50              0        5.076380E+01   0.000000E+00          1.0510      V050
        23             51              0        9.878730E+00   0.000000E+00          0.9918      V051
        25             55              0        1.549870E+01   0.000000E+00          0.9657      Mn055
        26             55              0        1.577190E+01   0.000000E+00          0.0655      Fe055
        26             56              0        1.479420E+01   0.000000E+00          0.9557      Fe056
        27             59              0        4.340510E+01   0.000000E+00          0.8871      Co059
        27             60              0        6.425340E+00   0.000000E+00          1.0709      Co060
        28             59              0        9.109250E+01   0.000000E+00          0.9826      Ni059
        33             75              0        9.622860E+00   0.000000E+00          0.8592      As075
        39             89              0        8.938120E+00   0.000000E+00          1.0483      Y089
        41             93              0        7.433090E+00   0.000000E+00          1.0677      Nb093
        41             94              0        2.063130E+01   0.000000E+00          2.5068      Nb094
        43             99              0        2.822620E+01   0.000000E+00          1.1336      Tc099
        44            101              0        1.107610E+01   0.000000E+00          0.9889      Ru101
        44            102              0        1.049360E+01   0.000000E+00          1.0090      Ru102
        45            103              0        1.467180E+02   0.000000E+00          0.9913      Rh103
        47            109              0        9.604040E+01   0.000000E+00          0.9901      Ag109
        48            106              0        5.711120E+00   0.000000E+00          1.0333      Cd106
        48            108              0        4.043890E+00   0.000000E+00          0.9546      Cd108
        48            110              0        1.516380E+01   0.000000E+00          0.9955      Cd110
        48            111              0        1.221120E+01   0.000000E+00          0.9803      Cd111
        48            112              0        7.275640E+00   0.000000E+00          1.0004      Cd112
        48            113              0        1.998400E+04   0.000000E+00          0.9900      Cd113
        48            114              0        6.893110E+00   0.000000E+00          1.1506      Cd114
        48            116              0        5.039770E+00   0.000000E+00          1.0041      Cd116
        50            112              0        4.760350E+00   0.000000E+00          0.9917      Sn112
        53            127              0        9.787170E+00   0.000000E+00          1.0818      I127
        53            129              0        3.617010E+01   0.000000E+00          1.0276      I129
        55            133              0        3.303190E+01   0.000000E+00          0.9331      Cs133
        55            135              0        1.288600E+01   0.000000E+00          0.6443      Cs135
        58            141              0        3.163510E+01   0.000000E+00          1.0545      Ce141
        59            141              0        1.406330E+01   0.000000E+00          0.7770      Pr141
        60            143              0        4.133330E+02   0.000000E+00          0.9888      Nd143
        60            145              0        5.631120E+01   0.000000E+00          0.8799      Nd145
        61            147              0        1.831270E+02   0.000000E+00          0.9249      Pm147
        62            147              0        6.430040E+01   0.000000E+00          0.8351      Sm147
        62            149              0        4.039510E+04   0.000000E+00          1.0918      Sm149
        62            150              0        1.181410E+02   0.000000E+00          0.8751      Sm150
        62            151              0        1.519620E+04   0.000000E+00          0.9523      Sm151
        62            152              0        2.090750E+02   0.000000E+00          1.0135      Sm152
        62            153              0        4.253670E+02   0.000000E+00          1.0128      Sm153
        62            154              0        1.498600E+01   0.000000E+00          0.4819      Sm154
        63            151              0        9.250490E+03   0.000000E+00          1.0682      Eu151
        63            152              0        1.277980E+04   0.000000E+00          0.9682      Eu152
        63            153              0        3.235310E+02   0.000000E+00          0.8744      Eu153
        63            154              0        1.459230E+03   0.000000E+00          0.9537      Eu154
        64            152              0        7.973930E+02   0.000000E+00          0.7779      Gd152
        64            153              0        2.245860E+04   0.000000E+00          0.9765      Gd153
        64            155              0        6.023480E+04   0.000000E+00          0.9889      Gd155
        64            157              0        2.545630E+05   0.000000E+00          0.9947      Gd157
        65            159              0        3.076480E+01   0.000000E+00          0.5882      Tb159
        66            161              0        6.162640E+02   0.000000E+00          0.9103      Dy161
        66            162              0        1.951710E+02   0.000000E+00          1.1347      Dy162
        66            163              0        1.357730E+02   0.000000E+00          1.0776      Dy163
        66            164              0        2.969720E+03   0.000000E+00          0.9899      Dy164
        67            165              0        7.311010E+01   0.000000E+00          0.7133      Ho165
        68            162              0        2.908640E+01   0.000000E+00          0.1564      Er162
        68            164              0        1.966070E+01   0.000000E+00          0.3932      Er164
        68            166              0        3.051660E+01   0.000000E+00          0.5672      Er166
        68            167              0        6.506310E+02   0.000000E+00          0.9630      Er167
        68            168              0        9.792240E+00   0.000000E+00          0.2798      Er168
        68            170              0        1.929030E+01   0.000000E+00          0.2999      Er170
        69            169              0        1.138840E+02   0.000000E+00          0.8543      Tm169
        70            168              0        3.033430E+03   0.000000E+00          0.7399      Yb168
        70            170              0        1.554160E+01   0.000000E+00          0.9142      Yb170
        70            171              0        7.103490E+01   0.000000E+00          1.2462      Yb171
        70            172              0        1.337260E+01   0.000000E+00          1.3110      Yb172
        70            173              0        2.937540E+01   0.000000E+00          1.0491      Yb173
        70            174              0        1.101310E+02   0.000000E+00          0.7756      Yb174
        70            176              0        1.205190E+01   0.000000E+00          0.3483      Yb176
        71            175              0        2.959100E+01   0.000000E+00          1.3763      Lu175
        71            176              0        2.058320E+03   0.000000E+00          0.9645      Lu176
        72            174              0        5.631940E+02   0.000000E+00          0.8665      Hf174
        72            176              0        2.905740E+01   0.000000E+00          1.5293      Hf176
        72            177              0        3.737870E+02   0.000000E+00          0.9811      Hf177
        72            178              0        8.803860E+01   0.000000E+00          0.8893      Hf178
        72            179              0        4.790000E+01   0.000000E+00          0.7369      Hf179
        72            180              0        3.493630E+01   0.000000E+00          0.6850      Hf180
        73            181              0        2.622690E+01   0.000000E+00          0.9956      Ta181
        73            182              0        8.246400E+03   0.000000E+00          0.9977      Ta182
        74            180              0        2.979880E+01   0.000000E+00          0.6008      W180
        74            184              0        9.678970E+00   0.000000E+00          0.9307      W184
        74            186              0        3.797610E+01   0.000000E+00          1.0092      W186
        75            185              0        1.191630E+02   0.000000E+00          1.0185      Re185
        75            187              0        8.624800E+01   0.000000E+00          0.9478      Re187
        76            187              0        3.259280E+02   0.000000E+00          0.9104      Os187
        77            191              0        9.662080E+02   0.000000E+00          1.0224      Ir191
        77            192              0        1.584090E+03   0.000000E+00          1.3312      Ir192
        77            193              0        1.318920E+02   0.000000E+00          1.0068      Ir193
        79            197              0        1.069930E+02   0.000000E+00          1.0337      Au197
        79            198              0        2.515590E+04   0.000000E+00          0.9827      Au198
        83            209              0        9.818910E+00   0.000000E+00          2.2980      Bi209
        88            226              0        2.362450E+01   0.000000E+00          1.1250      Ra226
        90            230              0        3.347300E+01   0.000000E+00          0.6199      Th230
        90            232              0        2.028970E+01   0.000000E+00          1.0439      Th232
        91            231              0        2.104890E+02   0.000000E+00          0.9868      Pa231
        91            233              0        5.954750E+01   0.000000E+00          1.0788      Pa233
        92            232              0        1.626810E+02   0.000000E+00          0.9724      U232
        92            233              0        5.928860E+02   0.000000E+00          1.0073      U233
        92            234              0        1.265230E+02   0.000000E+00          1.1398      U234
        92            235              0        7.000960E+02   0.000000E+00          1.0073      U235
        92            236              0        1.402090E+01   0.000000E+00          0.8763      U236
        92            238              0        1.192260E+01   0.000000E+00          1.1301      U238
        93            237              0        1.930630E+02   0.000000E+00          0.9605      Np237
        94            238              0        5.433150E+02   0.000000E+00          0.8966      Pu238
        94            239              0        1.025340E+03   0.000000E+00          1.0072      Pu239
        94            240              0        2.912230E+02   0.000000E+00          1.0254      Pu240
        94            241              0        1.386280E+03   0.000000E+00          0.9881      Pu241
        94            242              0        2.999250E+01   0.000000E+00          1.1162      Pu242
        95            241              0        6.990450E+02   0.000000E+00          1.0798      Am241
        95            243              0        8.578430E+01   0.000000E+00          1.0092      Am243
        96            244              0        2.864000E+01   0.000000E+00          1.2452      Cm244
        96            245              0        2.398900E+03   0.000000E+00          0.8272      Cm245
        97            249              0        7.585500E+02   0.000000E+00          0.3605      Bk249
        98            249              0        2.146520E+03   0.000000E+00          0.8599      Cf249
        98            250              0        2.151920E+03   0.000000E+00          0.3471      Cf250
        98            251              0        7.724850E+03   0.000000E+00          3.8624      Cf251
