# header: 
#   title: (n,g)-g thermal cross section for jeff4.0
#   source: Resonancetables
#   date: 2025-10-13
# reaction: 
#   type: (n,g)-g
# quantity: 
#   type: thermal cross section
# datablock: 
#   columns: 7
#   entries: 96
##       Z              A            Liso           Value         dValue          Ratio         Nuclide
##      []             []             []             [b]            [b]            []             [%]
        21             45              0        1.982880E+01   0.000000E+00          1.1396      Sc045
        30             68              0        1.002250E+00   0.000000E+00          1.0022      Zn068
        30             70              0        8.432090E-02   0.000000E+00          1.0159      Zn070
        32             74              0        3.904670E-01   0.000000E+00          1.0846      Ge074
        32             76              0        9.417760E-02   0.000000E+00          1.7123      Ge076
        34             76              0        6.873000E+01   0.000000E+00          1.0910      Se076
        34             78              0        2.282820E-01   0.000000E+00          4.5656      Se078
        34             80              0        5.424860E-01   0.000000E+00          1.0121      Se080
        34             82              0        2.331590E-02   0.000000E+00          4.4838      Se082
        35             79              0        8.312690E+00   0.000000E+00          1.0549      Br079
        35             81              0        1.358170E+00   0.000000E+00          5.7794      Br081
        36             78              0        4.538650E+00   0.000000E+00          0.7564      Kr078
        36             80              0        8.254240E+00   0.000000E+00          1.1792      Kr080
        36             82              0        1.058870E+01   0.000000E+00          1.5127      Kr082
        36             84              0        6.173000E-02   0.000000E+00          1.4698      Kr084
        37             85              0        4.421510E-01   0.000000E+00          1.0095      Rb085
        38             84              0        4.452490E-01   0.000000E+00          2.2374      Sr084
        38             86              0        5.925340E-01   0.000000E+00          2.4689      Sr086
        39             89              0        1.282640E+00   0.000000E+00          1.0261      Y089
        41             93              0        6.619390E-01   0.000000E+00          3.6774      Nb093
        41             94              0        1.492540E+01   0.000000E+00          1.0017      Nb094
        45            103              0        1.343050E+02   0.000000E+00          1.0023      Rh103
        45            105              0        6.165470E+03   0.000000E+00          0.5605      Rh105
        46            106              0        2.916480E-01   0.000000E+00          0.9988      Pd106
        46            108              0        7.495990E+00   0.000000E+00          0.8934      Pd108
        46            110              0        2.872970E-01   0.000000E+00          0.9907      Pd110
        47            107              0        3.703170E+01   0.000000E+00          1.0580      Ag107
        47            109              0        8.902530E+01   0.000000E+00          1.0316      Ag109
        48            110              0        1.104100E+01   0.000000E+00          1.0037      Cd110
        48            114              0        2.744770E-01   0.000000E+00          0.9336      Cd114
        48            116              0        5.669310E-02   0.000000E+00          1.1339      Cd116
        49            113              0        3.672150E+00   0.000000E+00          0.9416      In113
        49            115              0        3.139460E+01   0.000000E+00          0.7849      In115
        50            112              0        4.080670E-01   0.000000E+00          1.0572      Sn112
        50            116              0        1.232880E-01   0.000000E+00          0.8806      Sn116
        50            118              0        2.128790E-01   0.000000E+00          0.9856      Sn118
        50            120              0        1.419140E-01   0.000000E+00          1.0137      Sn120
        50            122              0        7.410400E-02   0.000000E+00         18.0741      Sn122
        50            124              0        6.785600E-02   0.000000E+00         14.7513      Sn124
        50            126              0        3.550630E-01   0.000000E+00          1.7753      Sn126
        51            121              0        5.713670E+00   0.000000E+00          0.9684      Sb121
        51            123              0        3.840100E+00   0.000000E+00          0.9897      Sb123
        52            120              0        2.043620E+00   0.000000E+00          1.0218      Te120
        52            122              0        3.534270E+00   0.000000E+00          1.5366      Te122
        52            124              0        5.557650E+00   0.000000E+00          0.7940      Te124
        52            126              0        3.324730E-01   0.000000E+00          1.0230      Te126
        52            128              0        1.822200E-01   0.000000E+00          1.0123      Te128
        52            130              0        1.854140E-01   0.000000E+00          1.0022      Te130
        53            129              0        1.907630E+01   0.000000E+00          1.5261      I129
        54            124              0        1.263420E+02   0.000000E+00          0.9222      Xe124
        54            126              0        2.241860E+00   0.000000E+00          0.7473      Xe126
        54            128              0        3.076360E+00   0.000000E+00          0.4091      Xe128
        54            130              0        3.098540E+00   0.000000E+00          0.6197      Xe130
        54            132              0        4.048390E-01   0.000000E+00          1.0121      Xe132
        54            134              0        2.619300E-01   0.000000E+00          1.0074      Xe134
        55            133              0        2.666220E+01   0.000000E+00          1.0138      Cs133
        55            135              0        8.569660E+00   0.000000E+00          1.0325      Cs135
        56            130              0        7.621710E+00   0.000000E+00          1.0162      Ba130
        56            132              0        7.541920E+00   0.000000E+00          1.0056      Ba132
        56            134              0        1.377580E+00   0.000000E+00          1.0597      Ba134
        56            135              0        5.782740E+00   0.000000E+00          0.9970      Ba135
        56            136              0        6.572650E-01   0.000000E+00          0.9959      Ba136
        58            136              0        3.934620E+00   0.000000E+00          1.0063      Ce136
        58            138              0        9.854140E-01   0.000000E+00          1.0055      Ce138
        59            141              0        8.397040E+00   0.000000E+00          1.1196      Pr141
        61            147              0        9.709720E+01   0.000000E+00          1.0114      Pm147
        63            151              0        6.804800E+03   0.000000E+00          1.1495      Eu151
        66            164              0        1.619170E+03   0.000000E+00          1.5569      Dy164
        67            165              0        6.074850E+01   0.000000E+00          0.9975      Ho165
        68            166              0        8.973260E+00   0.000000E+00          4.7228      Er166
        71            175              0        1.359630E+01   0.000000E+00          2.0600      Lu175
        71            176              0        2.054180E+03   0.000000E+00          0.9782      Lu176
        72            177              0        3.695020E+02   0.000000E+00          0.9853      Hf177
        72            178              0        1.720350E+01   0.000000E+00          0.5376      Hf178
        72            179              0        3.931840E+01   0.000000E+00          0.8547      Hf179
        73            179              0        9.315260E+02   0.000000E+00          0.9920      Ta179
        73            181              0        1.043060E+01   0.000000E+00          0.5113      Ta181
        74            184              0        8.173820E-01   0.000000E+00          0.4087      W184
        75            185              0        1.117370E+02   0.000000E+00          1.0158      Re185
        75            187              0        7.275610E+01   0.000000E+00          1.0001      Re187
        76            189              0        2.535880E+01   0.000000E+00          0.6340      Os189
        76            190              0        3.262680E+00   0.000000E+00          1.6905      Os190
        77            191              0        5.695210E+02   0.000000E+00          1.8431      Ir191
        77            193              0        1.080840E+02   0.000000E+00          1.1259      Ir193
        78            192              0        8.204320E+00   0.000000E+00          1.3674      Pt192
        78            194              0        1.406060E+00   0.000000E+00          1.2782      Pt194
        78            196              0        5.388920E-01   0.000000E+00          0.9798      Pt196
        78            198              0        3.253570E+00   0.000000E+00          0.9038      Pt198
        79            197              0        9.868000E+01   0.000000E+00          1.0008      Au197
        80            196              0        2.975260E+03   0.000000E+00          0.9918      Hg196
        80            198              0        1.990060E+00   0.000000E+00          0.9950      Hg198
        83            209              0        1.805140E-02   0.000000E+00          0.8435      Bi209
        93            239              0        5.522670E+01   0.000000E+00          1.5341      Np239
        95            241              0        6.506640E+02   0.000000E+00          0.9859      Am241
        95            243              0        4.031090E+00   0.000000E+00          1.0608      Am243
        99            253              0        5.884150E+00   0.000000E+00          1.0145      Es253
