# header: 
#   title: (n,g)-g thermal cross section for jendl5.0
#   source: Resonancetables
#   date: 2025-12-18
# reaction: 
#   type: (n,g)-g
# quantity: 
#   type: thermal cross section
# datablock: 
#   columns: 7
#   entries: 39
##       Z              A            Liso           Value         dValue          Ratio         Nuclide
##      []             []             []             [b]            [b]            []             [%]
        11             23              0        1.327050E-01   0.000000E+00          1.0208      Na023
        17             37              0        4.173840E-01   0.000000E+00          1.1281      Cl037
        27             59              0        1.105200E+01   0.000000E+00          0.6698      Co059
        30             68              0        1.000320E+00   0.000000E+00          1.0003      Zn068
        34             78              0        1.961200E-01   0.000000E+00          3.9224      Se078
        35             79              0        8.962210E+00   0.000000E+00          1.1373      Br079
        36             80              0        4.484190E+00   0.000000E+00          0.6406      Kr080
        36             84              0        1.793820E-02   0.000000E+00          0.4271      Kr084
        37             85              0        4.224480E-01   0.000000E+00          0.9645      Rb085
        39             89              0        1.282640E+00   0.000000E+00          1.0261      Y089
        46            106              0        3.030800E-01   0.000000E+00          1.0379      Pd106
        48            110              0        1.036420E+01   0.000000E+00          0.9422      Cd110
        48            114              0        3.029300E-01   0.000000E+00          1.0304      Cd114
        48            116              0        6.511780E-02   0.000000E+00          1.3024      Cd116
        49            113              0        3.672150E+00   0.000000E+00          0.9416      In113
        49            115              0        3.139460E+01   0.000000E+00          0.7849      In115
        50            112              0        5.711970E-01   0.000000E+00          1.4798      Sn112
        50            116              0        1.193110E-01   0.000000E+00          0.8522      Sn116
        51            121              0        5.931640E+00   0.000000E+00          1.0054      Sb121
        51            123              0        4.130620E+00   0.000000E+00          1.0646      Sb123
        53            129              0        1.250840E+01   0.000000E+00          1.0007      I129
        54            124              0        1.429610E+02   0.000000E+00          1.0435      Xe124
        54            126              0        3.884630E+00   0.000000E+00          1.2949      Xe126
        54            128              0        5.132070E+00   0.000000E+00          0.6825      Xe128
        54            130              0        4.583900E+00   0.000000E+00          0.9168      Xe130
        54            132              0        3.938350E-01   0.000000E+00          0.9846      Xe132
        54            134              0        2.621050E-01   0.000000E+00          1.0081      Xe134
        55            133              0        2.928910E+01   0.000000E+00          1.1137      Cs133
        59            141              0        9.111220E+00   0.000000E+00          1.2148      Pr141
        68            166              0        1.748000E+00   0.000000E+00          0.9200      Er166
        72            177              0        3.704530E+02   0.000000E+00          0.9879      Hf177
        72            178              0        2.410130E+01   0.000000E+00          0.7532      Hf178
        73            179              0        9.315560E+02   0.000000E+00          0.9921      Ta179
        82            206              0        2.865480E-02   0.000000E+00          0.9756      Pb206
        83            209              0        2.818720E-02   0.000000E+00          1.3172      Bi209
        84            210              0        1.024850E-03   0.000000E+00          2.0497      Po210
        95            241              0        6.350660E+02   0.000000E+00          0.9622      Am241
        95            243              0        4.252870E+00   0.000000E+00          1.1192      Am243
        99            253              0        5.884150E+00   0.000000E+00          1.0145      Es253
