# header: 
#   title: (n,g)-g thermal cross section for Mughabghab-2018
#   source: Resonancetables
#   date: 2025-12-18
# reaction: 
#   type: (n,g)-g
# quantity: 
#   type: thermal cross section
# datablock: 
#   columns: 7
#   entries: 70
##       Z              A            Liso           Value         dValue          Ratio         Nuclide
##      []             []             []             [b]            [b]            []             [%]
        21             45              0        1.740000E+01   1.100000E+00          1.0000      Sc045
        30             68              0        1.000000E+00   1.000000E-01          1.0000      Zn068
        30             70              0        8.300000E-02   5.000000E-03          1.0000      Zn070
        32             70              0        2.770000E+00   1.500000E-01          1.0000      Ge070
        32             74              0        3.600000E-01   4.000000E-02          1.0000      Ge074
        32             76              0        5.500000E-02   2.000000E-03          1.0000      Ge076
        34             78              0        5.000000E-02   1.000000E-02          1.0000      Se078
        34             80              0        5.360000E-01   4.600000E-02          1.0000      Se080
        34             82              0        5.200000E-03   4.000000E-04          1.0000      Se082
        35             79              0        7.880000E+00   2.400000E-01          1.0000      Br079
        35             81              0        2.350000E-01   8.000000E-03          1.0000      Br081
        36             84              0        4.200000E-02   4.000000E-03          1.0000      Kr084
        37             85              0        4.380000E-01   8.000000E-03          1.0000      Rb085
        38             84              0        1.990000E-01   1.000000E-01          1.0000      Sr084
        38             86              0        2.400000E-01   3.000000E-02          1.0000      Sr086
        38             88              0        5.500000E-03   4.000000E-04          1.0000      Sr088
        38             89              0        4.200000E-01   4.000000E-02          1.0000      Sr089
        38             90              0        1.040000E-02   1.400000E-03          1.0000      Sr090
        41             94              0        1.490000E+01   1.000000E+00          1.0000      Nb094
        45            105              0        1.100000E+04   3.000000E+03          1.0000      Rh105
        46            106              0        2.920000E-01   2.900000E-02          1.0000      Pd106
        46            108              0        8.390000E+00   9.000000E-02          1.0000      Pd108
        46            110              0        2.900000E-01   1.000000E-02          1.0000      Pd110
        47            109              0        8.630000E+01   1.000000E+00          1.0000      Ag109
        48            114              0        2.940000E-01   1.600000E-02          1.0000      Cd114
        48            116              0        5.000000E-02   8.000000E-03          1.0000      Cd116
        49            113              0        3.900000E+00   4.000000E-01          1.0000      In113
        49            115              0        4.000000E+01   2.000000E+00          1.0000      In115
        50            112              0        3.860000E-01   3.800000E-02          1.0000      Sn112
        50            120              0        1.400000E-01   3.000000E-02          1.0000      Sn120
        50            122              0        4.100000E-03   1.200000E-03          1.0000      Sn122
        50            124              0        4.600000E-03   2.000000E-04          1.0000      Sn124
        50            126              0        2.000000E-01   3.900000E-02          1.0000      Sn126
        51            123              0        3.880000E+00   1.200000E-01          1.0000      Sb123
        52            120              0        2.000000E+00   3.000000E-01          1.0000      Te120
        52            126              0        3.250000E-01   1.400000E-02          1.0000      Te126
        52            128              0        1.800000E-01   8.000000E-03          1.0000      Te128
        52            130              0        1.850000E-01   1.000000E-02          1.0000      Te130
        53            125              0        8.940000E+02   9.000000E+01          1.0000      I125
        53            127              0        6.150000E+00   6.000000E-02          1.0000      I127
        53            129              0        1.250000E+01   5.000000E-01          1.0000      I129
        53            130              0        1.800000E+01   3.000000E+00          1.0000      I130
        55            135              0        8.300000E+00   3.000000E-01          1.0000      Cs135
        56            130              0        7.500000E+00   1.900000E-01          1.0000      Ba130
        56            132              0        7.500000E+00   3.000000E-01          1.0000      Ba132
        56            136              0        6.600000E-01   1.700000E-01          1.0000      Ba136
        58            136              0        3.910000E+00   1.800000E-01          1.0000      Ce136
        58            138              0        9.800000E-01   5.000000E-02          1.0000      Ce138
        60            146              0        1.490000E+00   6.000000E-02          1.0000      Nd146
        60            148              0        2.570000E+00   7.000000E-02          1.0000      Nd148
        60            150              0        1.040000E+00   4.000000E-02          1.0000      Nd150
        61            147              0        9.600000E+01   1.800000E+00          1.0000      Pm147
        63            151              0        5.920000E+03   2.000000E+02          1.0000      Eu151
        64            161              0        1.900000E+04   6.000000E+03          1.0000      Gd161
        66            164              0        1.040000E+03   1.400000E+02          1.0000      Dy164
        67            165              0        6.090000E+01   1.000000E+00          1.0000      Ho165
        68            166              0        1.900000E+00   2.600000E+00          1.0000      Er166
        71            175              0        6.600000E+00   1.300000E+00          1.0000      Lu175
        73            181              0        2.040000E+01   3.000000E-01          1.0000      Ta181
        75            187              0        7.275000E+01   1.000000E+00          1.0000      Re187
        76            190              0        1.930000E+00   1.000000E-01          1.0000      Os190
        77            191              0        3.090000E+02   3.000000E+01          1.0000      Ir191
        83            209              0        2.140000E-02   8.000000E-04          1.0000      Bi209
        84            210              0        5.000000E-04   0.000000E+00          1.0000      Po210
        91            233              0        1.940000E+01   3.000000E+00          1.0000      Pa233
        93            239              0        3.600000E+01   8.000000E+00          1.0000      Np239
        95            241              0        6.600000E+02   2.500000E+01          1.0000      Am241
        95            243              0        3.800000E+00   4.000000E-01          1.0000      Am243
        99            253              0        5.800000E+00   7.000000E-01          1.0000      Es253
        99            254              0        2.830000E+01   2.500000E+00          1.0000      Es254
