# header: 
#   title: (n,g)-g thermal cross section for RIPL-3
#   source: Resonancetables
#   date: 2025-09-08
# reaction: 
#   type: (n,g)-g
# quantity: 
#   type: thermal cross section
# datablock: 
#   columns: 7
#   entries: 97
##       Z              A            Liso           Value         dValue          Ratio         Nuclide
##      []             []             []             [b]            [b]            []             [%]
        11             23              0        1.300000E-01   0.000000E+00          1.0000      Na023
        17             37              0        3.700000E-01   0.000000E+00          1.0000      Cl037
        21             45              0        1.500000E+01   1.100000E+00          0.8621      Sc045
        27             59              0        1.650000E+01   0.000000E+00          1.0000      Co059
        30             68              0        8.000000E-01   1.000000E-01          0.8000      Zn068
        30             70              0        8.300000E-02   5.000000E-03          1.0000      Zn070
        32             74              0        2.800000E-01   8.000000E-02          0.7778      Ge074
        32             76              0        6.000000E-02   1.000000E-02          1.0909      Ge076
        34             76              0        6.300000E+01   0.000000E+00          1.0000      Se076
        34             78              0        5.000000E-02   1.000000E-02          1.0000      Se078
        34             80              0        3.900000E-01   4.000000E-02          0.7276      Se080
        34             82              0        5.800000E-03   4.000000E-04          1.1154      Se082
        35             79              0        8.300000E+00   4.000000E-01          1.0533      Br079
        35             81              0        2.400000E-01   0.000000E+00          1.0213      Br081
        36             78              0        6.000000E+00   0.000000E+00          1.0000      Kr078
        36             80              0        7.000000E+00   0.000000E+00          1.0000      Kr080
        36             82              0        7.000000E+00   0.000000E+00          1.0000      Kr082
        36             84              0        2.000000E-02   0.000000E+00          0.4762      Kr084
        37             85              0        4.400000E-01   1.100000E-02          1.0046      Rb085
        38             84              0        2.000000E-01   7.000000E-02          1.0050      Sr084
        38             86              0        2.000000E-01   3.000000E-02          0.8333      Sr086
        39             89              0        1.250000E+00   0.000000E+00          1.0000      Y089
        41             94              0        1.490000E+01   1.000000E+00          1.0000      Nb094
        45            103              0        1.340000E+02   0.000000E+00          1.0000      Rh103
        45            105              0        6.000000E+03   3.000000E+03          0.5455      Rh105
        46            106              0        2.800000E-01   2.900000E-02          0.9589      Pd106
        46            108              0        8.500000E+00   5.000000E-01          1.0131      Pd108
        46            110              0        1.900000E-01   3.000000E-02          0.6552      Pd110
        47            107              0        3.500000E+01   0.000000E+00          1.0000      Ag107
        47            109              0        8.700000E+01   3.000000E+00          1.0081      Ag109
        48            110              0        1.100000E+01   0.000000E+00          1.0000      Cd110
        48            114              0        3.000000E-01   2.000000E-02          1.0204      Cd114
        48            116              0        5.200000E-02   8.000000E-03          1.0400      Cd116
        49            113              0        3.900000E+00   4.000000E-01          1.0000      In113
        49            115              0        4.400000E+01   2.000000E+00          1.1000      In115
        50            112              0        4.000000E-01   1.000000E-01          1.0363      Sn112
        50            116              0        1.400000E-01   0.000000E+00          1.0000      Sn116
        50            118              0        2.160000E-01   0.000000E+00          1.0000      Sn118
        50            120              0        1.300000E-01   3.000000E-02          0.9286      Sn120
        50            122              0        1.000000E-03   1.000000E-03          0.2439      Sn122
        50            124              0        5.000000E-03   2.000000E-03          1.0870      Sn124
        51            121              0        5.900000E+00   0.000000E+00          1.0000      Sb121
        51            123              0        4.000000E+00   1.000000E-01          1.0309      Sb123
        52            120              0        2.000000E+00   3.000000E-01          1.0000      Te120
        52            122              0        2.300000E+00   5.000000E-01          1.0000      Te122
        52            124              0        7.000000E+00   0.000000E+00          1.0000      Te124
        52            126              0        8.000000E-01   1.500000E-01          2.4615      Te126
        52            128              0        2.000000E-01   8.000000E-03          1.1111      Te128
        52            130              0        1.800000E-01   6.000000E-02          0.9730      Te130
        53            129              0        1.250000E+01   5.000000E-01          1.0000      I129
        54            124              0        1.370000E+02   0.000000E+00          1.0000      Xe124
        54            126              0        3.000000E+00   0.000000E+00          1.0000      Xe126
        54            128              0        7.520000E+00   0.000000E+00          1.0000      Xe128
        54            130              0        5.000000E+00   0.000000E+00          1.0000      Xe130
        54            132              0        4.000000E-01   0.000000E+00          1.0000      Xe132
        54            134              0        2.600000E-01   0.000000E+00          1.0000      Xe134
        55            133              0        2.630000E+01   1.000000E+00          1.0000      Cs133
        56            130              0        8.000000E+00   9.000000E-01          1.0667      Ba130
        56            132              0        9.700000E+00   8.000000E-01          1.2933      Ba132
        56            134              0        1.300000E+00   0.000000E+00          1.0000      Ba134
        56            135              0        5.800000E+00   0.000000E+00          1.0000      Ba135
        56            136              0        4.400000E-01   0.000000E+00          0.6667      Ba136
        58            136              0        6.500000E+00   1.500000E+00          1.6624      Ce136
        58            138              0        1.000000E+00   3.000000E-01          1.0204      Ce138
        59            141              0        7.500000E+00   0.000000E+00          1.0000      Pr141
        61            147              0        9.600000E+01   1.000000E+01          1.0000      Pm147
        63            151              0        6.000000E+03   2.000000E+02          1.0135      Eu151
        66            164              0        1.000000E+03   1.400000E+02          0.9615      Dy164
        67            165              0        5.800000E+01   1.100000E+00          0.9524      Ho165
        68            166              0        5.000000E+00   2.500000E+00          2.6316      Er166
        71            175              0        8.000000E+00   1.300000E+00          1.2121      Lu175
        71            176              0        2.100000E+03   0.000000E+00          1.0000      Lu176
        72            177              0        3.750000E+02   0.000000E+00          1.0000      Hf177
        72            178              0        3.200000E+01   0.000000E+00          1.0000      Hf178
        72            179              0        4.600000E+01   0.000000E+00          1.0000      Hf179
        73            181              0        2.000000E+01   5.000000E-01          0.9804      Ta181
        74            184              0        2.000000E+00   0.000000E+00          1.0000      W184
        75            185              0        1.100000E+02   0.000000E+00          1.0000      Re185
        75            187              0        7.200000E+01   0.000000E+00          0.9897      Re187
        76            189              0        4.000000E+01   0.000000E+00          1.0000      Os189
        76            190              0        4.000000E+00   6.000000E-01          2.0725      Os190
        77            191              0        2.600000E+02   3.000000E+01          0.8414      Ir191
        78            192              0        6.000000E+00   0.000000E+00          1.0000      Pt192
        78            194              0        1.100000E+00   0.000000E+00          1.0000      Pt194
        78            196              0        5.500000E-01   0.000000E+00          1.0000      Pt196
        78            198              0        3.600000E+00   0.000000E+00          1.0000      Pt198
        79            197              0        9.860000E+01   0.000000E+00          1.0000      Au197
        80            196              0        3.000000E+03   0.000000E+00          1.0000      Hg196
        80            198              0        2.000000E+00   0.000000E+00          1.0000      Hg198
        82            206              0        2.937000E-02   0.000000E+00          1.0000      Pb206
        83            209              0        2.300000E-02   4.000000E-04          1.0748      Bi209
        84            210              0        3.000000E-02   0.000000E+00         60.0000      Po210
        91            233              0        1.900000E+01   3.000000E+00          0.9794      Pa233
        93            239              0        1.900000E+01   8.000000E+01          0.5278      Np239
        95            241              0        5.700000E+02   1.300000E+01          0.8636      Am241
        95            243              0        5.000000E+00   4.000000E-01          1.3158      Am243
        99            253              0        5.800000E+00   7.000000E-01          1.0000      Es253
