# header: 
#   title: (n,g)-g thermal cross section for tendl.2025
#   source: Resonancetables
#   date: 2025-12-18
# reaction: 
#   type: (n,g)-g
# quantity: 
#   type: thermal cross section
# datablock: 
#   columns: 7
#   entries: 102
##       Z              A            Liso           Value         dValue          Ratio         Nuclide
##      []             []             []             [b]            [b]            []             [%]
        17             37              0        3.874500E-01   0.000000E+00          1.0472      Cl037
        21             45              0        1.982800E+01   0.000000E+00          1.1395      Sc045
        27             59              0        2.751100E+01   0.000000E+00          1.6673      Co059
        30             68              0        1.002220E+00   0.000000E+00          1.0022      Zn068
        30             70              0        8.431840E-02   0.000000E+00          1.0159      Zn070
        32             74              0        3.904670E-01   0.000000E+00          1.0846      Ge074
        32             76              0        9.417760E-02   0.000000E+00          1.7123      Ge076
        34             76              0        6.873000E+01   0.000000E+00          1.0910      Se076
        34             78              0        2.282820E-01   0.000000E+00          4.5656      Se078
        34             80              0        5.424860E-01   0.000000E+00          1.0121      Se080
        34             82              0        2.331590E-02   0.000000E+00          4.4838      Se082
        35             79              0        8.312690E+00   0.000000E+00          1.0549      Br079
        35             81              0        1.358170E+00   0.000000E+00          5.7794      Br081
        36             78              0        4.534630E+00   0.000000E+00          0.7558      Kr078
        36             80              0        8.246000E+00   0.000000E+00          1.1780      Kr080
        36             82              0        1.058120E+01   0.000000E+00          1.5116      Kr082
        36             84              0        6.170980E-02   0.000000E+00          1.4693      Kr084
        37             85              0        4.421400E-01   0.000000E+00          1.0095      Rb085
        38             84              0        4.448300E-01   0.000000E+00          2.2353      Sr084
        38             86              0        5.925200E-01   0.000000E+00          2.4688      Sr086
        39             89              0        1.282610E+00   0.000000E+00          1.0261      Y089
        41             93              0        6.619250E-01   0.000000E+00          3.6774      Nb093
        41             94              0        1.492540E+01   0.000000E+00          1.0017      Nb094
        45            103              0        1.344470E+02   0.000000E+00          1.0033      Rh103
        45            105              0        1.218530E+04   0.000000E+00          1.1078      Rh105
        46            106              0        2.916480E-01   0.000000E+00          0.9988      Pd106
        46            108              0        7.495990E+00   0.000000E+00          0.8934      Pd108
        46            110              0        2.872920E-01   0.000000E+00          0.9907      Pd110
        47            107              0        3.409400E+01   0.000000E+00          0.9741      Ag107
        47            109              0        8.902530E+01   0.000000E+00          1.0316      Ag109
        48            110              0        1.104100E+01   0.000000E+00          1.0037      Cd110
        48            114              0        2.744770E-01   0.000000E+00          0.9336      Cd114
        48            116              0        5.669310E-02   0.000000E+00          1.1339      Cd116
        49            113              0        7.127730E+00   0.000000E+00          1.8276      In113
        49            115              0        9.023750E+01   0.000000E+00          2.2559      In115
        50            112              0        4.080670E-01   0.000000E+00          1.0572      Sn112
        50            116              0        1.232880E-01   0.000000E+00          0.8806      Sn116
        50            118              0        2.128790E-01   0.000000E+00          0.9856      Sn118
        50            120              0        1.419140E-01   0.000000E+00          1.0137      Sn120
        50            122              0        7.410400E-02   0.000000E+00         18.0741      Sn122
        50            124              0        6.785600E-02   0.000000E+00         14.7513      Sn124
        50            126              0        3.550630E-01   0.000000E+00          1.7753      Sn126
        51            121              0        5.713600E+00   0.000000E+00          0.9684      Sb121
        51            123              0        3.840050E+00   0.000000E+00          0.9897      Sb123
        52            120              0        2.042320E+00   0.000000E+00          1.0212      Te120
        52            122              0        3.534230E+00   0.000000E+00          1.5366      Te122
        52            124              0        5.557580E+00   0.000000E+00          0.7939      Te124
        52            126              0        3.324690E-01   0.000000E+00          1.0230      Te126
        52            128              0        1.822200E-01   0.000000E+00          1.0123      Te128
        52            130              0        1.854140E-01   0.000000E+00          1.0022      Te130
        53            129              0        1.907630E+01   0.000000E+00          1.5261      I129
        54            124              0        1.263420E+02   0.000000E+00          0.9222      Xe124
        54            126              0        2.241860E+00   0.000000E+00          0.7473      Xe126
        54            128              0        3.076360E+00   0.000000E+00          0.4091      Xe128
        54            130              0        3.098540E+00   0.000000E+00          0.6197      Xe130
        54            132              0        4.048390E-01   0.000000E+00          1.0121      Xe132
        54            134              0        2.619300E-01   0.000000E+00          1.0074      Xe134
        55            133              0        2.666220E+01   0.000000E+00          1.0138      Cs133
        55            135              0        8.314430E+00   0.000000E+00          1.0017      Cs135
        56            130              0        7.621630E+00   0.000000E+00          1.0162      Ba130
        56            132              0        7.534370E+00   0.000000E+00          1.0046      Ba132
        56            134              0        1.377560E+00   0.000000E+00          1.0597      Ba134
        56            135              0        5.782680E+00   0.000000E+00          0.9970      Ba135
        56            136              0        6.572580E-01   0.000000E+00          0.9958      Ba136
        58            136              0        3.929810E+00   0.000000E+00          1.0051      Ce136
        58            138              0        9.846600E-01   0.000000E+00          1.0048      Ce138
        59            141              0        8.396960E+00   0.000000E+00          1.1196      Pr141
        61            147              0        1.178510E+02   0.000000E+00          1.2276      Pm147
        63            151              0        6.804800E+03   0.000000E+00          1.1495      Eu151
        66            164              0        1.619170E+03   0.000000E+00          1.5569      Dy164
        67            165              0        6.074820E+01   0.000000E+00          0.9975      Ho165
        68            166              0        8.973220E+00   0.000000E+00          4.7227      Er166
        71            175              0        1.359630E+01   0.000000E+00          2.0600      Lu175
        71            176              0        2.054180E+03   0.000000E+00          0.9782      Lu176
        72            177              0        3.713870E+02   0.000000E+00          0.9904      Hf177
        72            178              0        1.338820E+01   0.000000E+00          0.4184      Hf178
        72            179              0        4.051350E+01   0.000000E+00          0.8807      Hf179
        73            179              0        9.315260E+02   0.000000E+00          0.9920      Ta179
        73            181              0        2.030280E+01   0.000000E+00          0.9952      Ta181
        74            184              0        1.725840E+00   0.000000E+00          0.8629      W184
        75            185              0        1.117370E+02   0.000000E+00          1.0158      Re185
        75            187              0        7.275610E+01   0.000000E+00          1.0001      Re187
        76            189              0        2.535880E+01   0.000000E+00          0.6340      Os189
        76            190              0        3.262680E+00   0.000000E+00          1.6905      Os190
        77            191              0        5.695210E+02   0.000000E+00          1.8431      Ir191
        77            193              0        1.080840E+02   0.000000E+00          1.1259      Ir193
        78            192              0        8.204320E+00   0.000000E+00          1.3674      Pt192
        78            194              0        1.406060E+00   0.000000E+00          1.2782      Pt194
        78            196              0        5.388920E-01   0.000000E+00          0.9798      Pt196
        78            198              0        3.253570E+00   0.000000E+00          0.9038      Pt198
        79            197              0        9.867230E+01   0.000000E+00          1.0007      Au197
        80            194              0        3.349950E+01   0.000000E+00          0.0382      Hg194
        80            196              0        2.975260E+03   0.000000E+00          0.9918      Hg196
        80            198              0        1.990060E+00   0.000000E+00          0.9950      Hg198
        82            206              0        2.832120E-02   0.000000E+00          0.9643      Pb206
        83            209              0        2.714780E-02   0.000000E+00          1.2686      Bi209
        84            210              0        9.996100E-03   0.000000E+00         19.9922      Po210
        91            233              0        2.621270E+01   0.000000E+00          1.3512      Pa233
        93            239              0        4.620900E+01   0.000000E+00          1.2836      Np239
        95            241              0        6.314820E+02   0.000000E+00          0.9568      Am241
        95            243              0        3.984750E+01   0.000000E+00         10.4862      Am243
        99            253              0        1.306950E+02   0.000000E+00         22.5336      Es253
