# header: 
#   title: S1 resonance data for cendl3.2
#   source: Resonancetables
#   date: 2025-09-14
# reaction: 
#   type: S1
# quantity: 
#   type: resonance data
# datablock: 
#   columns: 7
#   entries: 139
##       Z              A            Liso           Value         dValue          Ratio         Nuclide
##      []             []             []           [*e-4]         [*e-4]           []             [%]
        11             23              0        1.742120E+00   0.000000E+00         1.0248      Na023
        12             25              0        8.349020E+00   0.000000E+00         4.1745      Mg025
        13             27              0        1.116640E+00   0.000000E+00         0.5317      Al027
        14             28              0        8.459780E-01   0.000000E+00         0.9953      Si028
        14             29              0        1.377700E-02   0.000000E+00         0.0106      Si029
        14             30              0        5.602300E-01   0.000000E+00         1.1205      Si030
        16             32              0        4.929620E-01   0.000000E+00         0.7358      S032
        16             34              0        4.962690E-01   0.000000E+00         0.6893      S034
        20             40              0        1.771610E-01   0.000000E+00         0.4026      Ca040
        22             47              0        2.995420E+00   0.000000E+00         2.0802      Ti047
        22             48              0        4.627730E-01   0.000000E+00         0.3825      Ti048
        22             50              0        4.460580E-01   0.000000E+00         0.8260      Ti050
        24             50              0        7.022560E-01   0.000000E+00         1.0327      Cr050
        24             52              0        9.970960E-01   0.000000E+00         2.3188      Cr052
        24             53              0        7.512330E-01   0.000000E+00         1.5331      Cr053
        24             54              0        1.706330E-01   0.000000E+00         0.2275      Cr054
        25             55              0        2.399640E-01   0.000000E+00         0.7999      Mn055
        26             54              0        4.762750E-01   0.000000E+00         1.1340      Fe054
        26             56              0        4.776850E-01   0.000000E+00         1.1651      Fe056
        26             57              0        2.149510E-01   0.000000E+00         0.5118      Fe057
        26             58              0        7.442540E-01   0.000000E+00         0.8756      Fe058
        28             58              0        6.729090E-01   0.000000E+00         1.4019      Ni058
        28             60              0        3.306200E-01   0.000000E+00         0.5248      Ni060
        28             62              0        2.708760E-01   0.000000E+00         0.9029      Ni062
        28             64              0        3.366780E-01   0.000000E+00         0.4810      Ni064
        29             63              0        1.995170E-01   0.000000E+00         0.4534      Cu063
        29             65              0        1.608340E-01   0.000000E+00         0.3422      Cu065
        30             64              0        6.558130E-01   0.000000E+00         1.0930      Zn064
        30             66              0        4.979160E-01   0.000000E+00         0.7544      Zn066
        30             67              0        2.548280E-01   0.000000E+00         0.3267      Zn067
        30             68              0        4.070300E-01   0.000000E+00         0.7268      Zn068
        30             70              0        6.460580E-01   0.000000E+00         0.9501      Zn070
        31             69              0        4.195760E-01   0.000000E+00         0.4196      Ga069
        31             71              0        4.058140E-01   0.000000E+00         0.2029      Ga071
        33             75              0        5.469960E-02   0.000000E+00         0.0365      As075
        34             76              0        6.956010E-01   0.000000E+00         0.2046      Se076
        34             77              0        1.454520E+00   0.000000E+00         0.3383      Se077
        34             78              0        9.041750E-01   0.000000E+00         0.2583      Se078
        34             80              0        9.814200E-01   0.000000E+00         1.9628      Se080
        36             84              0        4.074240E+00   0.000000E+00         0.8488      Kr084
        36             86              0        4.075600E+00   0.000000E+00         0.8671      Kr086
        37             85              0        1.961230E+00   0.000000E+00         0.7004      Rb085
        38             88              0        3.869440E+00   0.000000E+00         0.7587      Sr088
        39             89              0        2.523660E+00   0.000000E+00         0.5736      Y089
        40             90              0        3.503760E+00   0.000000E+00         0.9220      Zr090
        40             91              0        4.323310E+00   0.000000E+00         0.5543      Zr091
        40             92              0        6.168440E+00   0.000000E+00         0.9638      Zr092
        40             93              0        8.205110E+00   0.000000E+00         0.8288      Zr093
        40             94              0        8.510560E+00   0.000000E+00         0.9054      Zr094
        40             96              0        1.145780E+01   0.000000E+00         1.2731      Zr096
        41             93              0        3.144870E+00   0.000000E+00         0.5422      Nb093
        42             92              0        3.383320E+00   0.000000E+00         0.9398      Mo092
        42             94              0        3.953980E+00   0.000000E+00         0.5492      Mo094
        42             95              0        5.066130E+00   0.000000E+00         0.7342      Mo095
        42             96              0        6.852170E+00   0.000000E+00         0.9651      Mo096
        42             97              0        6.517350E+00   0.000000E+00         0.8302      Mo097
        42             98              0        5.204740E+00   0.000000E+00         0.8261      Mo098
        42            100              0        4.911420E+00   0.000000E+00         0.9823      Mo100
        43             99              0        5.129810E+00   0.000000E+00         0.9679      Tc099
        44             99              0        4.199820E+00   0.000000E+00         0.8235      Ru099
        44            100              0        1.275970E+01   0.000000E+00         2.9674      Ru100
        44            101              0        6.000000E+00   0.000000E+00         0.9231      Ru101
        44            102              0        6.652200E+00   0.000000E+00         1.4461      Ru102
        44            104              0        9.578850E+00   0.000000E+00         2.7368      Ru104
        45            103              0        3.004490E+00   0.000000E+00         0.5365      Rh103
        46            105              0        5.799940E+00   0.000000E+00         1.4146      Pd105
        46            108              0        4.108500E+00   0.000000E+00         1.0271      Pd108
        47            107              0        5.109930E+00   0.000000E+00         1.1355      Ag107
        47            109              0        4.832140E+00   0.000000E+00         1.5100      Ag109
        48            113              0        4.297740E-01   0.000000E+00         0.1433      Cd113
        49            113              0        2.700030E+00   0.000000E+00         1.0757      In113
        49            115              0        4.068440E-01   0.000000E+00         0.1130      In115
        50            112              0        7.001120E-01   0.000000E+00         0.2500      Sn112
        50            115              0        2.699960E+00   0.000000E+00         0.7105      Sn115
        50            116              0        3.659740E+00   0.000000E+00         1.2886      Sn116
        50            117              0        3.836610E-01   0.000000E+00         0.1918      Sn117
        50            118              0        2.783960E+00   0.000000E+00         1.4652      Sn118
        50            119              0        5.204430E-01   0.000000E+00         0.1370      Sn119
        50            120              0        2.196920E+00   0.000000E+00         1.0462      Sn120
        50            122              0        1.407130E+00   0.000000E+00         0.7485      Sn122
        50            124              0        2.600060E+00   0.000000E+00         1.1818      Sn124
        51            121              0        3.242780E-01   0.000000E+00         0.1621      Sb121
        51            123              0        5.874220E-01   0.000000E+00         0.3517      Sb123
        52            130              0        7.715360E-01   0.000000E+00         0.9409      Te130
        53            127              0        4.498430E-01   0.000000E+00         0.2999      I127
        53            129              0        1.500020E+00   0.000000E+00         1.0714      I129
        54            136              0        8.811660E-01   0.000000E+00         1.0013      Xe136
        56            134              0        2.473050E+00   0.000000E+00         0.8244      Ba134
        56            135              0        5.899880E-01   0.000000E+00         0.3576      Ba135
        56            136              0        8.339390E-01   0.000000E+00         0.4633      Ba136
        56            137              0        4.387490E+00   0.000000E+00         5.4167      Ba137
        56            138              0        1.871930E-01   0.000000E+00         0.1702      Ba138
        57            139              0        2.696050E-01   0.000000E+00         0.5502      La139
        58            140              0        3.707690E-01   0.000000E+00         0.9269      Ce140
        58            142              0        2.654480E-02   0.000000E+00         0.2042      Ce142
        60            142              0        5.326370E-01   0.000000E+00         0.9183      Nd142
        60            143              0        3.511060E-01   0.000000E+00         0.4131      Nd143
        60            144              0        3.453180E-01   0.000000E+00         0.4485      Nd144
        60            145              0        3.170200E+00   0.000000E+00         3.9628      Nd145
        60            146              0        9.462940E-01   0.000000E+00         0.7886      Nd146
        60            148              0        5.429730E-01   0.000000E+00         0.6388      Nd148
        60            150              0        5.353190E-01   0.000000E+00         0.6691      Nd150
        62            144              0        1.228320E+00   0.000000E+00         1.3648      Sm144
        62            147              0        1.000000E+00   0.000000E+00         1.0526      Sm147
        62            149              0        2.999940E-01   0.000000E+00         0.2727      Sm149
        62            152              0        5.499900E-01   0.000000E+00         0.6111      Sm152
        63            151              0        1.000000E-01   0.000000E+00         0.1087      Eu151
        63            153              0        1.497950E+00   0.000000E+00         1.2483      Eu153
        64            152              0        5.328850E+01   0.000000E+00        44.4071      Gd152
        64            154              0        5.335880E+00   0.000000E+00         3.5104      Gd154
        64            155              0        1.100000E+00   0.000000E+00         0.7383      Gd155
        64            156              0        5.499840E-01   0.000000E+00         0.3235      Gd156
        64            157              0        1.100010E+00   0.000000E+00         0.5000      Gd157
        64            158              0        1.052070E+00   0.000000E+00         0.8093      Gd158
        64            160              0        1.371510E+02   0.000000E+00       171.4388      Gd160
        66            164              0        3.015700E-01   0.000000E+00         0.2356      Dy164
        72            174              0        9.000000E-01   0.000000E+00         0.9000      Hf174
        72            176              0        8.700000E-01   0.000000E+00         1.0875      Hf176
        72            177              0        1.000000E+00   0.000000E+00         1.0000      Hf177
        72            178              0        5.100000E-01   0.000000E+00         0.6375      Hf178
        72            179              0        8.300000E-01   0.000000E+00         1.0000      Hf179
        72            180              0        2.545500E-01   0.000000E+00         0.3585      Hf180
        73            181              0        3.999930E-01   0.000000E+00         0.8000      Ta181
        74            180              0        1.128690E+00   0.000000E+00         1.5676      W180
        74            182              0        9.920050E-01   0.000000E+00         1.3778      W182
        74            183              0        9.601560E-01   0.000000E+00         1.3335      W183
        74            186              0        9.259510E-01   0.000000E+00         2.5026      W186
        82            204              0        3.339110E-01   0.000000E+00         0.9540      Pb204
        82            206              0        2.545500E-01   0.000000E+00         0.6880      Pb206
        82            207              0        3.712740E-01   0.000000E+00         0.7425      Pb207
        82            208              0        2.868540E-01   0.000000E+00         0.8693      Pb208
        83            209              0        2.070470E-01   0.000000E+00         0.8282      Bi209
        90            232              0        1.205360E+00   0.000000E+00         0.8036      Th232
        92            235              0        1.914400E+00   0.000000E+00         1.0636      U235
        92            236              0        1.004010E+00   0.000000E+00         0.4365      U236
        92            238              0        1.605750E+00   0.000000E+00         1.0036      U238
        93            237              0        1.888000E+00   0.000000E+00         0.9440      Np237
        94            239              0        2.054560E+00   0.000000E+00         0.8933      Pu239
        94            240              0        2.300000E+00   0.000000E+00         1.1500      Pu240
