# header: 
#   title: S1 resonance data for endfb8.1
#   source: Resonancetables
#   date: 2025-11-14
# reaction: 
#   type: S1
# quantity: 
#   type: resonance data
# datablock: 
#   columns: 7
#   entries: 193
##       Z              A            Liso           Value         dValue          Ratio         Nuclide
##      []             []             []           [*e-4]         [*e-4]           []             [%]
        10             20              0        6.166850E-01   0.000000E+00         0.5606      Ne020
        10             22              0        1.337640E+00   0.000000E+00         1.0290      Ne022
        11             23              0        1.496950E+00   0.000000E+00         0.8806      Na023
        12             25              0        8.349020E+00   0.000000E+00         4.1745      Mg025
        13             27              0        1.116640E+00   0.000000E+00         0.5317      Al027
        16             32              0        4.929620E-01   0.000000E+00         0.7358      S032
        16             34              0        4.962690E-01   0.000000E+00         0.6893      S034
        17             37              0        1.130770E-01   0.000000E+00         0.1615      Cl037
        18             40              0        7.084250E-01   0.000000E+00         1.9678      Ar040
        19             39              0        4.084190E-01   0.000000E+00         0.4084      K039
        19             41              0        9.064550E-01   0.000000E+00         0.4532      K041
        20             42              0        1.918410E-01   0.000000E+00         0.4263      Ca042
        20             43              0        7.926160E+01   0.000000E+00       214.2205      Ca043
        20             44              0        3.627010E-01   0.000000E+00         1.0075      Ca044
        20             48              0        4.517360E-01   0.000000E+00         2.2587      Ca048
        21             45              0        1.630830E+00   0.000000E+00         1.2841      Sc045
        22             47              0        2.463370E+00   0.000000E+00         1.7107      Ti047
        22             48              0        4.627730E-01   0.000000E+00         0.3825      Ti048
        22             50              0        3.327240E-01   0.000000E+00         0.6162      Ti050
        24             50              0        7.805310E-01   0.000000E+00         1.1478      Cr050
        24             52              0        4.047310E-01   0.000000E+00         0.9412      Cr052
        24             53              0        1.160490E+00   0.000000E+00         2.3683      Cr053
        24             54              0        4.293600E-01   0.000000E+00         0.5725      Cr054
        25             55              0        1.115790E-01   0.000000E+00         0.3719      Mn055
        26             56              0        4.644280E-01   0.000000E+00         1.1328      Fe056
        26             58              0        9.308910E-01   0.000000E+00         1.0952      Fe058
        27             59              0        1.669880E-01   0.000000E+00         0.6958      Co059
        28             58              0        6.729090E-01   0.000000E+00         1.4019      Ni058
        28             60              0        1.009940E+00   0.000000E+00         1.6031      Ni060
        28             62              0        3.147810E-01   0.000000E+00         1.0493      Ni062
        28             64              0        5.967960E-01   0.000000E+00         0.8526      Ni064
        30             64              0        6.558130E-01   0.000000E+00         1.0930      Zn064
        30             66              0        4.979160E-01   0.000000E+00         0.7544      Zn066
        30             67              0        2.548280E-01   0.000000E+00         0.3267      Zn067
        30             68              0        4.070300E-01   0.000000E+00         0.7268      Zn068
        30             70              0        6.460580E-01   0.000000E+00         0.9501      Zn070
        31             69              0        8.471190E-01   0.000000E+00         0.8471      Ga069
        31             71              0        4.058140E-01   0.000000E+00         0.2029      Ga071
        32             76              0        2.000000E+00   0.000000E+00         1.5385      Ge076
        33             75              0        5.469960E-02   0.000000E+00         0.0365      As075
        34             76              0        6.956010E-01   0.000000E+00         0.2046      Se076
        34             77              0        1.454520E+00   0.000000E+00         0.3383      Se077
        34             78              0        9.041740E-01   0.000000E+00         0.2583      Se078
        34             80              0        9.814200E-01   0.000000E+00         1.9628      Se080
        35             79              0        1.699990E+00   0.000000E+00         0.7083      Br079
        35             81              0        1.134600E+00   0.000000E+00         0.6303      Br081
        36             84              0        1.694080E+00   0.000000E+00         0.3529      Kr084
        36             86              0        5.659610E+00   0.000000E+00         1.2042      Kr086
        37             85              0        2.737830E+00   0.000000E+00         0.9778      Rb085
        38             86              0        3.217130E-01   0.000000E+00         0.1287      Sr086
        38             87              0        7.702340E+02   0.000000E+00       285.2719      Sr087
        39             89              0        3.255280E+00   0.000000E+00         0.7398      Y089
        40             90              0        3.430220E+00   0.000000E+00         0.9027      Zr090
        40             91              0        6.211260E+00   0.000000E+00         0.7963      Zr091
        40             92              0        7.819990E+00   0.000000E+00         1.2219      Zr092
        40             93              0        8.678440E+00   0.000000E+00         0.8766      Zr093
        40             94              0        9.580150E+00   0.000000E+00         1.0192      Zr094
        40             96              0        9.031940E+00   0.000000E+00         1.0035      Zr096
        41             93              0        3.144870E+00   0.000000E+00         0.5422      Nb093
        42             92              0        3.963150E+00   0.000000E+00         1.1009      Mo092
        42             94              0        3.953980E+00   0.000000E+00         0.5492      Mo094
        42             95              0        6.823750E+00   0.000000E+00         0.9889      Mo095
        42             96              0        6.852170E+00   0.000000E+00         0.9651      Mo096
        42             97              0        6.517350E+00   0.000000E+00         0.8302      Mo097
        42             98              0        5.204740E+00   0.000000E+00         0.8261      Mo098
        42            100              0        4.911430E+00   0.000000E+00         0.9823      Mo100
        43             99              0        3.352420E+00   0.000000E+00         0.6325      Tc099
        44             99              0        4.199820E+00   0.000000E+00         0.8235      Ru099
        44            100              0        1.245250E+01   0.000000E+00         2.8959      Ru100
        44            101              0        5.152180E-01   0.000000E+00         0.0793      Ru101
        44            102              0        6.652200E+00   0.000000E+00         1.4461      Ru102
        44            104              0        9.578850E+00   0.000000E+00         2.7368      Ru104
        45            103              0        5.323280E+00   0.000000E+00         0.9506      Rh103
        46            104              0        6.897600E+00   0.000000E+00         1.3014      Pd104
        46            105              0        2.057990E+00   0.000000E+00         0.5019      Pd105
        46            106              0        6.515610E+00   0.000000E+00         1.6289      Pd106
        46            107              0        3.029950E+00   0.000000E+00         0.5509      Pd107
        46            108              0        4.108500E+00   0.000000E+00         1.0271      Pd108
        46            110              0        5.202120E+00   0.000000E+00         0.8969      Pd110
        47            107              0        2.130850E+00   0.000000E+00         0.4735      Ag107
        47            109              0        2.501370E+00   0.000000E+00         0.7817      Ag109
        48            106              0        5.967780E+00   0.000000E+00         1.2697      Cd106
        48            108              0        6.219850E+00   0.000000E+00         1.0366      Cd108
        48            110              0        6.819370E+00   0.000000E+00         1.3371      Cd110
        48            111              0        5.324050E+00   0.000000E+00         1.1328      Cd111
        48            112              0        3.425010E+00   0.000000E+00         0.7135      Cd112
        48            113              0        9.450160E-01   0.000000E+00         0.3150      Cd113
        48            114              0        4.251430E+00   0.000000E+00         0.9887      Cd114
        48            116              0        3.085580E+00   0.000000E+00         0.8120      Cd116
        49            113              0        3.677340E+00   0.000000E+00         1.4651      In113
        49            115              0        2.944140E+00   0.000000E+00         0.8178      In115
        50            112              0        6.892450E-01   0.000000E+00         0.2462      Sn112
        50            115              0        2.699910E+00   0.000000E+00         0.7105      Sn115
        50            116              0        2.741740E+00   0.000000E+00         0.9654      Sn116
        50            117              0        1.427080E+00   0.000000E+00         0.7135      Sn117
        50            118              0        2.538470E+00   0.000000E+00         1.3360      Sn118
        50            119              0        3.603170E-01   0.000000E+00         0.0948      Sn119
        50            120              0        1.694940E+00   0.000000E+00         0.8071      Sn120
        50            122              0        2.045140E+00   0.000000E+00         1.0878      Sn122
        50            124              0        1.865250E+00   0.000000E+00         0.8478      Sn124
        51            121              0        2.341880E-01   0.000000E+00         0.1171      Sb121
        51            123              0        1.053700E+00   0.000000E+00         0.6310      Sb123
        52            122              0        2.013780E+00   0.000000E+00         1.1846      Te122
        52            123              0        1.700000E+00   0.000000E+00         0.7359      Te123
        52            124              0        2.955900E+00   0.000000E+00         1.7388      Te124
        52            125              0        4.850630E+00   0.000000E+00         2.6079      Te125
        52            126              0        1.495040E+00   0.000000E+00         0.9967      Te126
        52            128              0        1.288540E+00   0.000000E+00         0.9912      Te128
        52            130              0        7.715360E-01   0.000000E+00         0.9409      Te130
        53            127              0        2.011600E+00   0.000000E+00         1.3411      I127
        53            129              0        1.154250E+00   0.000000E+00         0.8245      I129
        54            136              0        8.811660E-01   0.000000E+00         1.0013      Xe136
        56            134              0        2.709380E+00   0.000000E+00         0.9031      Ba134
        56            135              0        4.137280E-01   0.000000E+00         0.2507      Ba135
        56            136              0        1.760290E+00   0.000000E+00         0.9779      Ba136
        56            137              0        4.387490E+00   0.000000E+00         5.4167      Ba137
        56            138              0        1.075640E+00   0.000000E+00         0.9779      Ba138
        57            139              0        2.696090E-01   0.000000E+00         0.5502      La139
        58            138              0        1.200000E+00   0.000000E+00         0.1237      Ce138
        58            140              0        8.362440E-01   0.000000E+00         2.0906      Ce140
        58            142              0        1.208040E+01   0.000000E+00        92.9262      Ce142
        59            141              0        2.134540E+00   0.000000E+00         2.8845      Pr141
        60            142              0        5.357280E-01   0.000000E+00         0.9237      Nd142
        60            143              0        3.419690E-01   0.000000E+00         0.4023      Nd143
        60            144              0        8.285230E-01   0.000000E+00         1.0760      Nd144
        60            145              0        8.000000E-01   0.000000E+00         1.0000      Nd145
        60            146              0        5.940690E-01   0.000000E+00         0.4951      Nd146
        60            148              0        8.258050E-01   0.000000E+00         0.9715      Nd148
        60            150              0        1.507720E-01   0.000000E+00         0.1885      Nd150
        62            144              0        1.073140E+00   0.000000E+00         1.1924      Sm144
        62            147              0        9.000000E-01   0.000000E+00         0.9474      Sm147
        62            149              0        1.000000E+00   0.000000E+00         0.9091      Sm149
        62            152              0        9.814740E-02   0.000000E+00         0.1091      Sm152
        63            151              0        1.000000E-01   0.000000E+00         0.1087      Eu151
        63            153              0        1.200000E+00   0.000000E+00         1.0000      Eu153
        64            152              0        2.000000E+00   0.000000E+00         1.6667      Gd152
        64            154              0        2.000000E+00   0.000000E+00         1.3158      Gd154
        64            155              0        2.000000E+00   0.000000E+00         1.3423      Gd155
        64            156              0        4.383370E-01   0.000000E+00         0.2578      Gd156
        64            157              0        2.000000E+00   0.000000E+00         0.9091      Gd157
        64            158              0        2.172960E-01   0.000000E+00         0.1672      Gd158
        64            160              0        4.010410E-01   0.000000E+00         0.5013      Gd160
        65            158              0        4.080080E-01   0.000000E+00         0.2194      Tb158
        65            159              0        2.456050E+00   0.000000E+00         1.3205      Tb159
        66            160              0        1.650000E+00   0.000000E+00         0.8684      Dy160
        66            161              0        1.410000E+00   0.000000E+00         0.8812      Dy161
        66            162              0        3.009340E-01   0.000000E+00         0.1881      Dy162
        66            163              0        1.300000E+00   0.000000E+00         0.7647      Dy163
        66            164              0        7.905430E-01   0.000000E+00         0.6176      Dy164
        68            166              0        8.964880E-02   0.000000E+00         0.0640      Er166
        68            167              0        9.656250E-01   0.000000E+00         0.6395      Er167
        68            168              0        2.545340E-01   0.000000E+00         0.2471      Er168
        68            170              0        9.323830E-01   0.000000E+00         0.6756      Er170
        69            169              0        1.010000E+00   0.000000E+00         0.9266      Tm169
        70            170              0        1.800190E+00   0.000000E+00         1.6365      Yb170
        70            171              0        1.468440E+00   0.000000E+00         0.6615      Yb171
        70            172              0        1.174690E-01   0.000000E+00         0.1175      Yb172
        70            173              0        1.115130E+00   0.000000E+00         1.1151      Yb173
        70            174              0        6.923140E+02   0.000000E+00       865.3925      Yb174
        70            176              0        6.886490E-01   0.000000E+00         0.9565      Yb176
        71            175              0        1.400000E+00   0.000000E+00         2.0000      Lu175
        71            176              0        1.400000E+00   0.000000E+00         1.4894      Lu176
        72            174              0        8.700000E-01   0.000000E+00         0.8700      Hf174
        72            176              0        8.700000E-01   0.000000E+00         1.0875      Hf176
        72            177              0        1.000000E+00   0.000000E+00         1.0000      Hf177
        72            178              0        5.100000E-01   0.000000E+00         0.6375      Hf178
        72            179              0        8.299760E-01   0.000000E+00         1.0000      Hf179
        72            180              0        4.400000E-01   0.000000E+00         0.6197      Hf180
        73            181              0        7.640380E-01   0.000000E+00         1.5281      Ta181
        74            182              0        2.720010E-01   0.000000E+00         0.3778      W182
        74            183              0        2.270000E-01   0.000000E+00         0.3153      W183
        74            184              0        1.800000E-01   0.000000E+00         0.3103      W184
        74            186              0        1.175780E+00   0.000000E+00         3.1778      W186
        75            185              0        3.995610E-01   0.000000E+00         0.5708      Re185
        75            187              0        2.797930E-01   0.000000E+00         0.3997      Re187
        76            186              0        1.018840E+00   0.000000E+00         1.6981      Os186
        76            187              0        9.100490E-01   0.000000E+00         1.5167      Os187
        78            195              0        3.494750E-02   0.000000E+00         0.0647      Pt195
        79            197              0        5.315970E-01   0.000000E+00         0.9165      Au197
        81            203              0        2.569050E-01   0.000000E+00         0.9881      Tl203
        81            205              0        7.422070E-01   0.000000E+00         2.3942      Tl205
        82            204              0        3.339100E-01   0.000000E+00         0.9540      Pb204
        82            206              0        2.484500E-01   0.000000E+00         0.6715      Pb206
        82            207              0        1.264810E-01   0.000000E+00         0.2530      Pb207
        82            208              0        3.001860E-01   0.000000E+00         0.9097      Pb208
        83            209              0        2.070470E-01   0.000000E+00         0.8282      Bi209
        90            232              0        1.205360E+00   0.000000E+00         0.8036      Th232
        92            235              0        1.914400E+00   0.000000E+00         1.0636      U235
        92            236              0        1.004010E+00   0.000000E+00         0.4365      U236
        92            238              0        1.609190E+00   0.000000E+00         1.0057      U238
        93            237              0        1.888000E+00   0.000000E+00         0.9440      Np237
        94            239              0        1.699990E+00   0.000000E+00         0.7391      Pu239
        94            240              0        1.865040E+00   0.000000E+00         0.9325      Pu240
