# header: 
#   title: S1 resonance data for jendl5.0
#   source: Resonancetables
#   date: 2025-12-18
# reaction: 
#   type: S1
# quantity: 
#   type: resonance data
# datablock: 
#   columns: 7
#   entries: 198
##       Z              A            Liso           Value         dValue          Ratio         Nuclide
##      []             []             []           [*e-4]         [*e-4]           []             [%]
        10             20              0        7.270620E-01   0.000000E+00         0.6610      Ne020
        10             22              0        1.299880E+00   0.000000E+00         0.9999      Ne022
        12             25              0        8.349020E+00   0.000000E+00         4.1745      Mg025
        13             27              0        1.680460E+00   0.000000E+00         0.8002      Al027
        14             28              0        8.459780E-01   0.000000E+00         0.9953      Si028
        14             29              0        1.377720E-02   0.000000E+00         0.0106      Si029
        14             30              0        5.602100E-01   0.000000E+00         1.1204      Si030
        16             32              0        4.929620E-01   0.000000E+00         0.7358      S032
        16             34              0        4.962690E-01   0.000000E+00         0.6893      S034
        17             37              0        1.130770E-01   0.000000E+00         0.1615      Cl037
        18             40              0        7.084250E-01   0.000000E+00         1.9678      Ar040
        19             39              0        4.084190E-01   0.000000E+00         0.4084      K039
        19             41              0        9.064550E-01   0.000000E+00         0.4532      K041
        20             40              0        1.771610E-01   0.000000E+00         0.4026      Ca040
        20             42              0        1.918410E-01   0.000000E+00         0.4263      Ca042
        20             43              0        9.518080E-02   0.000000E+00         0.2572      Ca043
        20             44              0        3.627010E-01   0.000000E+00         1.0075      Ca044
        20             48              0        4.517360E-01   0.000000E+00         2.2587      Ca048
        21             45              0        1.909830E+00   0.000000E+00         1.5038      Sc045
        22             47              0        2.306330E+00   0.000000E+00         1.6016      Ti047
        22             48              0        4.627730E-01   0.000000E+00         0.3825      Ti048
        22             50              0        3.327240E-01   0.000000E+00         0.6162      Ti050
        23             51              0        3.341220E-01   0.000000E+00         0.2570      V051
        24             50              0        7.804170E-01   0.000000E+00         1.1477      Cr050
        24             52              0        4.104990E-01   0.000000E+00         0.9546      Cr052
        24             53              0        1.157230E+00   0.000000E+00         2.3617      Cr053
        24             54              0        4.293600E-01   0.000000E+00         0.5725      Cr054
        25             55              0        1.115790E-01   0.000000E+00         0.3719      Mn055
        26             56              0        4.843720E-01   0.000000E+00         1.1814      Fe056
        26             58              0        9.308910E-01   0.000000E+00         1.0952      Fe058
        27             59              0        1.669880E-01   0.000000E+00         0.6958      Co059
        28             58              0        6.729090E-01   0.000000E+00         1.4019      Ni058
        28             60              0        1.009940E+00   0.000000E+00         1.6031      Ni060
        28             62              0        3.147810E-01   0.000000E+00         1.0493      Ni062
        28             64              0        5.967960E-01   0.000000E+00         0.8526      Ni064
        29             63              0        1.995170E-01   0.000000E+00         0.4534      Cu063
        29             65              0        1.608340E-01   0.000000E+00         0.3422      Cu065
        30             64              0        6.558130E-01   0.000000E+00         1.0930      Zn064
        30             66              0        4.979160E-01   0.000000E+00         0.7544      Zn066
        30             67              0        2.548280E-01   0.000000E+00         0.3267      Zn067
        30             68              0        4.070300E-01   0.000000E+00         0.7268      Zn068
        30             70              0        6.460580E-01   0.000000E+00         0.9501      Zn070
        31             69              0        4.195760E-01   0.000000E+00         0.4196      Ga069
        31             71              0        4.058140E-01   0.000000E+00         0.2029      Ga071
        32             76              0        2.000000E+00   0.000000E+00         1.5385      Ge076
        33             75              0        5.469960E-02   0.000000E+00         0.0365      As075
        34             76              0        6.956010E-01   0.000000E+00         0.2046      Se076
        34             77              0        1.136410E+02   0.000000E+00        26.4281      Se077
        34             78              0        9.041740E-01   0.000000E+00         0.2583      Se078
        34             80              0        9.814200E-01   0.000000E+00         1.9628      Se080
        35             79              0        2.630110E+00   0.000000E+00         1.0959      Br079
        35             81              0        3.361030E+00   0.000000E+00         1.8672      Br081
        36             84              0        4.000000E+00   0.000000E+00         0.8333      Kr084
        36             86              0        4.070510E+00   0.000000E+00         0.8661      Kr086
        37             85              0        1.961230E+00   0.000000E+00         0.7004      Rb085
        38             86              0        3.500000E+00   0.000000E+00         1.4000      Sr086
        38             87              0        7.702340E+02   0.000000E+00       285.2719      Sr087
        38             88              0        3.953650E+00   0.000000E+00         0.7752      Sr088
        39             89              0        3.729400E+00   0.000000E+00         0.8476      Y089
        40             90              0        3.674160E+00   0.000000E+00         0.9669      Zr090
        40             91              0        6.423870E+00   0.000000E+00         0.8236      Zr091
        40             92              0        6.107120E+00   0.000000E+00         0.9542      Zr092
        40             93              0        8.981640E+00   0.000000E+00         0.9072      Zr093
        40             94              0        8.781460E+00   0.000000E+00         0.9342      Zr094
        40             96              0        1.143070E+01   0.000000E+00         1.2701      Zr096
        41             93              0        3.163370E+00   0.000000E+00         0.5454      Nb093
        42             92              0        3.383320E+00   0.000000E+00         0.9398      Mo092
        42             94              0        7.743820E+00   0.000000E+00         1.0755      Mo094
        42             95              0        5.830150E+00   0.000000E+00         0.8449      Mo095
        42             96              0        6.867460E+00   0.000000E+00         0.9672      Mo096
        42             97              0        9.289810E+00   0.000000E+00         1.1834      Mo097
        42             98              0        5.313130E+00   0.000000E+00         0.8434      Mo098
        42            100              0        4.922000E+00   0.000000E+00         0.9844      Mo100
        43             99              0        1.214920E+00   0.000000E+00         0.2292      Tc099
        44             99              0        4.300000E+00   0.000000E+00         0.8431      Ru099
        44            100              0        1.275970E+01   0.000000E+00         2.9674      Ru100
        44            101              0        2.360830E-01   0.000000E+00         0.0363      Ru101
        44            102              0        5.004820E+00   0.000000E+00         1.0880      Ru102
        44            104              0        9.578690E+00   0.000000E+00         2.7368      Ru104
        45            103              0        3.051960E+00   0.000000E+00         0.5450      Rh103
        46            104              0        3.168450E+00   0.000000E+00         0.5978      Pd104
        46            105              0        1.180640E+00   0.000000E+00         0.2880      Pd105
        46            106              0        3.105630E+00   0.000000E+00         0.7764      Pd106
        46            107              0        4.649080E+00   0.000000E+00         0.8453      Pd107
        46            108              0        9.252250E-01   0.000000E+00         0.2313      Pd108
        46            110              0        5.089000E-01   0.000000E+00         0.0877      Pd110
        47            107              0        5.470930E+00   0.000000E+00         1.2158      Ag107
        47            109              0        4.981020E+00   0.000000E+00         1.5566      Ag109
        48            106              0        1.139300E+00   0.000000E+00         0.2424      Cd106
        48            108              0        4.706230E+00   0.000000E+00         0.7844      Cd108
        48            110              0        2.620170E+00   0.000000E+00         0.5138      Cd110
        48            111              0        2.047640E+00   0.000000E+00         0.4357      Cd111
        48            112              0        2.390340E+00   0.000000E+00         0.4980      Cd112
        48            113              0        2.366490E+00   0.000000E+00         0.7888      Cd113
        48            114              0        2.753660E+00   0.000000E+00         0.6404      Cd114
        48            116              0        7.199070E-01   0.000000E+00         0.1894      Cd116
        49            113              0        3.677340E+00   0.000000E+00         1.4651      In113
        49            115              0        1.020150E+00   0.000000E+00         0.2834      In115
        50            112              0        5.925340E-01   0.000000E+00         0.2116      Sn112
        50            115              0        3.929270E+00   0.000000E+00         1.0340      Sn115
        50            116              0        2.510100E+00   0.000000E+00         0.8838      Sn116
        50            117              0        1.381140E+00   0.000000E+00         0.6906      Sn117
        50            118              0        2.143990E+00   0.000000E+00         1.1284      Sn118
        50            119              0        3.603170E-01   0.000000E+00         0.0948      Sn119
        50            120              0        1.657050E+00   0.000000E+00         0.7891      Sn120
        50            122              0        2.597020E+00   0.000000E+00         1.3814      Sn122
        50            124              0        2.553950E+00   0.000000E+00         1.1609      Sn124
        51            121              0        5.519940E-01   0.000000E+00         0.2760      Sb121
        51            123              0        7.035430E-01   0.000000E+00         0.4213      Sb123
        52            122              0        2.013780E+00   0.000000E+00         1.1846      Te122
        52            123              0        2.310000E+00   0.000000E+00         1.0000      Te123
        52            124              0        2.545190E+00   0.000000E+00         1.4972      Te124
        52            125              0        1.957390E+00   0.000000E+00         1.0524      Te125
        52            126              0        1.313190E+00   0.000000E+00         0.8755      Te126
        52            128              0        9.942760E-01   0.000000E+00         0.7648      Te128
        52            130              0        5.029360E-01   0.000000E+00         0.6133      Te130
        53            127              0        2.640180E+00   0.000000E+00         1.7601      I127
        53            129              0        8.557940E-01   0.000000E+00         0.6113      I129
        54            136              0        8.902700E-01   0.000000E+00         1.0117      Xe136
        56            134              0        2.709380E+00   0.000000E+00         0.9031      Ba134
        56            135              0        5.899880E-01   0.000000E+00         0.3576      Ba135
        56            136              0        1.695160E+00   0.000000E+00         0.9418      Ba136
        56            137              0        4.387490E+00   0.000000E+00         5.4167      Ba137
        56            138              0        1.871920E-01   0.000000E+00         0.1702      Ba138
        57            139              0        5.290310E-01   0.000000E+00         1.0797      La139
        58            138              0        1.500000E+00   0.000000E+00         0.1546      Ce138
        58            140              0        3.707690E-01   0.000000E+00         0.9269      Ce140
        58            142              0        2.654480E-02   0.000000E+00         0.2042      Ce142
        59            141              0        1.259650E+00   0.000000E+00         1.7022      Pr141
        60            142              0        6.233330E-01   0.000000E+00         1.0747      Nd142
        60            143              0        2.007610E+00   0.000000E+00         2.3619      Nd143
        60            144              0        2.352110E+01   0.000000E+00        30.5469      Nd144
        60            145              0        3.014690E+00   0.000000E+00         3.7684      Nd145
        60            146              0        9.462940E-01   0.000000E+00         0.7886      Nd146
        60            148              0        6.256230E-01   0.000000E+00         0.7360      Nd148
        60            150              0        1.054230E+00   0.000000E+00         1.3178      Nd150
        62            144              0        1.228320E+00   0.000000E+00         1.3648      Sm144
        62            147              0        1.385130E+00   0.000000E+00         1.4580      Sm147
        62            149              0        1.367860E+00   0.000000E+00         1.2435      Sm149
        62            152              0        1.474450E+00   0.000000E+00         1.6383      Sm152
        63            151              0        7.085260E-01   0.000000E+00         0.7701      Eu151
        63            153              0        1.513830E+00   0.000000E+00         1.2615      Eu153
        64            152              0        5.208780E+01   0.000000E+00        43.4065      Gd152
        64            154              0        5.335900E+00   0.000000E+00         3.5105      Gd154
        64            155              0        1.863690E+00   0.000000E+00         1.2508      Gd155
        64            156              0        1.674250E+00   0.000000E+00         0.9849      Gd156
        64            157              0        1.775440E+00   0.000000E+00         0.8070      Gd157
        64            158              0        1.052080E+00   0.000000E+00         0.8093      Gd158
        64            160              0        1.371510E+02   0.000000E+00       171.4388      Gd160
        65            159              0        2.456050E+00   0.000000E+00         1.3205      Tb159
        66            160              0        2.191170E+00   0.000000E+00         1.1532      Dy160
        66            161              0        1.867830E+00   0.000000E+00         1.1674      Dy161
        66            162              0        1.578800E-01   0.000000E+00         0.0987      Dy162
        66            163              0        1.725580E+00   0.000000E+00         1.0150      Dy163
        66            164              0        5.676620E-01   0.000000E+00         0.4435      Dy164
        68            166              0        6.399980E-01   0.000000E+00         0.4571      Er166
        68            167              0        2.966390E+02   0.000000E+00       196.4497      Er167
        68            168              0        4.872950E-01   0.000000E+00         0.4731      Er168
        68            170              0        8.872540E-01   0.000000E+00         0.6429      Er170
        69            169              0        1.920710E+00   0.000000E+00         1.7621      Tm169
        70            170              0        1.800190E+00   0.000000E+00         1.6365      Yb170
        70            171              0        1.468440E+00   0.000000E+00         0.6615      Yb171
        70            172              0        1.174690E-01   0.000000E+00         0.1175      Yb172
        70            173              0        1.115130E+00   0.000000E+00         1.1151      Yb173
        70            174              0        6.923140E+02   0.000000E+00       865.3925      Yb174
        70            176              0        6.886490E-01   0.000000E+00         0.9565      Yb176
        72            174              0        8.700000E-01   0.000000E+00         0.8700      Hf174
        72            176              0        8.700000E-01   0.000000E+00         1.0875      Hf176
        72            177              0        1.000000E+00   0.000000E+00         1.0000      Hf177
        72            178              0        5.100000E-01   0.000000E+00         0.6375      Hf178
        72            179              0        8.299760E-01   0.000000E+00         1.0000      Hf179
        72            180              0        4.400000E-01   0.000000E+00         0.6197      Hf180
        73            181              0        5.000080E-01   0.000000E+00         1.0000      Ta181
        74            180              0        1.128690E+00   0.000000E+00         1.5676      W180
        74            182              0        9.920050E-01   0.000000E+00         1.3778      W182
        74            183              0        9.601560E-01   0.000000E+00         1.3335      W183
        74            184              0        9.406720E-01   0.000000E+00         1.6218      W184
        74            186              0        9.259510E-01   0.000000E+00         2.5026      W186
        76            186              0        1.018840E+00   0.000000E+00         1.6981      Os186
        76            187              0        9.100490E-01   0.000000E+00         1.5167      Os187
        78            195              0        7.000000E-01   0.000000E+00         1.2963      Pt195
        80            198              0        1.000000E+00   0.000000E+00         2.0000      Hg198
        80            199              0        1.000000E+00   0.000000E+00         2.5000      Hg199
        80            200              0        4.576130E-01   0.000000E+00         0.7627      Hg200
        81            203              0        2.569050E-01   0.000000E+00         0.9881      Tl203
        81            205              0        7.422070E-01   0.000000E+00         2.3942      Tl205
        82            204              0        3.538510E-01   0.000000E+00         1.0110      Pb204
        82            206              0        2.301710E-01   0.000000E+00         0.6221      Pb206
        82            207              0        3.401580E-01   0.000000E+00         0.6803      Pb207
        82            208              0        2.706420E-01   0.000000E+00         0.8201      Pb208
        83            209              0        1.041050E-01   0.000000E+00         0.4164      Bi209
        90            232              0        1.205360E+00   0.000000E+00         0.8036      Th232
        92            235              0        1.610010E+00   0.000000E+00         0.8945      U235
        92            236              0        9.984620E-01   0.000000E+00         0.4341      U236
        92            238              0        1.609190E+00   0.000000E+00         1.0057      U238
        93            237              0        1.071990E+00   0.000000E+00         0.5360      Np237
        94            239              0        1.747090E+00   0.000000E+00         0.7596      Pu239
        94            240              0        2.237060E+00   0.000000E+00         1.1185      Pu240
