# header: 
#   title: S1 resonance data for Mughabghab-2018
#   source: Resonancetables
#   date: 2025-11-14
# reaction: 
#   type: S1
# quantity: 
#   type: resonance data
# datablock: 
#   columns: 7
#   entries: 211
##       Z              A            Liso           Value         dValue          Ratio         Nuclide
##      []             []             []           [*e-4]         [*e-4]           []             [%]
         8             16              0        1.470000E+00   5.900000E-01         1.0000      O016
         9             19              0        7.500000E+00   3.400000E+00         1.0000      F019
        10             20              0        1.100000E+00   3.000000E-01         1.0000      Ne020
        10             22              0        1.300000E+00   4.000000E-01         1.0000      Ne022
        11             23              0        1.900000E+00   5.300000E-01         1.1176      Na023
        12             24              0        4.200000E+00   1.200000E+00         3.8182      Mg024
        12             25              0        2.600000E+00   1.300000E+00         1.3000      Mg025
        13             27              0        2.700000E+00   7.000000E-01         1.2857      Al027
        14             28              0        1.300000E+00   3.700000E-01         1.5294      Si028
        14             29              0        2.100000E+00   6.000000E-01         1.6154      Si029
        14             30              0        5.400000E-01   1.800000E-01         1.0800      Si030
        15             31              0        5.800000E-01   1.600000E-01         0.3867      P031
        16             33              0        2.530000E+00   6.800000E-01         1.0000      S033
        16             34              0        7.200000E-01   1.900000E-01         1.0000      S034
        17             35              0        1.620000E+00   2.700000E-01         0.9000      Cl035
        17             37              0        6.400000E-01   1.900000E-01         0.9143      Cl037
        18             40              0        3.600000E-01   6.000000E-02         1.0000      Ar040
        19             39              0        1.000000E+00   3.000000E-01         1.0000      K039
        19             41              0        2.300000E+00   6.000000E-01         1.1500      K041
        20             40              0        3.200000E-01   5.000000E-02         0.7273      Ca040
        20             42              0        4.500000E-01   1.500000E-01         1.0000      Ca042
        20             43              0        3.700000E-01   1.000000E-01         1.0000      Ca043
        20             44              0        3.600000E-01   1.200000E-01         1.0000      Ca044
        20             48              0        2.000000E-01   1.300000E-01         1.0000      Ca048
        21             45              0        1.270000E+00   2.100000E-01         1.0000      Sc045
        22             47              0        1.440000E+00   5.000000E-01         1.0000      Ti047
        22             48              0        1.210000E+00   3.400000E-01         1.0000      Ti048
        22             50              0        5.400000E-01   1.000000E-01         1.0000      Ti050
        23             51              0        6.600000E-01   1.100000E-01         0.5077      V051
        24             50              0        6.800000E-01   1.200000E-01         1.0000      Cr050
        24             52              0        5.400000E-01   7.000000E-02         1.2558      Cr052
        24             53              0        4.900000E-01   9.000000E-02         1.0000      Cr053
        24             54              0        2.300000E-01   6.000000E-02         0.3067      Cr054
        25             55              0        3.100000E-01   5.000000E-02         1.0333      Mn055
        26             54              0        4.400000E-01   7.000000E-02         1.0476      Fe054
        26             56              0        3.500000E-01   6.000000E-02         0.8537      Fe056
        26             57              0        2.200000E-01   6.000000E-02         0.5238      Fe057
        26             58              0        6.300000E-01   1.400000E-01         0.7412      Fe058
        27             59              0        2.400000E-01   4.000000E-02         1.0000      Co059
        28             58              0        5.000000E-01   5.000000E-02         1.0417      Ni058
        28             60              0        5.100000E-01   6.000000E-02         0.8095      Ni060
        28             62              0        4.700000E-01   9.000000E-02         1.5667      Ni062
        28             64              0        7.700000E-01   1.400000E-01         1.1000      Ni064
        29             63              0        3.600000E-01   5.000000E-02         0.8182      Cu063
        29             65              0        3.800000E-01   5.000000E-02         0.8085      Cu065
        30             64              0        5.100000E-01   6.000000E-02         0.8500      Zn064
        30             66              0        7.000000E-01   7.000000E-02         1.0606      Zn066
        30             67              0        7.800000E-01   7.000000E-02         1.0000      Zn067
        30             68              0        5.100000E-01   5.000000E-02         0.9107      Zn068
        30             70              0        4.300000E-01   8.000000E-02         0.6324      Zn070
        31             71              0        2.200000E+00   6.000000E-01         1.1000      Ga071
        32             76              0        1.300000E+00   3.000000E-01         1.0000      Ge076
        33             75              0        1.800000E+00   2.600000E-01         1.2000      As075
        34             76              0        2.800000E+00   1.400000E+00         0.8235      Se076
        34             77              0        4.300000E+00   1.000000E+00         1.0000      Se077
        34             78              0        1.730000E+00   1.000000E+00         0.4943      Se078
        34             80              0        5.000000E-01   5.000000E-01         1.0000      Se080
        35             79              0        3.490000E+00   4.200000E-01         1.4542      Br079
        35             81              0        2.500000E+00   3.300000E-01         1.3889      Br081
        36             84              0        4.800000E+00   1.100000E+00         1.0000      Kr084
        36             86              0        4.100000E+00   3.000000E-01         0.8723      Kr086
        38             86              0        2.500000E+00   3.000000E-01         1.0000      Sr086
        38             87              0        2.630000E+00   5.700000E-01         0.9741      Sr087
        38             88              0        5.100000E+00   6.000000E-01         1.0000      Sr088
        39             89              0        4.900000E+00   2.500000E-01         1.1136      Y089
        40             90              0        4.790000E+00   7.500000E-01         1.2605      Zr090
        40             91              0        7.040000E+00   1.000000E+00         0.9026      Zr091
        40             92              0        7.000000E+00   1.300000E+00         1.0938      Zr092
        40             93              0        8.900000E+00   2.900000E+00         0.8990      Zr093
        40             94              0        9.670000E+00   1.670000E+00         1.0287      Zr094
        40             96              0        6.000000E+00   1.800000E+00         0.6667      Zr096
        41             93              0        5.900000E+00   4.000000E-01         1.0172      Nb093
        42             92              0        4.870000E+00   1.100000E+00         1.3528      Mo092
        42             94              0        7.230000E+00   2.670000E+00         1.0042      Mo094
        42             95              0        6.750000E+00   1.800000E+00         0.9783      Mo095
        42             96              0        5.000000E+00   1.700000E+00         0.7042      Mo096
        42             97              0        7.270000E+00   1.320000E+00         0.9261      Mo097
        42             98              0        5.550000E+00   7.600000E-01         0.8810      Mo098
        42            100              0        5.140000E+00   7.100000E-01         1.0280      Mo100
        43             99              0        4.100000E+00   5.000000E-01         0.7736      Tc099
        44             99              0        5.100000E+00   5.000000E-01         1.0000      Ru099
        44            100              0        6.290000E+00   7.100000E-01         1.4628      Ru100
        44            101              0        6.100000E+00   4.000000E-01         0.9385      Ru101
        44            102              0        4.770000E+00   4.700000E-01         1.0370      Ru102
        44            104              0        5.400000E+00   6.000000E-01         1.5429      Ru104
        45            103              0        5.060000E+00   5.700000E-01         0.9036      Rh103
        46            104              0        5.320000E+00   4.700000E-01         1.0038      Pd104
        46            105              0        5.750000E+00   4.300000E-01         1.4024      Pd105
        46            106              0        5.460000E+00   5.000000E-01         1.3650      Pd106
        46            107              0        5.500000E+00   5.000000E-01         1.0000      Pd107
        46            108              0        5.400000E+00   4.600000E-01         1.3500      Pd108
        46            110              0        5.810000E+00   6.600000E-01         1.0017      Pd110
        47            107              0        3.760000E+00   3.100000E-01         0.8356      Ag107
        47            109              0        3.600000E+00   3.300000E-01         1.1250      Ag109
        48            106              0        4.700000E+00   6.000000E-01         1.0000      Cd106
        48            108              0        4.320000E+00   4.000000E-01         0.7200      Cd108
        48            110              0        3.240000E+00   7.200000E-01         0.6353      Cd110
        48            111              0        4.680000E+00   5.000000E-01         0.9957      Cd111
        48            112              0        4.560000E+00   3.300000E-01         0.9500      Cd112
        48            114              0        4.260000E+00   6.300000E-01         0.9907      Cd114
        48            116              0        3.800000E+00   5.000000E-01         1.0000      Cd116
        49            113              0        2.510000E+00   7.900000E-01         1.0000      In113
        50            112              0        2.800000E+00   4.000000E-01         1.0000      Sn112
        50            115              0        3.800000E+00   4.000000E-01         1.0000      Sn115
        50            116              0        2.840000E+00   3.200000E-01         1.0000      Sn116
        50            117              0        2.900000E+00   3.000000E-01         1.4500      Sn117
        50            118              0        1.900000E+00   6.000000E-01         1.0000      Sn118
        50            119              0        2.200000E+00   3.000000E-01         0.5789      Sn119
        50            120              0        2.100000E+00   2.000000E-01         1.0000      Sn120
        50            122              0        2.260000E+00   1.500000E-01         1.2021      Sn122
        50            124              0        2.220000E+00   2.700000E-01         1.0091      Sn124
        51            121              0        2.000000E+00   5.000000E-01         1.0000      Sb121
        51            123              0        1.670000E+00   3.700000E-01         1.0000      Sb123
        52            122              0        2.550000E+00   3.700000E-01         1.5000      Te122
        52            123              0        2.310000E+00   2.300000E-01         1.0000      Te123
        52            124              0        1.920000E+00   3.000000E-01         1.1294      Te124
        52            125              0        1.860000E+00   1.900000E-01         1.0000      Te125
        52            126              0        1.620000E+00   2.600000E-01         1.0800      Te126
        52            128              0        1.680000E+00   1.500000E-01         1.2923      Te128
        52            130              0        9.700000E-01   3.400000E-01         1.1829      Te130
        53            127              0        1.500000E+00   2.000000E-01         1.0000      I127
        53            129              0        1.400000E+00   3.000000E-01         1.0000      I129
        54            136              0        7.700000E-01   1.500000E-01         0.8750      Xe136
        55            132              0        1.300000E+00   4.000000E-01         1.0000      Cs132
        56            134              0        2.910000E+00   5.600000E-01         0.9700      Ba134
        56            135              0        1.650000E+00   5.400000E-01         1.0000      Ba135
        56            136              0        2.140000E+00   3.600000E-01         1.1889      Ba136
        56            137              0        8.100000E-01   2.100000E-01         1.0000      Ba137
        56            138              0        1.100000E+00   2.800000E-01         1.0000      Ba138
        57            139              0        4.900000E-01   1.000000E-01         1.0000      La139
        58            138              0        9.700000E+00   1.900000E+00         1.0000      Ce138
        58            140              0        3.400000E-01   5.000000E-02         0.8500      Ce140
        58            142              0        1.300000E-01   1.100000E-01         1.0000      Ce142
        59            141              0        7.400000E-01   1.700000E-01         1.0000      Pr141
        60            142              0        5.800000E-01   1.300000E-01         1.0000      Nd142
        60            143              0        8.500000E-01   3.100000E-01         1.0000      Nd143
        60            144              0        7.700000E-01   1.500000E-01         1.0000      Nd144
        60            145              0        8.000000E-01   4.000000E-01         1.0000      Nd145
        60            146              0        6.600000E-01   1.700000E-01         0.5500      Nd146
        60            148              0        1.090000E+00   1.700000E-01         1.2824      Nd148
        60            150              0        8.000000E-01   2.000000E-01         1.0000      Nd150
        62            144              0        1.100000E+00   2.000000E-01         1.2222      Sm144
        62            147              0        9.500000E-01   1.700000E-01         1.0000      Sm147
        62            149              0        1.100000E+00   3.000000E-01         1.0000      Sm149
        62            152              0        9.000000E-01   3.000000E-01         1.0000      Sm152
        63            151              0        9.200000E-01   1.100000E-01         1.0000      Eu151
        63            153              0        1.200000E+00   2.000000E-01         1.0000      Eu153
        64            152              0        1.200000E+00   1.300000E-01         1.0000      Gd152
        64            154              0        1.520000E+00   6.000000E-02         1.0000      Gd154
        64            155              0        1.490000E+00   1.400000E-01         1.0000      Gd155
        64            156              0        1.700000E+00   3.000000E-01         1.0000      Gd156
        64            157              0        2.200000E+00   7.000000E-01         1.0000      Gd157
        64            158              0        1.300000E+00   4.000000E-01         1.0000      Gd158
        64            160              0        8.000000E-01   2.000000E-01         1.0000      Gd160
        65            158              0        1.860000E+00   9.000000E-02         1.0000      Tb158
        65            159              0        1.860000E+00   9.000000E-02         1.0000      Tb159
        66            160              0        1.900000E+00   4.000000E-01         1.0000      Dy160
        66            161              0        1.600000E+00   4.000000E-01         1.0000      Dy161
        66            162              0        1.600000E+00   4.000000E-01         1.0000      Dy162
        66            163              0        1.700000E+00   3.000000E-01         1.0000      Dy163
        66            164              0        1.280000E+00   2.900000E-01         1.0000      Dy164
        67            165              0        1.300000E+00   7.000000E-02         1.0000      Ho165
        68            166              0        1.400000E+00   2.000000E-01         1.0000      Er166
        68            167              0        1.510000E+00   6.000000E-02         1.0000      Er167
        68            168              0        1.030000E+00   8.000000E-02         1.0000      Er168
        68            170              0        1.380000E+00   2.300000E-01         1.0000      Er170
        69            169              0        1.090000E+00   7.000000E-02         1.0000      Tm169
        70            170              0        1.100000E+00   3.000000E-01         1.0000      Yb170
        70            171              0        2.220000E+00   3.000000E-01         1.0000      Yb171
        70            172              0        1.000000E+00   3.000000E-01         1.0000      Yb172
        70            173              0        1.000000E+00   3.000000E-01         1.0000      Yb173
        70            174              0        8.000000E-01   3.000000E-01         1.0000      Yb174
        70            176              0        7.200000E-01   7.000000E-02         1.0000      Yb176
        71            175              0        7.000000E-01   1.000000E-01         1.0000      Lu175
        71            176              0        9.400000E-01   7.000000E-02         1.0000      Lu176
        72            174              0        1.000000E+00   2.000000E-01         1.0000      Hf174
        72            176              0        8.000000E-01   7.000000E-02         1.0000      Hf176
        72            177              0        1.000000E+00   5.000000E-02         1.0000      Hf177
        72            178              0        8.000000E-01   1.400000E-01         1.0000      Hf178
        72            179              0        8.300000E-01   1.000000E-01         1.0000      Hf179
        72            180              0        7.100000E-01   1.300000E-01         1.0000      Hf180
        73            180              1        7.000000E-01   3.000000E-01         1.0000      Ta180m
        73            181              0        5.000000E-01   2.000000E-01         1.0000      Ta181
        74            180              0        7.200000E-01   1.500000E-01         1.0000      W180
        74            182              0        7.200000E-01   6.000000E-02         1.0000      W182
        74            183              0        7.500000E-01   3.000000E-02         1.0417      W183
        74            184              0        7.200000E-01   7.000000E-02         1.2414      W184
        74            186              0        7.200000E-01   2.000000E-01         1.9459      W186
        75            185              0        7.000000E-01   3.000000E-01         1.0000      Re185
        75            187              0        7.000000E-01   3.000000E-01         1.0000      Re187
        76            186              0        6.000000E-01   2.000000E-01         1.0000      Os186
        76            187              0        6.000000E-01   2.000000E-01         1.0000      Os187
        78            195              0        5.400000E-01   4.000000E-02         1.0000      Pt195
        79            197              0        5.800000E-01   8.000000E-02         1.0000      Au197
        80            198              0        5.000000E-01   1.000000E-01         1.0000      Hg198
        80            199              0        4.000000E-01   1.000000E-01         1.0000      Hg199
        80            200              0        5.300000E-01   1.300000E-01         0.8833      Hg200
        81            203              0        2.600000E-01   5.000000E-02         1.0000      Tl203
        81            205              0        3.100000E-01   6.000000E-02         1.0000      Tl205
        82            204              0        3.500000E-01   6.000000E-02         1.0000      Pb204
        82            206              0        2.600000E-01   3.000000E-02         0.7027      Pb206
        82            207              0        4.500000E-01   7.000000E-02         0.9000      Pb207
        82            208              0        3.000000E-01   9.000000E-02         0.9091      Pb208
        83            209              0        2.700000E-01   5.000000E-02         1.0800      Bi209
        90            232              0        1.350000E+00   4.000000E-02         0.9000      Th232
        92            235              0        1.800000E+00   3.000000E-01         1.0000      U235
        92            236              0        2.300000E+00   4.000000E-01         1.0000      U236
        92            238              0        2.170000E+00   1.900000E-01         1.3563      U238
        93            237              0        2.000000E+00   2.000000E-01         1.0000      Np237
        94            239              0        2.300000E+00   4.000000E-01         1.0000      Pu239
        94            240              0        2.000000E+00   2.000000E-01         1.0000      Pu240
