# header:
#   title: S1 resonance data for RIPL-3
#   source: Resonancetables
#   date: 2025-05-27
# reaction:
#   type: S1
# quantity:
#   type: resonance data
# datablock:
#   columns: 7
#   entries: 118
##       Z              A            Liso           Value         dValue          Ratio         Nuclide
##      []             []             []            [eV]           [eV]            []             []
         9             19              0        7.500000E+00   3.400000E+00   1.000000E+00      F019                                                                                                    
        11             23              0        1.700000E+00   5.000000E-01   1.000000E+00      Na023                                                                                                   
        12             24              0        1.100000E+00   5.000000E-01   1.000000E+00      Mg024                                                                                                   
        12             25              0        2.000000E+00   1.000000E+00   1.000000E+00      Mg025                                                                                                   
        13             27              0        2.100000E+00   4.000000E-01   1.000000E+00      Al027                                                                                                   
        14             28              0        8.500000E-01   2.500000E-01   1.000000E+00      Si028                                                                                                   
        14             29              0        1.300000E+00   2.000000E-01   1.000000E+00      Si029                                                                                                   
        14             30              0        5.000000E-01   1.500000E-01   1.000000E+00      Si030                                                                                                   
        15             31              0        1.500000E+00   5.000000E-01   1.000000E+00      P031                                                                                                    
        16             32              0        6.700000E-01   1.700000E-01   1.000000E+00      S032                                                                                                    
        16             33              0        2.530000E+00   6.800000E-01   1.000000E+00      S033                                                                                                    
        16             34              0        7.200000E-01   1.900000E-01   1.000000E+00      S034                                                                                                    
        17             35              0        1.800000E+00   3.000000E-01   1.000000E+00      Cl035                                                                                                   
        17             37              0        7.000000E-01   2.000000E-01   1.000000E+00      Cl037                                                                                                   
        19             39              0        1.000000E+00   3.000000E-01   1.000000E+00      K039                                                                                                    
        19             41              0        2.000000E+00   4.000000E-01   1.000000E+00      K041                                                                                                    
        20             40              0        4.400000E-01   8.000000E-02   1.000000E+00      Ca040                                                                                                   
        22             48              0        1.210000E+00   3.400000E-01   1.000000E+00      Ti048                                                                                                   
        22             50              0        5.400000E-01   1.000000E-01   1.000000E+00      Ti050                                                                                                   
        23             51              0        1.300000E+00   3.000000E-01   1.000000E+00      V051                                                                                                    
        24             50              0        6.800000E-01   1.200000E-01   1.000000E+00      Cr050                                                                                                   
        24             52              0        4.300000E-01   6.000000E-02   1.000000E+00      Cr052                                                                                                   
        24             53              0        4.900000E-01   9.000000E-02   1.000000E+00      Cr053                                                                                                   
        24             54              0        7.500000E-01   1.200000E-01   1.000000E+00      Cr054                                                                                                   
        25             55              0        3.000000E-01   1.000000E-01   1.000000E+00      Mn055                                                                                                   
        26             54              0        4.200000E-01   8.000000E-02   1.000000E+00      Fe054                                                                                                   
        26             56              0        4.100000E-01   6.000000E-02   1.000000E+00      Fe056                                                                                                   
        26             57              0        4.200000E-01   8.000000E-02   1.000000E+00      Fe057                                                                                                   
        26             58              0        8.500000E-01   1.400000E-01   1.000000E+00      Fe058                                                                                                   
        28             58              0        4.800000E-01   6.000000E-02   1.000000E+00      Ni058                                                                                                   
        28             60              0        6.300000E-01   7.000000E-02   1.000000E+00      Ni060                                                                                                   
        28             64              0        7.000000E-01   1.500000E-01   1.000000E+00      Ni064                                                                                                   
        29             63              0        4.400000E-01   7.000000E-02   1.000000E+00      Cu063                                                                                                   
        29             65              0        4.700000E-01   8.000000E-02   1.000000E+00      Cu065                                                                                                   
        30             64              0        6.000000E-01   6.000000E-02   1.000000E+00      Zn064                                                                                                   
        30             66              0        6.600000E-01   6.000000E-02   1.000000E+00      Zn066                                                                                                   
        30             67              0        7.800000E-01   7.000000E-02   1.000000E+00      Zn067                                                                                                   
        30             68              0        5.600000E-01   5.000000E-02   1.000000E+00      Zn068                                                                                                   
        30             70              0        6.800000E-01   5.000000E-02   1.000000E+00      Zn070                                                                                                   
        31             69              0        1.000000E+00   3.000000E-01   1.000000E+00      Ga069                                                                                                   
        31             71              0        2.000000E+00   6.000000E-01   1.000000E+00      Ga071                                                                                                   
        33             75              0        1.500000E+00   3.000000E-01   1.000000E+00      As075                                                                                                   
        34             76              0        3.400000E+00   1.000000E+00   1.000000E+00      Se076                                                                                                   
        34             77              0        4.300000E+00   1.000000E+00   1.000000E+00      Se077                                                                                                   
        34             78              0        3.500000E+00   1.000000E+00   1.000000E+00      Se078                                                                                                   
        35             79              0        2.400000E+00   3.000000E-01   1.000000E+00      Br079                                                                                                   
        35             81              0        1.800000E+00   3.000000E-01   1.000000E+00      Br081                                                                                                   
        36             84              0        4.800000E+00   1.100000E+00   1.000000E+00      Kr084                                                                                                   
        36             86              0        4.700000E+00   5.000000E-01   1.000000E+00      Kr086                                                                                                   
        37             85              0        2.800000E+00   4.000000E-01   1.000000E+00      Rb085                                                                                                   
        38             87              0        2.700000E+00   6.000000E-01   1.000000E+00      Sr087                                                                                                   
        38             88              0        5.100000E+00   6.000000E-01   1.000000E+00      Sr088                                                                                                   
        39             89              0        4.400000E+00   5.000000E-01   1.000000E+00      Y089                                                                                                    
        40             90              0        3.800000E+00   5.000000E-01   1.000000E+00      Zr090                                                                                                   
        40             91              0        7.800000E+00   1.300000E+00   1.000000E+00      Zr091                                                                                                   
        40             92              0        6.400000E+00   1.500000E+00   1.000000E+00      Zr092                                                                                                   
        40             93              0        9.900000E+00   1.200000E+00   1.000000E+00      Zr093                                                                                                   
        40             94              0        9.400000E+00   1.200000E+00   1.000000E+00      Zr094                                                                                                   
        40             96              0        9.000000E+00   2.000000E+00   1.000000E+00      Zr096                                                                                                   
        41             93              0        5.800000E+00   8.000000E-01   1.000000E+00      Nb093                                                                                                   
        42             92              0        3.600000E+00   6.000000E-01   1.000000E+00      Mo092                                                                                                   
        42             94              0        7.200000E+00   2.700000E+00   1.000000E+00      Mo094                                                                                                   
        42             95              0        6.900000E+00   1.800000E+00   1.000000E+00      Mo095                                                                                                   
        42             96              0        7.100000E+00   1.600000E+00   1.000000E+00      Mo096                                                                                                   
        42             97              0        7.850000E+00   1.530000E+00   1.000000E+00      Mo097                                                                                                   
        42             98              0        6.300000E+00   2.100000E+00   1.000000E+00      Mo098                                                                                                   
        42            100              0        5.000000E+00   8.000000E-01   1.000000E+00      Mo100                                                                                                   
        43             99              0        5.300000E+00   5.000000E-01   1.000000E+00      Tc099                                                                                                   
        44            100              0        4.300000E+00   6.000000E-01   1.000000E+00      Ru100                                                                                                   
        44            102              0        4.600000E+00   6.000000E-01   1.000000E+00      Ru102                                                                                                   
        44            104              0        3.500000E+00   5.000000E-01   1.000000E+00      Ru104                                                                                                   
        45            103              0        5.600000E+00   6.000000E-01   1.000000E+00      Rh103                                                                                                   
        46            104              0        5.300000E+00   5.000000E-01   1.000000E+00      Pd104                                                                                                   
        46            105              0        4.100000E+00   8.000000E-01   1.000000E+00      Pd105                                                                                                   
        46            106              0        4.000000E+00   1.000000E+00   1.000000E+00      Pd106                                                                                                   
        46            108              0        4.000000E+00   1.000000E+00   1.000000E+00      Pd108                                                                                                   
        46            110              0        5.800000E+00   1.000000E+00   1.000000E+00      Pd110                                                                                                   
        47            107              0        4.500000E+00   6.000000E-01   1.000000E+00      Ag107                                                                                                   
        48            106              0        4.700000E+00   1.500000E+00   1.000000E+00      Cd106                                                                                                   
        48            108              0        6.000000E+00   1.000000E+00   1.000000E+00      Cd108                                                                                                   
        48            110              0        5.100000E+00   4.000000E-01   1.000000E+00      Cd110                                                                                                   
        48            111              0        4.700000E+00   5.000000E-01   1.000000E+00      Cd111                                                                                                   
        48            112              0        4.800000E+00   4.000000E-01   1.000000E+00      Cd112                                                                                                   
        48            113              0        3.000000E+00   5.000000E-01   1.000000E+00      Cd113                                                                                                   
        48            114              0        4.300000E+00   6.000000E-01   1.000000E+00      Cd114                                                                                                   
        48            116              0        3.800000E+00   5.000000E-01   1.000000E+00      Cd116                                                                                                   
        49            115              0        3.600000E+00   4.000000E-01   1.000000E+00      In115                                                                                                   
        50            116              0        2.840000E+00   3.200000E-01   1.000000E+00      Sn116                                                                                                   
        50            117              0        2.000000E+00   3.000000E-01   1.000000E+00      Sn117                                                                                                   
        50            120              0        2.100000E+00   2.000000E-01   1.000000E+00      Sn120                                                                                                   
        50            122              0        1.880000E+00   1.500000E-01   1.000000E+00      Sn122                                                                                                   
        50            124              0        2.200000E+00   3.000000E-01   1.000000E+00      Sn124                                                                                                   
        52            122              0        1.700000E+00   5.000000E-01   1.000000E+00      Te122                                                                                                   
        52            124              0        1.700000E+00   3.000000E-01   1.000000E+00      Te124                                                                                                   
        52            126              0        1.500000E+00   3.000000E-01   1.000000E+00      Te126                                                                                                   
        52            128              0        1.300000E+00   3.000000E-01   1.000000E+00      Te128                                                                                                   
        52            130              0        8.200000E-01   1.600000E-01   1.000000E+00      Te130                                                                                                   
        54            136              0        8.800000E-01   1.500000E-01   1.000000E+00      Xe136                                                                                                   
        56            134              0        3.000000E+00   6.000000E-01   1.000000E+00      Ba134                                                                                                   
        56            136              0        1.800000E+00   3.000000E-01   1.000000E+00      Ba136                                                                                                   
        56            138              0        1.100000E+00   3.000000E-01   1.000000E+00      Ba138                                                                                                   
        58            140              0        4.000000E-01   1.500000E-01   1.000000E+00      Ce140                                                                                                   
        60            142              0        5.800000E-01   1.300000E-01   1.000000E+00      Nd142                                                                                                   
        60            143              0        8.500000E-01   3.100000E-01   1.000000E+00      Nd143                                                                                                   
        60            144              0        7.700000E-01   1.500000E-01   1.000000E+00      Nd144                                                                                                   
        60            146              0        1.200000E+00   4.000000E-01   1.000000E+00      Nd146                                                                                                   
        60            148              0        8.500000E-01   1.500000E-01   1.000000E+00      Nd148                                                                                                   
        62            144              0        9.000000E-01   9.000000E-02   1.000000E+00      Sm144                                                                                                   
        80            200              0        6.000000E-01   1.500000E-01   1.000000E+00      Hg200                                                                                                   
        81            203              0        2.600000E-01   5.000000E-02   1.000000E+00      Tl203                                                                                                   
        81            205              0        3.100000E-01   6.000000E-02   1.000000E+00      Tl205                                                                                                   
        82            204              0        3.500000E-01   6.000000E-02   1.000000E+00      Pb204                                                                                                   
        82            206              0        3.700000E-01   1.000000E-01   1.000000E+00      Pb206                                                                                                   
        82            207              0        5.000000E-01   1.000000E-01   1.000000E+00      Pb207                                                                                                   
        82            208              0        3.300000E-01   6.000000E-02   1.000000E+00      Pb208                                                                                                   
        83            209              0        2.500000E-01   5.000000E-02   1.000000E+00      Bi209                                                                                                   
        90            232              0        1.500000E+00   3.000000E-01   1.000000E+00      Th232                                                                                                   
        92            238              0        1.600000E+00   2.000000E-01   1.000000E+00      U238                                                                                                    
