# header:
#   title: S1 resonance data for RIPL-2
#   source: Resonancetables
#   date: 2025-05-27
# reaction:
#   type: S1
# quantity:
#   type: resonance data
# datablock:
#   columns: 7
#   entries: 79
##       Z              A            Liso           Value         dValue          Ratio         Nuclide
##      []             []             []            [eV]           [eV]            []             []
        14             30              0        4.300000E-01   1.500000E-01   8.600000E-01      Si030                                                                                                   
        19             39              0        7.000000E-01   3.000000E-01   7.000000E-01      K039                                                                                                    
        19             41              0        2.600000E+00   6.000000E-01   1.300000E+00      K041                                                                                                    
        20             40              0        1.700000E-01   2.000000E-02   3.863637E-01      Ca040                                                                                                   
        20             43              0        3.700000E-01   1.000000E-01   1.000000E+00      Ca043                                                                                                   
        22             50              0        4.000000E-01   1.700000E-01   7.407407E-01      Ti050                                                                                                   
        24             50              0        7.100000E-01   1.600000E-01   1.044118E+00      Cr050                                                                                                   
        24             52              0        3.000000E-01   5.000000E-02   6.976745E-01      Cr052                                                                                                   
        24             54              0        6.700000E-01   1.100000E-01   8.933334E-01      Cr054                                                                                                   
        25             55              0        3.000000E-01   1.000000E-01   1.000000E+00      Mn055                                                                                                   
        26             54              0        4.200000E-01   1.200000E-01   1.000000E+00      Fe054                                                                                                   
        26             56              0        5.000000E-01   2.000000E-01   1.219512E+00      Fe056                                                                                                   
        26             57              0        4.200000E-01   8.000000E-02   1.000000E+00      Fe057                                                                                                   
        26             58              0        5.000000E-01   2.000000E-01   5.882353E-01      Fe058                                                                                                   
        28             58              0        1.400000E+00   5.000000E-01   2.916667E+00      Ni058                                                                                                   
        28             60              0        8.300000E-01   1.500000E-01   1.317460E+00      Ni060                                                                                                   
        28             62              0        3.000000E-01   1.000000E-01   1.000000E+00      Ni062                                                                                                   
        28             64              0        6.000000E-01   2.000000E-01   8.571429E-01      Ni064                                                                                                   
        29             63              0        4.400000E-01   7.000000E-02   1.000000E+00      Cu063                                                                                                   
        29             65              0        4.700000E-01   8.000000E-02   1.000000E+00      Cu065                                                                                                   
        30             64              0        6.000000E-01   6.000000E-02   1.000000E+00      Zn064                                                                                                   
        30             66              0        6.600000E-01   6.000000E-02   1.000000E+00      Zn066                                                                                                   
        30             68              0        5.560000E-01   5.000000E-02   9.928572E-01      Zn068                                                                                                   
        30             70              0        4.600000E-01   8.000000E-02   6.764706E-01      Zn070                                                                                                   
        38             88              0        5.100000E+00   6.000000E-01   1.000000E+00      Sr088                                                                                                   
        39             89              0        2.600000E+00   3.000000E-01   5.909091E-01      Y089                                                                                                    
        40             90              0        3.800000E+00   3.000000E-01   1.000000E+00      Zr090                                                                                                   
        40             91              0        7.300000E+00   1.500000E+00   9.358974E-01      Zr091                                                                                                   
        40             92              0        6.400000E+00   1.500000E+00   1.000000E+00      Zr092                                                                                                   
        40             94              0        8.400000E+00   1.600000E+00   8.936170E-01      Zr094                                                                                                   
        40             96              0        9.000000E+00   2.000000E+00   1.000000E+00      Zr096                                                                                                   
        42             92              0        3.600000E+00   6.000000E-01   1.000000E+00      Mo092                                                                                                   
        42             94              0        8.600000E+00   1.600000E+00   1.194445E+00      Mo094                                                                                                   
        42             95              0        5.900000E+00   1.400000E+00   8.550724E-01      Mo095                                                                                                   
        42             96              0        7.100000E+00   1.600000E+00   1.000000E+00      Mo096                                                                                                   
        42             97              0        9.300000E+00   2.400000E+00   1.184713E+00      Mo097                                                                                                   
        42             98              0        6.300000E+00   2.100000E+00   1.000000E+00      Mo098                                                                                                   
        42            100              0        5.000000E+00   1.200000E+00   1.000000E+00      Mo100                                                                                                   
        43             99              0        3.800000E+00   8.000000E-01   7.169811E-01      Tc099                                                                                                   
        44            101              0        6.500000E+00   9.000000E-01   1.000000E+00      Ru101                                                                                                   
        44            102              0        5.000000E+00   7.000000E-01   1.086957E+00      Ru102                                                                                                   
        44            104              0        5.000000E+00   4.000000E-01   1.428571E+00      Ru104                                                                                                   
        45            103              0        5.500000E+00   9.000000E-01   9.821429E-01      Rh103                                                                                                   
        46            106              0        4.000000E+00   1.000000E+00   1.000000E+00      Pd106                                                                                                   
        46            108              0        4.000000E+00   1.000000E+00   1.000000E+00      Pd108                                                                                                   
        47            107              0        3.800000E+00   8.000000E-01   8.444445E-01      Ag107                                                                                                   
        47            109              0        3.200000E+00   6.000000E-01   1.000000E+00      Ag109                                                                                                   
        48            106              0        5.000000E+00   1.500000E+00   1.063830E+00      Cd106                                                                                                   
        48            108              0        4.750000E+00   1.250000E+00   7.916667E-01      Cd108                                                                                                   
        48            110              0        4.000000E+00   9.000000E-01   7.843137E-01      Cd110                                                                                                   
        48            112              0        3.000000E+00   1.000000E+00   6.250000E-01      Cd112                                                                                                   
        48            113              0        3.000000E+00   5.000000E-01   1.000000E+00      Cd113                                                                                                   
        48            114              0        3.500000E+00   1.000000E+00   8.139535E-01      Cd114                                                                                                   
        48            116              0        2.800000E+00   8.000000E-01   7.368421E-01      Cd116                                                                                                   
        50            117              0        3.000000E+00   1.600000E+00   1.500000E+00      Sn117                                                                                                   
        50            119              0        3.800000E+00   1.500000E+00   1.000000E+00      Sn119                                                                                                   
        50            124              0        1.800000E+00   2.000000E-01   8.181818E-01      Sn124                                                                                                   
        54            136              0        9.000000E-01   3.000000E-01   1.022727E+00      Xe136                                                                                                   
        56            134              0        3.200000E+00   6.000000E-01   1.066667E+00      Ba134                                                                                                   
        56            136              0        1.800000E+00   3.000000E-01   1.000000E+00      Ba136                                                                                                   
        56            138              0        2.000000E+00   7.000000E-01   1.818182E+00      Ba138                                                                                                   
        58            140              0        4.000000E-01   1.500000E-01   1.000000E+00      Ce140                                                                                                   
        60            142              0        7.000000E-01   5.000000E-02   1.206897E+00      Nd142                                                                                                   
        60            143              0        1.000000E+00   4.000000E-01   1.176471E+00      Nd143                                                                                                   
        60            144              0        8.000000E-01   3.000000E-01   1.038961E+00      Nd144                                                                                                   
        60            145              0        8.000000E-01   4.000000E-01   1.000000E+00      Nd145                                                                                                   
        60            146              0        1.100000E+00   4.000000E-01   9.166666E-01      Nd146                                                                                                   
        60            148              0        6.000000E-01   2.000000E-01   7.058824E-01      Nd148                                                                                                   
        74            183              0        7.200000E-01   3.000000E-02   1.000000E+00      W183                                                                                                    
        74            184              0        5.800000E-01   7.000000E-02   1.000000E+00      W184                                                                                                    
        74            186              0        3.700000E-01   5.000000E-02   1.000000E+00      W186                                                                                                    
        82            204              0        5.000000E-01   1.000000E-01   1.428571E+00      Pb204                                                                                                   
        82            206              0        4.000000E-01   2.000000E-01   1.081081E+00      Pb206                                                                                                   
        82            207              0        6.000000E-01   2.000000E-01   1.200000E+00      Pb207                                                                                                   
        82            208              0        5.000000E-01   1.000000E-01   1.515152E+00      Pb208                                                                                                   
        83            209              0        2.500000E-01   7.000000E-02   1.000000E+00      Bi209                                                                                                   
        92            235              0        1.800000E+00   3.000000E-01   1.000000E+00      U235                                                                                                    
        92            238              0        1.600000E+00   4.000000E-01   1.000000E+00      U238                                                                                                    
        94            239              0        2.300000E+00   3.000000E-01   1.000000E+00      Pu239                                                                                                   
