# header: 
#   title: S1 resonance data
#   source: Resonancetables
#   date: 2025-12-18
# reaction: 
#   type: S1
# quantity: 
#   type: resonance data
# datablock: 
#   columns: 12
#   entries: 216
##       Z              A            Liso           Value         dValue        Reference   Rel. dev. comp. Rel. dev. NDL Rel. dev. EXFOR Rel. dev. all  #Experiments      Nuclide
##      []             []             []           [*e-4]         [*e-4]           []             [%]            [%]            [%]            [%]            []             []
         8             16              0        1.470000E+00   5.900000E-01  Mughabghab-2018       0.00           0.00           0.00           0.00           0           O016  
         9             19              0        7.500000E+00   3.400000E+00  RIPL-3                0.00           0.00           0.00           1.18           0           F019  
        10             20              0        1.100000E+00   3.000000E-01  Mughabghab-2018       0.00          39.80           0.00          35.68           0           Ne020 
        10             22              0        1.300000E+00   4.000000E-01  Mughabghab-2018       0.00           1.35           0.00           1.23           0           Ne022 
        11             23              0        1.700000E+00   5.000000E-01  RIPL-3                5.56          11.75           0.00          10.62           0           Na023 
        12             24              0        1.100000E+00   5.000000E-01  RIPL-3               58.49           0.00           0.00          47.98           0           Mg024 
        12             25              0        2.000000E+00   1.000000E+00  RIPL-3               13.04          59.27           0.00          68.39           0           Mg025 
        13             27              0        2.100000E+00   4.000000E-01  RIPL-3               12.50          18.35           0.00          37.38           0           Al027 
        14             28              0        8.500000E-01   2.500000E-01  RIPL-3               20.93           9.67           0.00          18.22           0           Si028 
        14             29              0        1.300000E+00   2.000000E-01  RIPL-3               23.53           0.00           0.00         125.53           0           Si029 
        14             30              0        5.000000E-01   1.500000E-01  RIPL-3                9.28           0.00           0.00           9.07           0           Si030 
        15             31              0        1.500000E+00   5.000000E-01  RIPL-3               44.23           0.00           0.00          36.19           0           P031  
        16             32              0        6.700000E-01   1.700000E-01  RIPL-3                0.00          23.66           0.00          21.55           0           S032  
        16             33              0        2.530000E+00   6.800000E-01  RIPL-3                0.00           0.00           0.00           0.75           0           S033  
        16             34              0        7.200000E-01   1.900000E-01  RIPL-3                0.00          26.65           0.00          22.47           0           S034  
        17             35              0        1.800000E+00   3.000000E-01  RIPL-3                5.26           0.00           0.00           4.30           0           Cl035 
        17             37              0        7.000000E-01   2.000000E-01  RIPL-3                4.48          27.35           0.00          81.48           0           Cl037 
        18             40              0        3.600000E-01   6.000000E-02  Mughabghab-2018       0.00          33.73           0.00          46.32           0           Ar040 
        19             39              0        1.000000E+00   3.000000E-01  RIPL-3               15.71          12.28           0.00          47.68           0           K039  
        19             41              0        2.000000E+00   4.000000E-01  RIPL-3               10.65          65.27           0.00          52.76           0           K041  
        20             40              0        4.400000E-01   8.000000E-02  RIPL-3               35.63          18.17           0.00          35.41           0           Ca040 
        20             42              0        4.500000E-01   1.500000E-01  Mughabghab-2018       0.00           5.02           0.00          39.60           0           Ca042 
        20             43              0        3.700000E-01   1.000000E-01  RIPL-2                0.00         167.36           0.00         214.46           0           Ca043 
        20             44              0        3.600000E-01   1.200000E-01  Mughabghab-2018       0.00          56.46           0.00          49.64           0           Ca044 
        20             48              0        2.000000E-01   1.300000E-01  Mughabghab-2018       0.00         137.45           0.00         161.17           0           Ca048 
        21             45              0        1.270000E+00   2.100000E-01  Mughabghab-2018       0.00          10.19           0.00          17.80           0           Sc045 
        22             47              0        1.440000E+00   5.000000E-01  Mughabghab-2018       0.00          30.72           0.00          32.05           0           Ti047 
        22             48              0        1.210000E+00   3.400000E-01  RIPL-3                0.00           0.00           0.00          49.92           0           Ti048 
        22             50              0        5.400000E-01   1.000000E-01  RIPL-3               13.38          16.13           0.00          17.92           0           Ti050 
        23             51              0        1.300000E+00   3.000000E-01  RIPL-3               32.65          33.65           0.00          40.15           0           V051  
        24             50              0        6.800000E-01   1.200000E-01  RIPL-3                2.05           4.09           0.00           6.07           0           Cr050 
        24             52              0        4.300000E-01   6.000000E-02  RIPL-3               23.17          45.62           0.00          41.90           0           Cr052 
        24             53              0        4.900000E-01   9.000000E-02  RIPL-3                0.00          39.61           0.00          53.26           0           Cr053 
        24             54              0        7.500000E-01   1.200000E-01  RIPL-3               41.57          27.41           0.00          41.24           0           Cr054 
        25             55              0        3.000000E-01   1.000000E-01  RIPL-3                1.55          37.42           0.00          45.16           0           Mn055 
        26             54              0        4.200000E-01   8.000000E-02  RIPL-3                2.21          43.07           0.00          51.45           0           Fe054 
        26             56              0        4.100000E-01   6.000000E-02  RIPL-3               14.68           1.64           0.00          10.20           0           Fe056 
        26             57              0        4.200000E-01   8.000000E-02  RIPL-3               26.68          46.15           0.00          48.69           0           Fe057 
        26             58              0        8.500000E-01   1.400000E-01  RIPL-3               21.89          10.20           0.00          20.57           0           Fe058 
        27             59              0        2.400000E-01   4.000000E-02  Mughabghab-2018       0.00           0.29           0.00          16.00           0           Co059 
        28             58              0        4.800000E-01   6.000000E-02  RIPL-3               54.08          13.97           0.00          42.39           0           Ni058 
        28             60              0        6.300000E-01   7.000000E-02  RIPL-3               20.10          38.05           0.00          33.17           0           Ni060 
        28             62              0        3.000000E-01   1.000000E-01  RIPL-2               22.08           7.17           0.00          20.55           0           Ni062 
        28             64              0        7.000000E-01   1.500000E-01  RIPL-3               10.11          18.51           0.00          20.95           0           Ni064 
        29             63              0        4.400000E-01   7.000000E-02  RIPL-3                9.12         106.69           0.00         105.25           0           Cu063 
        29             65              0        4.700000E-01   8.000000E-02  RIPL-3                9.64         109.66           0.00          99.12           0           Cu065 
        30             64              0        6.000000E-01   6.000000E-02  RIPL-3                7.44           3.91           0.00           9.70           0           Zn064 
        30             66              0        6.600000E-01   6.000000E-02  RIPL-3                2.80          11.21           0.00          21.06           0           Zn066 
        30             67              0        7.800000E-01   7.000000E-02  RIPL-3                0.00          14.27           0.00          64.99           0           Zn067 
        30             68              0        5.600000E-01   5.000000E-02  RIPL-3                4.19           5.22           0.00          17.09           0           Zn068 
        30             70              0        6.800000E-01   5.000000E-02  RIPL-3               21.30          13.42           0.00          17.20           0           Zn070 
        31             69              0        1.000000E+00   3.000000E-01  RIPL-3                0.00          28.63           0.00          30.60           0           Ga069 
        31             71              0        2.000000E+00   6.000000E-01  RIPL-3                4.76           2.40           0.00          87.16           0           Ga071 
        32             76              0        1.300000E+00   3.000000E-01  Mughabghab-2018       0.00           6.41           0.00          14.49           0           Ge076 
        33             75              0        1.500000E+00   3.000000E-01  RIPL-3                9.09         106.94           0.00          87.15           0           As075 
        34             76              0        3.400000E+00   1.000000E+00  RIPL-3                9.68         119.00           0.00         143.99           0           Se076 
        34             77              0        4.300000E+00   1.000000E+00  RIPL-3                0.00         189.64           0.00         214.71           0           Se077 
        34             78              0        3.500000E+00   1.000000E+00  RIPL-3               33.84          48.00           0.00          85.87           0           Se078 
        34             80              0        5.000000E-01   5.000000E-01  Mughabghab-2018       0.00         120.39           0.00         138.90           0           Se080 
        35             79              0        2.400000E+00   3.000000E-01  RIPL-3               18.51          19.59           0.00          27.99           0           Br079 
        35             81              0        1.800000E+00   3.000000E-01  RIPL-3               16.28          55.78           0.00          44.75           0           Br081 
        36             84              0        4.800000E+00   1.100000E+00  RIPL-3                0.00          33.62           0.00          33.64           0           Kr084 
        36             86              0        4.700000E+00   5.000000E-01  RIPL-3                6.82          12.57           0.00          11.51           0           Kr086 
        37             85              0        2.800000E+00   4.000000E-01  RIPL-3                0.00          17.35           0.00          19.75           0           Rb085 
        38             86              0        2.500000E+00   3.000000E-01  Mughabghab-2018       0.00          53.92           0.00          47.07           0           Sr086 
        38             87              0        2.700000E+00   6.000000E-01  RIPL-3                1.31           7.76           0.00          70.95           0           Sr087 
        38             88              0        5.100000E+00   6.000000E-01  RIPL-3                0.00          12.79           0.00          20.97           0           Sr088 
        39             89              0        4.400000E+00   5.000000E-01  RIPL-3               24.90          12.18           0.00          21.77           0           Y089  
        40             90              0        3.800000E+00   5.000000E-01  RIPL-3               11.30          18.16           0.00          21.03           0           Zr090 
        40             91              0        7.800000E+00   1.300000E+00  RIPL-3                4.27          23.42           0.00          25.84           0           Zr091 
        40             92              0        6.400000E+00   1.500000E+00  RIPL-3                4.29           9.61           0.00           8.03           0           Zr092 
        40             93              0        9.900000E+00   1.200000E+00  RIPL-3                5.32           7.33           0.00           9.34           0           Zr093 
        40             94              0        9.400000E+00   1.200000E+00  RIPL-3                5.97           8.11           0.00           8.22           0           Zr094 
        40             96              0        9.000000E+00   2.000000E+00  RIPL-3               17.68           9.52           0.00          19.42           0           Zr096 
        41             93              0        5.800000E+00   8.000000E-01  RIPL-3                0.85           8.73           0.00          27.80           0           Nb093 
        42             92              0        3.600000E+00   6.000000E-01  RIPL-3               14.88           5.96           0.00          12.00           0           Mo092 
        42             94              0        7.200000E+00   2.700000E+00  RIPL-3                8.51          34.57           0.00          34.68           0           Mo094 
        42             95              0        6.900000E+00   1.800000E+00  RIPL-3                6.76          18.50           0.00          17.77           0           Mo095 
        42             96              0        7.100000E+00   1.600000E+00  RIPL-3               15.47          16.62           0.00          16.42           0           Mo096 
        42             97              0        7.850000E+00   1.530000E+00  RIPL-3               10.49          19.32           0.00          18.34           0           Mo097 
        42             98              0        6.300000E+00   2.100000E+00  RIPL-3                5.84           2.45           0.00           9.11           0           Mo098 
        42            100              0        5.000000E+00   8.000000E-01  RIPL-3                1.31           4.26           0.00           4.15           0           Mo100 
        43             99              0        5.300000E+00   5.000000E-01  RIPL-3               14.73          69.33           0.00          53.60           0           Tc099 
        44             99              0        5.100000E+00   5.000000E-01  Mughabghab-2018       0.00          10.03           0.00           9.81           0           Ru099 
        44            100              0        4.300000E+00   6.000000E-01  RIPL-3               18.79          42.36           0.00          47.17           0           Ru100 
        44            101              0        6.500000E+00   9.000000E-01  RIPL-2                3.17         102.79           0.00          80.60           0           Ru101 
        44            102              0        4.600000E+00   6.000000E-01  RIPL-3                3.42          10.69           0.00          16.24           0           Ru102 
        44            104              0        3.500000E+00   5.000000E-01  RIPL-3               17.65          45.38           0.00          45.86           0           Ru104 
        45            103              0        5.600000E+00   6.000000E-01  RIPL-3                4.35          23.80           0.00          23.31           0           Rh103 
        46            104              0        5.300000E+00   5.000000E-01  RIPL-3                0.19          25.42           0.00          21.02           0           Pd104 
        46            105              0        4.100000E+00   8.000000E-01  RIPL-3               16.75          49.45           0.00          41.70           0           Pd105 
        46            106              0        4.000000E+00   1.000000E+00  RIPL-3               15.34          24.37           0.00          22.80           0           Pd106 
        46            107              0        5.500000E+00   5.000000E-01  Mughabghab-2018       0.00          80.62           0.00          72.37           0           Pd107 
        46            108              0        4.000000E+00   1.000000E+00  RIPL-3               14.78          38.47           0.00          34.33           0           Pd108 
        46            110              0        5.800000E+00   1.000000E+00  RIPL-3                0.09          51.59           0.00          40.42           0           Pd110 
        47            107              0        4.500000E+00   6.000000E-01  RIPL-3                8.45          27.40           0.00          24.48           0           Ag107 
        47            109              0        3.200000E+00   6.000000E-01  RIPL-2                5.88          21.17           0.00          21.64           0           Ag109 
        48            106              0        4.700000E+00   1.500000E+00  RIPL-3                2.95          43.34           0.00          31.74           0           Cd106 
        48            108              0        6.000000E+00   1.000000E+00  RIPL-3               14.19          12.74           0.00          15.93           0           Cd108 
        48            110              0        5.100000E+00   4.000000E-01  RIPL-3               18.56          31.98           0.00          28.47           0           Cd110 
        48            111              0        4.700000E+00   5.000000E-01  RIPL-3                0.21          37.78           0.00          32.69           0           Cd111 
        48            112              0        4.800000E+00   4.000000E-01  RIPL-3               19.37          29.54           0.00          25.61           0           Cd112 
        48            113              0        3.000000E+00   5.000000E-01  RIPL-3                0.00         122.23           0.00         157.43           0           Cd113 
        48            114              0        4.300000E+00   6.000000E-01  RIPL-3                9.16          26.81           0.00          23.20           0           Cd114 
        48            116              0        3.800000E+00   5.000000E-01  RIPL-3               13.60          45.55           0.00          34.44           0           Cd116 
        49            113              0        2.510000E+00   7.900000E-01  Mughabghab-2018       0.00          44.56           0.00          41.69           0           In113 
        49            115              0        3.600000E+00   4.000000E-01  RIPL-3                0.00          65.87           0.00          61.44           0           In115 
        50            112              0        2.800000E+00   4.000000E-01  Mughabghab-2018       0.00          74.64           0.00          65.25           0           Sn112 
        50            115              0        3.800000E+00   4.000000E-01  Mughabghab-2018       0.00          15.30           0.00          16.26           0           Sn115 
        50            116              0        2.840000E+00   3.200000E-01  RIPL-3                0.00          13.04           0.00          11.71           0           Sn116 
        50            117              0        2.000000E+00   3.000000E-01  RIPL-3               17.08         135.84           0.00         108.02           0           Sn117 
        50            118              0        1.900000E+00   6.000000E-01  Mughabghab-2018       0.00          16.08           0.00          20.16           0           Sn118 
        50            119              0        3.800000E+00   1.500000E+00  RIPL-2               26.67         101.73           0.00          79.95           0           Sn119 
        50            120              0        2.100000E+00   2.000000E-01  RIPL-3                0.00          17.33           0.00          14.65           0           Sn120 
        50            122              0        1.880000E+00   1.500000E-01  RIPL-3                9.18          18.60           0.00          16.54           0           Sn122 
        50            124              0        2.200000E+00   3.000000E-01  RIPL-3                9.33          21.19           0.00          23.34           0           Sn124 
        51            121              0        2.000000E+00   5.000000E-01  Mughabghab-2018       0.00          34.36           0.00         103.43           0           Sb121 
        51            123              0        1.670000E+00   3.700000E-01  Mughabghab-2018       0.00          34.33           0.00          34.93           0           Sb123 
        52            122              0        1.700000E+00   5.000000E-01  RIPL-3               20.00          10.26           0.00          16.70           0           Te122 
        52            123              0        2.310000E+00   2.300000E-01  Mughabghab-2018       0.00          54.79           0.00          49.31           0           Te123 
        52            124              0        1.700000E+00   3.000000E-01  RIPL-3                6.08          17.20           0.00          19.67           0           Te124 
        52            125              0        1.860000E+00   1.900000E-01  Mughabghab-2018       0.00          74.41           0.00          69.43           0           Te125 
        52            126              0        1.500000E+00   3.000000E-01  RIPL-3                3.85          31.08           0.00          30.02           0           Te126 
        52            128              0        1.300000E+00   3.000000E-01  RIPL-3               12.75          39.57           0.00          36.76           0           Te128 
        52            130              0        8.200000E-01   1.600000E-01  RIPL-3                8.38         104.22           0.00         123.70           0           Te130 
        53            127              0        1.500000E+00   2.000000E-01  Mughabghab-2018       0.00          39.80           0.00          38.22           0           I127  
        53            129              0        1.400000E+00   3.000000E-01  Mughabghab-2018       0.00          50.59           0.00          49.79           0           I129  
        54            136              0        8.800000E-01   1.500000E-01  RIPL-3                6.72          32.45           0.00          33.11           0           Xe136 
        55            132              0        1.300000E+00   4.000000E-01  Mughabghab-2018       0.00           0.00           0.00          88.87           0           Cs132 
        56            134              0        3.000000E+00   6.000000E-01  RIPL-3                3.99          51.25           0.00          49.68           0           Ba134 
        56            135              0        1.650000E+00   5.400000E-01  Mughabghab-2018       0.00         187.70           0.00         202.34           0           Ba135 
        56            136              0        1.800000E+00   3.000000E-01  RIPL-3                8.38          41.51           0.00          34.44           0           Ba136 
        56            137              0        8.100000E-01   2.100000E-01  Mughabghab-2018       0.00           8.05           0.00          35.59           0           Ba137 
        56            138              0        1.100000E+00   3.000000E-01  RIPL-3               30.30          66.29           0.00          54.55           0           Ba138 
        57            139              0        4.900000E-01   1.000000E-01  Mughabghab-2018       0.00          54.18           0.00          51.86           0           La139 
        58            138              0        9.700000E+00   1.900000E+00  Mughabghab-2018       0.00          24.15           0.00         119.61           0           Ce138 
        58            140              0        4.000000E-01   1.500000E-01  RIPL-3                7.44          85.36           0.00         109.09           0           Ce140 
        58            142              0        1.300000E-01   1.100000E-01  Mughabghab-2018       0.00         189.15           0.00         209.35           0           Ce142 
        59            141              0        7.400000E-01   1.700000E-01  Mughabghab-2018       0.00          22.38           0.00          32.24           0           Pr141 
        60            142              0        5.800000E-01   1.300000E-01  RIPL-3                9.12          21.34           0.00          18.74           0           Nd142 
        60            143              0        8.500000E-01   3.100000E-01  RIPL-3                7.86          77.67           0.00          60.51           0           Nd143 
        60            144              0        7.700000E-01   1.500000E-01  RIPL-3                1.81         116.71           0.00         166.10           0           Nd144 
        60            145              0        8.000000E-01   4.000000E-01  RIPL-2                0.00          73.93           0.00          77.86           0           Nd145 
        60            146              0        1.200000E+00   4.000000E-01  RIPL-3               23.77         103.04           0.00         130.00           0           Nd146 
        60            148              0        8.500000E-01   1.500000E-01  RIPL-3               23.63          19.22           0.00          21.96           0           Nd148 
        60            150              0        8.000000E-01   2.000000E-01  Mughabghab-2018       0.00          66.83           0.00          59.40           0           Nd150 
        62            144              0        9.000000E-01   9.000000E-02  RIPL-3               10.00          28.66           0.00          32.27           0           Sm144 
        62            147              0        9.500000E-01   1.700000E-01  Mughabghab-2018       0.00         121.17           0.00         139.67           0           Sm147 
        62            149              0        1.100000E+00   3.000000E-01  Mughabghab-2018       0.00          53.60           0.00          48.34           0           Sm149 
        62            152              0        9.000000E-01   3.000000E-01  Mughabghab-2018       0.00         121.14           0.00         100.01           0           Sm152 
        63            151              0        9.200000E-01   1.100000E-01  Mughabghab-2018       0.00          63.27           0.00          59.84           0           Eu151 
        63            153              0        1.200000E+00   2.000000E-01  Mughabghab-2018       0.00           9.85           0.00          11.80           0           Eu153 
        64            152              0        1.200000E+00   1.300000E-01  Mughabghab-2018       0.00         116.74           0.00         133.20           0           Gd152 
        64            154              0        1.520000E+00   6.000000E-02  Mughabghab-2018       0.00         120.36           0.00         138.96           0           Gd154 
        64            155              0        1.490000E+00   1.400000E-01  Mughabghab-2018       0.00         199.90           0.00         223.48           0           Gd155 
        64            156              0        1.700000E+00   3.000000E-01  Mughabghab-2018       0.00          64.26           0.00          58.72           0           Gd156 
        64            157              0        2.200000E+00   7.000000E-01  Mughabghab-2018       0.00         196.91           0.00         219.25           0           Gd157 
        64            158              0        1.300000E+00   4.000000E-01  Mughabghab-2018       0.00          66.74           0.00          63.23           0           Gd158 
        64            160              0        8.000000E-01   2.000000E-01  Mughabghab-2018       0.00         121.68           0.00         139.98           0           Gd160 
        65            158              0        1.860000E+00   9.000000E-02  Mughabghab-2018       0.00         137.15           0.00         134.13           0           Tb158 
        65            159              0        1.860000E+00   9.000000E-02  Mughabghab-2018       0.00          16.49           0.00          22.48           0           Tb159 
        66            160              0        1.900000E+00   4.000000E-01  Mughabghab-2018       0.00          21.94           0.00          20.11           0           Dy160 
        66            161              0        1.600000E+00   4.000000E-01  Mughabghab-2018       0.00          24.35           0.00          25.22           0           Dy161 
        66            162              0        1.600000E+00   4.000000E-01  Mughabghab-2018       0.00          22.66           0.00         110.55           0           Dy162 
        66            163              0        1.700000E+00   3.000000E-01  Mughabghab-2018       0.00          99.95           0.00         122.39           0           Dy163 
        66            164              0        1.280000E+00   2.900000E-01  Mughabghab-2018       0.00          37.74           0.00          38.97           0           Dy164 
        67            165              0        1.300000E+00   7.000000E-02  Mughabghab-2018       0.00           0.00           0.00           7.50           0           Ho165 
        68            166              0        1.400000E+00   2.000000E-01  Mughabghab-2018       0.00         102.44           0.00         110.48           0           Er166 
        68            167              0        1.510000E+00   6.000000E-02  Mughabghab-2018       0.00         169.37           0.00         194.63           0           Er167 
        68            168              0        1.030000E+00   8.000000E-02  Mughabghab-2018       0.00          49.57           0.00          77.98           0           Er168 
        68            170              0        1.380000E+00   2.300000E-01  Mughabghab-2018       0.00          24.55           0.00          22.07           0           Er170 
        69            169              0        1.090000E+00   7.000000E-02  Mughabghab-2018       0.00          55.54           0.00          64.90           0           Tm169 
        70            170              0        1.100000E+00   3.000000E-01  Mughabghab-2018       0.00          48.19           0.00          44.10           0           Yb170 
        70            171              0        2.220000E+00   3.000000E-01  Mughabghab-2018       0.00           1.37           0.00          17.92           0           Yb171 
        70            172              0        1.000000E+00   3.000000E-01  Mughabghab-2018       0.00          99.96           0.00         122.24           0           Yb172 
        70            173              0        1.000000E+00   3.000000E-01  Mughabghab-2018       0.00          47.73           0.00          53.36           0           Yb173 
        70            174              0        8.000000E-01   3.000000E-01  Mughabghab-2018       0.00           2.48           0.00          50.00           0           Yb174 
        70            176              0        7.200000E-01   7.000000E-02  Mughabghab-2018       0.00          57.76           0.00          63.36           0           Yb176 
        71            175              0        7.000000E-01   1.000000E-01  Mughabghab-2018       0.00           0.00           0.00          24.74           0           Lu175 
        71            176              0        9.400000E-01   7.000000E-02  Mughabghab-2018       0.00           0.00           0.00          15.50           0           Lu176 
        72            174              0        1.000000E+00   2.000000E-01  Mughabghab-2018       0.00           7.81           0.00           7.45           0           Hf174 
        72            176              0        8.000000E-01   7.000000E-02  Mughabghab-2018       0.00          70.47           0.00          70.96           0           Hf176 
        72            177              0        1.000000E+00   5.000000E-02  Mughabghab-2018       0.00          62.58           0.00          61.45           0           Hf177 
        72            178              0        8.000000E-01   1.400000E-01  Mughabghab-2018       0.00          84.26           0.00          80.20           0           Hf178 
        72            179              0        8.300000E-01   1.000000E-01  Mughabghab-2018       0.00          66.62           0.00          66.32           0           Hf179 
        72            180              0        7.100000E-01   1.300000E-01  Mughabghab-2018       0.00          51.50           0.00          47.84           0           Hf180 
        73            180              1        7.000000E-01   3.000000E-01  Mughabghab-2018       0.00           0.00           0.00           0.00           0           Ta180m
        73            181              0        5.000000E-01   2.000000E-01  Mughabghab-2018       0.00          89.70           0.00          92.71           0           Ta181 
        74            180              0        7.200000E-01   1.500000E-01  Mughabghab-2018       0.00          41.74           0.00          50.21           0           W180  
        74            182              0        7.200000E-01   6.000000E-02  Mughabghab-2018       0.00          61.45           0.00          54.53           0           W182  
        74            183              0        7.200000E-01   3.000000E-02  RIPL-2                2.04          61.00           0.00          51.98           0           W183  
        74            184              0        5.800000E-01   7.000000E-02  RIPL-2               10.77          74.06           0.00          56.19           0           W184  
        74            186              0        3.700000E-01   5.000000E-02  RIPL-2               32.11          41.74           0.00          45.54           0           W186  
        75            185              0        7.000000E-01   3.000000E-01  Mughabghab-2018       0.00          45.78           0.00          47.50           0           Re185 
        75            187              0        7.000000E-01   3.000000E-01  Mughabghab-2018       0.00          50.29           0.00          48.55           0           Re187 
        76            186              0        6.000000E-01   2.000000E-01  Mughabghab-2018       0.00           5.13           0.00          20.00           0           Os186 
        76            187              0        6.000000E-01   2.000000E-01  Mughabghab-2018       0.00          14.43           0.00          23.77           0           Os187 
        78            195              0        5.400000E-01   4.000000E-02  Mughabghab-2018       0.00          70.07           0.00          73.44           0           Pt195 
        79            197              0        5.800000E-01   8.000000E-02  Mughabghab-2018       0.00           1.83           0.00           3.62           0           Au197 
        80            198              0        5.000000E-01   1.000000E-01  Mughabghab-2018       0.00          48.08           0.00          43.97           0           Hg198 
        80            199              0        4.000000E-01   1.000000E-01  Mughabghab-2018       0.00          95.62           0.00          84.09           0           Hg199 
        80            200              0        6.000000E-01   1.500000E-01  RIPL-3                6.19          19.27           0.00          26.29           0           Hg200 
        81            203              0        2.600000E-01   5.000000E-02  RIPL-3                0.00           8.44           0.00           8.02           0           Tl203 
        81            205              0        3.100000E-01   6.000000E-02  RIPL-3                0.00          11.37           0.00          32.70           0           Tl205 
        82            204              0        3.500000E-01   6.000000E-02  RIPL-3               17.68           2.82           0.00          13.98           0           Pb204 
        82            206              0        3.700000E-01   1.000000E-01  RIPL-3               17.53           4.45           0.00          22.74           0           Pb206 
        82            207              0        5.000000E-01   1.000000E-01  RIPL-3               12.07          29.40           0.00          34.28           0           Pb207 
        82            208              0        3.300000E-01   6.000000E-02  RIPL-3               23.38           4.28           0.00          22.81           0           Pb208 
        83            209              0        2.500000E-01   5.000000E-02  RIPL-3                3.67          29.44           0.00          31.38           0           Bi209 
        90            232              0        1.500000E+00   3.000000E-01  RIPL-3                5.26          10.40           0.00          13.57           0           Th232 
        92            235              0        1.800000E+00   3.000000E-01  RIPL-2                0.00           9.83           0.00           8.87           0           U235  
        92            236              0        2.300000E+00   4.000000E-01  Mughabghab-2018       0.00           7.64           0.00          42.18           0           U236  
        92            238              0        1.600000E+00   2.000000E-01  RIPL-3               15.01           7.93           0.00          13.64           0           U238  
        93            237              0        2.000000E+00   2.000000E-01  Mughabghab-2018       0.00          54.88           0.00          49.26           0           Np237 
        94            239              0        2.300000E+00   3.000000E-01  RIPL-2                0.00           9.83           0.00          14.93           0           Pu239 
        94            240              0        2.000000E+00   2.000000E-01  Mughabghab-2018       0.00          39.71           0.00          35.79           0           Pu240 
