# header: 
#   title: S1 resonance data for tendl.2025
#   source: Resonancetables
#   date: 2025-12-15
# reaction: 
#   type: S1
# quantity: 
#   type: resonance data
# datablock: 
#   columns: 7
#   entries: 214
##       Z              A            Liso           Value         dValue          Ratio         Nuclide
##      []             []             []           [*e-4]         [*e-4]           []             [%]
         9             19              0        7.313110E+00   0.000000E+00         0.9751      F019
        10             20              0        1.554420E+00   0.000000E+00         1.4131      Ne020
        10             22              0        1.295770E+00   0.000000E+00         0.9967      Ne022
        11             23              0        1.468270E+00   0.000000E+00         0.8637      Na023
        12             24              0        2.074030E+00   0.000000E+00         1.8855      Mg024
        12             25              0        1.654040E+00   0.000000E+00         0.8270      Mg025
        13             27              0        1.116540E+00   0.000000E+00         0.5317      Al027
        14             28              0        1.032290E+00   0.000000E+00         1.2145      Si028
        14             29              0        1.377710E-02   0.000000E+00         0.0106      Si029
        14             30              0        5.602100E-01   0.000000E+00         1.1204      Si030
        15             31              0        8.404530E-01   0.000000E+00         0.5603      P031
        16             32              0        7.880440E-01   0.000000E+00         1.1762      S032
        16             33              0        2.492470E+00   0.000000E+00         0.9852      S033
        16             34              0        8.412500E-01   0.000000E+00         1.1684      S034
        17             35              0        1.710810E+00   0.000000E+00         0.9505      Cl035
        17             37              0        1.978770E-01   0.000000E+00         0.2827      Cl037
        18             40              0        1.429450E+00   0.000000E+00         3.9707      Ar040
        19             39              0        3.223520E-01   0.000000E+00         0.3224      K039
        19             41              0        4.314130E+00   0.000000E+00         2.1571      K041
        20             40              0        2.558520E-01   0.000000E+00         0.5815      Ca040
        20             42              0        2.121330E-01   0.000000E+00         0.4714      Ca042
        20             43              0        9.898840E-01   0.000000E+00         2.6754      Ca043
        20             44              0        1.009410E-01   0.000000E+00         0.2804      Ca044
        20             48              0        8.683460E+01   0.000000E+00       434.1730      Ca048
        21             45              0        2.113190E+00   0.000000E+00         1.6639      Sc045
        22             47              0        1.359140E+00   0.000000E+00         0.9438      Ti047
        22             48              0        4.627430E-01   0.000000E+00         0.3824      Ti048
        22             50              0        4.091550E-01   0.000000E+00         0.7577      Ti050
        23             51              0        7.892560E-01   0.000000E+00         0.6071      V051
        24             50              0        7.803270E-01   0.000000E+00         1.1475      Cr050
        24             52              0        3.902450E-01   0.000000E+00         0.9075      Cr052
        24             53              0        2.285870E+00   0.000000E+00         4.6650      Cr053
        24             54              0        4.293020E-01   0.000000E+00         0.5724      Cr054
        25             55              0        1.115750E-01   0.000000E+00         0.3719      Mn055
        26             54              0        1.197010E+00   0.000000E+00         2.8500      Fe054
        26             56              0        4.776660E-01   0.000000E+00         1.1650      Fe056
        26             57              0        7.919560E-02   0.000000E+00         0.1886      Fe057
        26             58              0        1.031370E+00   0.000000E+00         1.2134      Fe058
        27             59              0        1.680960E-01   0.000000E+00         0.7004      Co059
        28             58              0        5.006900E-01   0.000000E+00         1.0431      Ni058
        28             60              0        5.804820E-01   0.000000E+00         0.9214      Ni060
        28             62              0        2.732470E-01   0.000000E+00         0.9108      Ni062
        28             64              0        5.193310E-01   0.000000E+00         0.7419      Ni064
        29             63              0        2.037950E+00   0.000000E+00         4.6317      Cu063
        29             65              0        1.826610E+00   0.000000E+00         3.8864      Cu065
        30             64              0        7.099310E-01   0.000000E+00         1.1832      Zn064
        30             66              0        3.935490E-01   0.000000E+00         0.5963      Zn066
        30             67              0        1.883610E-01   0.000000E+00         0.2415      Zn067
        30             68              0        3.654250E-01   0.000000E+00         0.6525      Zn068
        30             70              0        4.865670E-01   0.000000E+00         0.7155      Zn070
        31             69              0        7.586210E-01   0.000000E+00         0.7586      Ga069
        31             71              0        3.863530E-01   0.000000E+00         0.1932      Ga071
        32             76              0        1.759030E+00   0.000000E+00         1.3531      Ge076
        33             75              0        9.962460E-01   0.000000E+00         0.6642      As075
        34             76              0        6.031040E+01   0.000000E+00        17.7384      Se076
        34             77              0        1.001160E+00   0.000000E+00         0.2328      Se077
        34             78              0        2.676640E-01   0.000000E+00         0.0765      Se078
        34             80              0        1.428840E+02   0.000000E+00       285.7680      Se080
        35             79              0        1.764700E+00   0.000000E+00         0.7353      Br079
        35             81              0        1.171180E+00   0.000000E+00         0.6507      Br081
        36             84              0        3.240000E+00   0.000000E+00         0.6750      Kr084
        36             86              0        4.618450E+00   0.000000E+00         0.9826      Kr086
        37             85              0        1.784350E+00   0.000000E+00         0.6373      Rb085
        38             86              0        2.328980E+00   0.000000E+00         0.9316      Sr086
        38             87              0        6.592480E+02   0.000000E+00       244.1659      Sr087
        38             88              0        3.026210E+00   0.000000E+00         0.5934      Sr088
        39             89              0        3.357180E+00   0.000000E+00         0.7630      Y089
        40             90              0        2.404470E+00   0.000000E+00         0.6328      Zr090
        40             91              0        3.831910E+00   0.000000E+00         0.4913      Zr091
        40             92              0        6.395370E+00   0.000000E+00         0.9993      Zr092
        40             93              0        7.507210E+00   0.000000E+00         0.7583      Zr093
        40             94              0        7.752870E+00   0.000000E+00         0.8248      Zr094
        40             96              0        1.183940E+01   0.000000E+00         1.3155      Zr096
        41             93              0        3.755250E+00   0.000000E+00         0.6475      Nb093
        42             92              0        3.653940E+00   0.000000E+00         1.0150      Mo092
        42             94              0        3.638890E+00   0.000000E+00         0.5054      Mo094
        42             95              0        4.280530E+00   0.000000E+00         0.6204      Mo095
        42             96              0        4.808850E+00   0.000000E+00         0.6773      Mo096
        42             97              0        5.752980E+00   0.000000E+00         0.7329      Mo097
        42             98              0        4.997060E+00   0.000000E+00         0.7932      Mo098
        42            100              0        4.398280E+00   0.000000E+00         0.8797      Mo100
        43             99              0        1.052250E+00   0.000000E+00         0.1985      Tc099
        44             99              0        5.174240E+00   0.000000E+00         1.0146      Ru099
        44            100              0        4.696870E+00   0.000000E+00         1.0923      Ru100
        44            101              0        1.671430E+00   0.000000E+00         0.2571      Ru101
        44            102              0        6.752270E+00   0.000000E+00         1.4679      Ru102
        44            104              0        3.104380E+00   0.000000E+00         0.8870      Ru104
        45            103              0        4.643540E+00   0.000000E+00         0.8292      Rh103
        46            104              0        5.854120E+00   0.000000E+00         1.1046      Pd104
        46            105              0        5.582380E+00   0.000000E+00         1.3616      Pd105
        46            106              0        5.591010E+00   0.000000E+00         1.3978      Pd106
        46            107              0        5.180510E-01   0.000000E+00         0.0942      Pd107
        46            108              0        2.985210E+00   0.000000E+00         0.7463      Pd108
        46            110              0        5.979780E+00   0.000000E+00         1.0310      Pd110
        47            107              0        5.369660E+00   0.000000E+00         1.1933      Ag107
        47            109              0        4.568600E+00   0.000000E+00         1.4277      Ag109
        48            106              0        5.022200E+00   0.000000E+00         1.0686      Cd106
        48            108              0        6.559190E+00   0.000000E+00         1.0932      Cd108
        48            110              0        4.576320E+00   0.000000E+00         0.8973      Cd110
        48            111              0        6.985720E+00   0.000000E+00         1.4863      Cd111
        48            112              0        5.183090E+00   0.000000E+00         1.0798      Cd112
        48            113              0        1.579260E+03   0.000000E+00       526.4200      Cd113
        48            114              0        5.744190E+00   0.000000E+00         1.3359      Cd114
        48            116              0        4.018990E+00   0.000000E+00         1.0576      Cd116
        49            113              0        4.241990E-01   0.000000E+00         0.1690      In113
        49            115              0        3.208740E+00   0.000000E+00         0.8913      In115
        50            112              0        3.234370E+00   0.000000E+00         1.1551      Sn112
        50            115              0        2.885360E+00   0.000000E+00         0.7593      Sn115
        50            116              0        3.183310E+00   0.000000E+00         1.1209      Sn116
        50            117              0        2.641100E-01   0.000000E+00         0.1321      Sn117
        50            118              0        3.315320E+00   0.000000E+00         1.7449      Sn118
        50            119              0        1.344150E+00   0.000000E+00         0.3537      Sn119
        50            120              0        2.483980E+00   0.000000E+00         1.1828      Sn120
        50            122              0        2.232590E+00   0.000000E+00         1.1875      Sn122
        50            124              0        3.413230E+00   0.000000E+00         1.5515      Sn124
        51            121              0        2.734820E-01   0.000000E+00         0.1367      Sb121
        51            123              0        1.445020E+00   0.000000E+00         0.8653      Sb123
        52            122              0        1.639030E+00   0.000000E+00         0.9641      Te122
        52            123              0        2.398920E-01   0.000000E+00         0.1038      Te123
        52            124              0        1.988730E+00   0.000000E+00         1.1698      Te124
        52            125              0        1.282120E-01   0.000000E+00         0.0689      Te125
        52            126              0        2.661030E+00   0.000000E+00         1.7740      Te126
        52            128              0        2.611680E+00   0.000000E+00         2.0090      Te128
        52            130              0        1.039950E+01   0.000000E+00        12.6823      Te130
        53            127              0        2.076990E+00   0.000000E+00         1.3847      I127
        53            129              0        3.155250E+00   0.000000E+00         2.2538      I129
        54            136              0        1.680980E+00   0.000000E+00         1.9102      Xe136
        55            132              0        7.659500E-02   0.000000E+00         0.0589      Cs132
        56            134              0        7.357820E+00   0.000000E+00         2.4526      Ba134
        56            135              0        4.774570E+01   0.000000E+00        28.9368      Ba135
        56            136              0        3.064260E+00   0.000000E+00         1.7024      Ba136
        56            137              0        3.711120E+00   0.000000E+00         4.5816      Ba137
        56            138              0        1.469300E+00   0.000000E+00         1.3357      Ba138
        57            139              0        1.012270E+00   0.000000E+00         2.0659      La139
        58            138              0        7.209930E-01   0.000000E+00         0.0743      Ce138
        58            140              0        3.483150E+00   0.000000E+00         8.7079      Ce140
        58            142              0        2.484690E-01   0.000000E+00         1.9113      Ce142
        59            141              0        1.389690E+00   0.000000E+00         1.8780      Pr141
        60            142              0        8.522600E-01   0.000000E+00         1.4694      Nd142
        60            143              0        3.671850E-01   0.000000E+00         0.4320      Nd143
        60            144              0        4.175850E+02   0.000000E+00       542.3182      Nd144
        60            145              0        5.711440E-01   0.000000E+00         0.7139      Nd145
        60            146              0        1.179730E+01   0.000000E+00         9.8311      Nd146
        60            148              0        8.947720E-01   0.000000E+00         1.0527      Nd148
        60            150              0        3.106570E-01   0.000000E+00         0.3883      Nd150
        62            144              0        2.065510E+00   0.000000E+00         2.2950      Sm144
        62            147              0        2.544960E+02   0.000000E+00       267.8905      Sm147
        62            149              0        4.984730E-01   0.000000E+00         0.4532      Sm149
        62            152              0        6.275780E-02   0.000000E+00         0.0697      Sm152
        63            151              0        6.419250E-01   0.000000E+00         0.6977      Eu151
        63            153              0        1.595050E+00   0.000000E+00         1.3292      Eu153
        64            152              0        5.347000E-01   0.000000E+00         0.4456      Gd152
        64            154              0        6.050010E+02   0.000000E+00       398.0270      Gd154
        64            155              0        1.786590E+04   0.000000E+00     11990.5371      Gd155
        64            156              0        1.514150E+00   0.000000E+00         0.8907      Gd156
        64            157              0        5.493130E+02   0.000000E+00       249.6877      Gd157
        64            158              0        4.109200E-01   0.000000E+00         0.3161      Gd158
        64            160              0        4.273790E-01   0.000000E+00         0.5342      Gd160
        65            158              0        2.781210E-03   0.000000E+00         0.0015      Tb158
        65            159              0        3.426230E+00   0.000000E+00         1.8421      Tb159
        66            160              0        1.321030E+00   0.000000E+00         0.6953      Dy160
        66            161              0        2.625600E+00   0.000000E+00         1.6410      Dy161
        66            162              0        2.192090E-01   0.000000E+00         0.1370      Dy162
        66            163              0        5.718150E+03   0.000000E+00      3363.6174      Dy163
        66            164              0        1.032100E+00   0.000000E+00         0.8063      Dy164
        67            165              0        1.531470E+00   0.000000E+00         1.1781      Ho165
        68            166              0        9.657380E-02   0.000000E+00         0.0690      Er166
        68            167              0        2.021530E+00   0.000000E+00         1.3388      Er167
        68            168              0        1.634030E-01   0.000000E+00         0.1586      Er168
        68            170              0        1.500730E+00   0.000000E+00         1.0875      Er170
        69            169              0        4.994890E+00   0.000000E+00         4.5825      Tm169
        70            170              0        6.351400E-01   0.000000E+00         0.5774      Yb170
        70            171              0        1.509260E+00   0.000000E+00         0.6798      Yb171
        70            172              0        5.385410E+02   0.000000E+00       538.5410      Yb172
        70            173              0        3.151850E+00   0.000000E+00         3.1518      Yb173
        70            174              0        6.588150E+02   0.000000E+00       823.5187      Yb174
        70            176              0        2.572130E+00   0.000000E+00         3.5724      Yb176
        71            175              0        1.400000E+00   0.000000E+00         2.0000      Lu175
        71            176              0        1.400000E+00   0.000000E+00         1.4894      Lu176
        72            174              0        1.015340E+00   0.000000E+00         1.0153      Hf174
        72            176              0        3.263380E+00   0.000000E+00         4.0792      Hf176
        72            177              0        3.261390E+00   0.000000E+00         3.2614      Hf177
        72            178              0        2.715520E+00   0.000000E+00         3.3944      Hf178
        72            179              0        3.036250E+00   0.000000E+00         3.6581      Hf179
        72            180              0        1.821180E-01   0.000000E+00         0.2565      Hf180
        73            181              0        3.027080E+00   0.000000E+00         6.0542      Ta181
        74            180              0        2.546720E+00   0.000000E+00         3.5371      W180
        74            182              0        3.027430E-01   0.000000E+00         0.4205      W182
        74            183              0        1.403280E+00   0.000000E+00         1.9490      W183
        74            184              0        3.810110E-01   0.000000E+00         0.6569      W184
        74            186              0        1.798640E-01   0.000000E+00         0.4861      W186
        75            185              0        1.499850E+00   0.000000E+00         2.1426      Re185
        75            187              0        1.313630E+00   0.000000E+00         1.8766      Re187
        76            186              0        1.128940E+00   0.000000E+00         1.8816      Os186
        76            187              0        1.217060E+00   0.000000E+00         2.0284      Os187
        78            195              0        1.843520E+00   0.000000E+00         3.4139      Pt195
        79            197              0        5.525190E-01   0.000000E+00         0.9526      Au197
        80            198              0        3.928920E-01   0.000000E+00         0.7858      Hg198
        80            199              0        1.376680E-01   0.000000E+00         0.3442      Hg199
        80            200              0        3.106340E-01   0.000000E+00         0.5177      Hg200
        81            203              0        2.169030E-01   0.000000E+00         0.8342      Tl203
        81            205              0        5.907190E-01   0.000000E+00         1.9055      Tl205
        82            204              0        3.538510E-01   0.000000E+00         1.0110      Pb204
        82            206              0        2.301710E-01   0.000000E+00         0.6221      Pb206
        82            207              0        3.401580E-01   0.000000E+00         0.6803      Pb207
        82            208              0        2.706420E-01   0.000000E+00         0.8201      Pb208
        83            209              0        1.603910E-01   0.000000E+00         0.6416      Bi209
        90            232              0        9.074220E-01   0.000000E+00         0.6049      Th232
        92            235              0        1.914400E+00   0.000000E+00         1.0636      U235
        92            236              0        8.191100E-01   0.000000E+00         0.3561      U236
        92            238              0        1.304350E+00   0.000000E+00         0.8152      U238
        93            237              0        1.011840E-02   0.000000E+00         0.0051      Np237
        94            239              0        1.764900E+00   0.000000E+00         0.7673      Pu239
        94            240              0        4.055070E-01   0.000000E+00         0.2028      Pu240
