# header: 
#   title: (n,f) thermal cross section for endfb8.1
#   source: Resonancetables
#   date: 2025-09-08
# reaction: 
#   type: (n,f)
# quantity: 
#   type: thermal cross section
# datablock: 
#   columns: 7
#   entries: 50
##       Z              A            Liso           Value         dValue          Ratio         Nuclide
##      []             []             []             [b]            [b]            []             [%]
        88            223              0        7.000230E-01   0.000000E+00          1.0000      Ra223
        88            226              0        6.999960E-06   0.000000E+00          0.1400      Ra226
        89            227              0        9.998250E-05   0.000000E+00          0.3448      Ac227
        90            228              0        1.500070E-01   0.000000E+00          0.5000      Th228
        90            229              0        3.090940E+01   0.000000E+00          1.0036      Th229
        90            230              0        9.490440E-03   0.000000E+00          7.9087      Th230
        90            234              0        5.000370E-03   0.000000E+00          0.5000      Th234
        91            231              0        2.086790E-02   0.000000E+00          0.8695      Pa231
        91            232              0        1.486890E+03   0.000000E+00          0.9880      Pa232
        92            232              0        7.649640E+01   0.000000E+00          0.9960      U232
        92            233              0        5.334320E+02   0.000000E+00          1.0059      U233
        92            234              0        6.708050E-02   0.000000E+00          1.0012      U234
        92            235              0        5.860380E+02   0.000000E+00          1.0059      U235
        92            236              0        4.709810E-02   0.000000E+00          1.0953      U236
        92            237              0        1.701960E+00   0.000000E+00          2.1274      U237
        92            238              0        1.850340E-05   0.000000E+00          1.6821      U238
        93            235              0        5.299950E+01   0.000000E+00        103.9206      Np235
        93            236              0        2.807100E+03   0.000000E+00          0.9335      Np236
        93            237              0        2.036180E-02   0.000000E+00          1.0181      Np237
        93            238              0        2.200970E+03   0.000000E+00          1.0541      Np238
        93            239              0        2.800420E-02   0.000000E+00          2.8004      Np239
        94            236              0        1.399100E+02   0.000000E+00          0.8230      Pu236
        94            238              0        1.776180E+01   0.000000E+00          0.9923      Pu238
        94            239              0        7.510580E+02   0.000000E+00          1.0040      Pu239
        94            240              0        7.459790E-02   0.000000E+00          1.3321      Pu240
        94            241              0        1.023570E+03   0.000000E+00          1.0123      Pu241
        94            242              0        1.381860E-02   0.000000E+00          0.0864      Pu242
        94            244              0        1.714960E-03   0.000000E+00          1.0006      Pu244
        95            241              0        3.121410E+00   0.000000E+00          0.9754      Am241
        95            242              1        6.397310E+03   0.000000E+00          1.0318      Am242m
        95            243              0        8.131370E-02   0.000000E+00          1.0002      Am243
        96            242              0        4.664340E+00   0.000000E+00          0.9329      Cm242
        96            243              0        5.872020E+02   0.000000E+00          0.8965      Cm243
        96            244              0        1.021980E+00   0.000000E+00          0.9827      Cm244
        96            245              0        2.053680E+03   0.000000E+00          1.0177      Cm245
        96            246              0        4.399990E-02   0.000000E+00          0.3143      Cm246
        96            247              0        9.471760E+01   0.000000E+00          1.1357      Cm247
        96            248              0        3.365770E-01   0.000000E+00          0.9097      Cm248
        96            250              0        2.136440E-02   0.000000E+00          7.3670      Cm250
        97            249              0        3.969540E+00   0.000000E+00          1.5878      Bk249
        98            249              0        1.672160E+03   0.000000E+00          1.0184      Cf249
        98            250              0        1.120030E+02   0.000000E+00          1.0000      Cf250
        98            251              0        4.937300E+03   0.000000E+00          1.0086      Cf251
        98            252              0        3.302690E+01   0.000000E+00          1.0321      Cf252
        98            253              0        1.300180E+03   0.000000E+00          1.0001      Cf253
        98            254              0        1.999980E+00   0.000000E+00          1.0000      Cf254
        99            253              0        2.500900E+00   0.000000E+00          0.2875      Es253
        99            254              0        2.128400E+03   0.000000E+00          1.2169      Es254
        99            254              1        1.999970E+03   0.000000E+00          1.0953      Es254m
        99            255              0        5.002440E-01   0.000000E+00          0.3335      Es255
