# header: 
#   title: (n,f) thermal cross section for jeff4.0
#   source: Resonancetables
#   date: 2025-09-14
# reaction: 
#   type: (n,f)
# quantity: 
#   type: thermal cross section
# datablock: 
#   columns: 7
#   entries: 52
##       Z              A            Liso           Value         dValue          Ratio         Nuclide
##      []             []             []             [b]            [b]            []             [%]
        88            223              0        6.995750E-01   0.000000E+00          0.9994      Ra223
        88            224              0        1.261650E-03   0.000000E+00         63.0825      Ra224
        88            226              0        4.715680E-05   0.000000E+00          0.9431      Ra226
        88            228              0        1.987280E+00   0.000000E+00          0.9936      Ra228
        89            227              0        2.678050E-04   0.000000E+00          0.9235      Ac227
        90            228              0        3.018660E-01   0.000000E+00          1.0062      Th228
        90            229              0        3.079760E+01   0.000000E+00          0.9999      Th229
        90            230              0        8.964100E-04   0.000000E+00          0.7470      Th230
        90            232              0        5.374360E-05   0.000000E+00          1.0335      Th232
        90            234              0        9.960710E-03   0.000000E+00          0.9961      Th234
        91            231              0        2.086790E-02   0.000000E+00          0.8695      Pa231
        91            232              0        1.486890E+03   0.000000E+00          0.9880      Pa232
        92            232              0        7.649640E+01   0.000000E+00          0.9960      U232
        92            233              0        5.329410E+02   0.000000E+00          1.0050      U233
        92            234              0        6.700890E-02   0.000000E+00          1.0001      U234
        92            235              0        5.861360E+02   0.000000E+00          1.0061      U235
        92            236              0        2.646100E-04   0.000000E+00          0.0062      U236
        92            237              0        1.701960E+00   0.000000E+00          2.1274      U237
        92            238              0        1.853330E-05   0.000000E+00          1.6848      U238
        93            235              0        5.299950E+01   0.000000E+00        103.9206      Np235
        93            236              0        2.807100E+03   0.000000E+00          0.9335      Np236
        93            237              0        1.000240E-01   0.000000E+00          5.0012      Np237
        93            238              0        2.099700E+03   0.000000E+00          1.0056      Np238
        93            239              0        9.490820E-02   0.000000E+00          9.4908      Np239
        94            236              0        1.399100E+02   0.000000E+00          0.8230      Pu236
        94            238              0        1.596590E+01   0.000000E+00          0.8919      Pu238
        94            239              0        7.507050E+02   0.000000E+00          1.0035      Pu239
        94            240              0        7.459790E-02   0.000000E+00          1.3321      Pu240
        94            241              0        1.023750E+03   0.000000E+00          1.0125      Pu241
        94            242              0        2.495060E-03   0.000000E+00          0.0156      Pu242
        94            244              0        1.714960E-03   0.000000E+00          1.0006      Pu244
        95            241              0        3.086620E+00   0.000000E+00          0.9646      Am241
        95            242              1        6.399650E+03   0.000000E+00          1.0322      Am242m
        95            243              0        1.983830E-01   0.000000E+00          2.4401      Am243
        96            242              0        4.664340E+00   0.000000E+00          0.9329      Cm242
        96            243              0        5.872020E+02   0.000000E+00          0.8965      Cm243
        96            244              0        1.021980E+00   0.000000E+00          0.9827      Cm244
        96            245              0        2.053680E+03   0.000000E+00          1.0177      Cm245
        96            246              0        4.406170E-02   0.000000E+00          0.3147      Cm246
        96            247              0        9.471760E+01   0.000000E+00          1.1357      Cm247
        96            248              0        3.365770E-01   0.000000E+00          0.9097      Cm248
        96            250              0        2.136440E-02   0.000000E+00          7.3670      Cm250
        97            249              0        3.969540E+00   0.000000E+00          1.5878      Bk249
        98            249              0        1.672160E+03   0.000000E+00          1.0184      Cf249
        98            250              0        1.120030E+02   0.000000E+00          1.0000      Cf250
        98            251              0        4.937300E+03   0.000000E+00          1.0086      Cf251
        98            252              0        3.302690E+01   0.000000E+00          1.0321      Cf252
        98            253              0        1.300180E+03   0.000000E+00          1.0001      Cf253
        98            254              0        1.999980E+00   0.000000E+00          1.0000      Cf254
        99            253              0        2.500900E+00   0.000000E+00          0.2875      Es253
        99            254              0        2.128400E+03   0.000000E+00          1.2169      Es254
        99            255              0        5.002440E-01   0.000000E+00          0.3335      Es255
