# header: 
#   title: (n,f) thermal cross section for jendl5.0
#   source: Resonancetables
#   date: 2025-10-13
# reaction: 
#   type: (n,f)
# quantity: 
#   type: thermal cross section
# datablock: 
#   columns: 7
#   entries: 54
##       Z              A            Liso           Value         dValue          Ratio         Nuclide
##      []             []             []             [b]            [b]            []             [%]
        88            223              0        7.000230E-01   0.000000E+00          1.0000      Ra223
        88            226              0        6.999960E-06   0.000000E+00          0.1400      Ra226
        89            227              0        9.998250E-05   0.000000E+00          0.3448      Ac227
        90            228              0        1.500070E-01   0.000000E+00          0.5000      Th228
        90            229              0        3.090940E+01   0.000000E+00          1.0036      Th229
        90            230              0        9.490440E-03   0.000000E+00          7.9087      Th230
        90            232              0        5.368660E-05   0.000000E+00          1.0324      Th232
        90            234              0        5.000370E-03   0.000000E+00          0.5000      Th234
        91            231              0        2.363860E-02   0.000000E+00          0.9849      Pa231
        91            232              0        1.486890E+03   0.000000E+00          0.9880      Pa232
        91            233              0        2.500620E-06   0.000000E+00          0.0000      Pa233
        92            232              0        7.649640E+01   0.000000E+00          0.9960      U232
        92            233              0        5.377650E+02   0.000000E+00          1.0141      U233
        92            234              0        6.700890E-02   0.000000E+00          1.0001      U234
        92            235              0        5.866570E+02   0.000000E+00          1.0070      U235
        92            236              0        2.593050E-04   0.000000E+00          0.0060      U236
        92            237              0        1.701960E+00   0.000000E+00          2.1274      U237
        92            238              0        1.850340E-05   0.000000E+00          1.6821      U238
        93            235              0        5.299950E+01   0.000000E+00        103.9206      Np235
        93            236              0        2.807100E+03   0.000000E+00          0.9335      Np236
        93            237              0        2.058710E-02   0.000000E+00          1.0294      Np237
        93            238              0        2.200970E+03   0.000000E+00          1.0541      Np238
        93            239              0        2.800420E-02   0.000000E+00          2.8004      Np239
        94            236              0        1.399100E+02   0.000000E+00          0.8230      Pu236
        94            238              0        1.777110E+01   0.000000E+00          0.9928      Pu238
        94            239              0        7.472140E+02   0.000000E+00          0.9988      Pu239
        94            240              0        5.914940E-02   0.000000E+00          1.0562      Pu240
        94            241              0        1.012080E+03   0.000000E+00          1.0010      Pu241
        94            242              0        2.442120E-03   0.000000E+00          0.0153      Pu242
        94            244              0        1.714960E-03   0.000000E+00          1.0006      Pu244
        95            241              0        3.206750E+00   0.000000E+00          1.0021      Am241
        95            242              1        6.399650E+03   0.000000E+00          1.0322      Am242m
        95            243              0        8.134890E-02   0.000000E+00          1.0006      Am243
        96            242              0        4.664340E+00   0.000000E+00          0.9329      Cm242
        96            243              0        6.230950E+02   0.000000E+00          0.9513      Cm243
        96            244              0        1.010790E+00   0.000000E+00          0.9719      Cm244
        96            245              0        2.053680E+03   0.000000E+00          1.0177      Cm245
        96            246              0        4.406170E-02   0.000000E+00          0.3147      Cm246
        96            247              0        9.471760E+01   0.000000E+00          1.1357      Cm247
        96            248              0        3.365770E-01   0.000000E+00          0.9097      Cm248
        96            250              0        2.136440E-02   0.000000E+00          7.3670      Cm250
        97            249              0        3.969540E+00   0.000000E+00          1.5878      Bk249
        98            249              0        1.672160E+03   0.000000E+00          1.0184      Cf249
        98            250              0        1.120030E+02   0.000000E+00          1.0000      Cf250
        98            251              0        4.937300E+03   0.000000E+00          1.0086      Cf251
        98            252              0        3.302690E+01   0.000000E+00          1.0321      Cf252
        98            253              0        1.300180E+03   0.000000E+00          1.0001      Cf253
        98            254              0        1.999980E+00   0.000000E+00          1.0000      Cf254
        99            253              0        2.500900E+00   0.000000E+00          0.2875      Es253
        99            254              0        2.128400E+03   0.000000E+00          1.2169      Es254
        99            254              1        1.999970E+03   0.000000E+00          1.0953      Es254m
        99            255              0        5.002440E-01   0.000000E+00          0.3335      Es255
       100            253              0        9.521540E+01   0.000000E+00          0.0323      Fm253
       100            257              0        2.950100E+03   0.000000E+00          1.0000      Fm257
