# header: 
#   title: (n,f) thermal cross section for Mughabghab-2018
#   source: Resonancetables
#   date: 2025-09-08
# reaction: 
#   type: (n,f)
# quantity: 
#   type: thermal cross section
# datablock: 
#   columns: 7
#   entries: 63
##       Z              A            Liso           Value         dValue          Ratio         Nuclide
##      []             []             []             [b]            [b]            []             [%]
        88            223              0        7.000000E-01   3.000000E-01          1.0000      Ra223
        88            226              0        5.000000E-05   0.000000E+00          1.0000      Ra226
        88            228              0        2.000000E+00   0.000000E+00          1.0000      Ra228
        89            227              0        2.900000E-04   0.000000E+00          1.0000      Ac227
        90            227              0        2.020000E+02   1.300000E+01          1.0000      Th227
        90            228              0        3.000000E-01   0.000000E+00          1.0000      Th228
        90            229              0        3.080000E+01   1.500000E+00          1.0000      Th229
        90            230              0        1.200000E-03   0.000000E+00          1.0000      Th230
        90            232              0        5.200000E-05   4.000000E-06          1.0000      Th232
        90            233              0        1.500000E+01   2.000000E+00          1.0000      Th233
        90            234              0        1.000000E-02   0.000000E+00          1.0000      Th234
        91            230              0        1.500000E+03   2.500000E+02          1.0000      Pa230
        91            231              0        2.400000E-02   2.000000E-03          1.0000      Pa231
        91            232              0        1.505000E+03   2.800000E+01          1.0000      Pa232
        91            233              0        1.000000E-01   0.000000E+00          1.0000      Pa233
        91            234              0        5.000000E+03   0.000000E+00          1.0000      Pa234
        91            234              1        5.000000E+02   0.000000E+00          1.0000      Pa234m
        92            229              0        5.826000E+02   1.100000E+00          1.0000      U229
        92            230              0        2.500000E+01   1.000000E+01          1.0000      U230
        92            231              0        4.000000E+02   3.000000E+02          1.0000      U231
        92            232              0        7.680000E+01   4.800000E+00          1.0000      U232
        92            233              0        5.303000E+02   1.200000E+00          1.0000      U233
        92            234              0        6.700000E-02   1.400000E-02          1.0000      U234
        92            235              0        5.826000E+02   1.100000E+00          1.0000      U235
        92            236              0        4.300000E-02   0.000000E+00          1.0000      U236
        92            237              0        8.000000E-01   0.000000E+00          1.0000      U237
        92            238              0        1.100000E-05   2.000000E-06          1.0000      U238
        92            239              0        1.400000E+01   3.000000E+00          1.0000      U239
        93            234              0        9.000000E+02   3.000000E+02          1.0000      Np234
        93            236              0        3.007000E+03   9.000000E+01          1.0000      Np236
        93            237              0        2.000000E-02   1.000000E-03          1.0000      Np237
        93            238              0        2.088000E+03   3.000000E+01          1.0000      Np238
        93            239              0        1.000000E-02   0.000000E+00          1.0000      Np239
        94            236              0        1.700000E+02   3.500000E+01          1.0000      Pu236
        94            237              0        2.455000E+03   2.950000E+02          1.0000      Pu237
        94            238              0        1.790000E+01   4.000000E-01          1.0000      Pu238
        94            239              0        7.481000E+02   2.000000E+00          1.0000      Pu239
        94            240              0        5.600000E-02   3.000000E-02          1.0000      Pu240
        94            241              0        1.011100E+03   6.200000E+00          1.0000      Pu241
        94            242              0        1.600000E-01   4.000000E-02          1.0000      Pu242
        94            243              0        1.960000E+02   1.600000E+01          1.0000      Pu243
        95            241              0        3.200000E+00   9.000000E-02          1.0000      Am241
        95            242              1        6.200000E+03   2.000000E+02          1.0000      Am242m
        95            243              0        8.130000E-02   2.500000E-03          1.0000      Am243
        96            242              0        5.000000E+00   0.000000E+00          1.0000      Cm242
        96            243              0        6.550000E+02   2.000000E+01          1.0000      Cm243
        96            244              0        1.040000E+00   2.000000E-01          1.0000      Cm244
        96            245              0        2.018000E+03   3.700000E+01          1.0000      Cm245
        96            246              0        1.400000E-01   5.000000E-02          1.0000      Cm246
        96            247              0        8.340000E+01   4.400000E+00          1.0000      Cm247
        96            248              0        3.700000E-01   5.000000E-02          1.0000      Cm248
        97            249              0        2.500000E+00   0.000000E+00          1.0000      Bk249
        97            250              0        9.600000E+02   1.500000E+02          1.0000      Bk250
        98            249              0        1.642000E+03   3.300000E+01          1.0000      Cf249
        98            250              0        1.120000E+02   9.900000E+01          1.0000      Cf250
        98            251              0        4.895000E+03   2.500000E+02          1.0000      Cf251
        98            252              0        3.200000E+01   4.000000E+00          1.0000      Cf252
        98            253              0        1.300000E+03   2.400000E+02          1.0000      Cf253
        99            254              0        1.749000E+03   1.100000E+02          1.0000      Es254
        99            254              1        1.826000E+03   8.000000E+01          1.0000      Es254m
       100            253              0        2.950000E+03   1.600000E+02          1.0000      Fm253
       100            255              0        3.360000E+03   1.700000E+02          1.0000      Fm255
       100            257              0        2.950000E+03   1.600000E+02          1.0000      Fm257
