# header: 
#   title: (n,f) thermal cross section for Mughabghab-2006
#   source: Resonancetables
#   date: 2025-12-18
# reaction: 
#   type: (n,f)
# quantity: 
#   type: thermal cross section
# datablock: 
#   columns: 7
#   entries: 94
##       Z              A            Liso           Value         dValue          Ratio         Nuclide
##      []             []             []             [b]            [b]            []             [%]
        88            223              0        7.000000E-01   3.000000E-01          1.0000      Ra223
        88            224              0        2.000000E-05   0.000000E+00          1.0000      Ra224
        88            226              0        5.000000E-05   0.000000E+00          1.0000      Ra226
        88            228              0        2.000000E+00   0.000000E+00          1.0000      Ra228
        89            223              0        3.300000E-02   0.000000E+00          1.0000      Ac223
        89            225              0        3.300000E-03   0.000000E+00          1.0000      Ac225
        89            227              0        2.900000E-04   0.000000E+00          1.0000      Ac227
        89            229              0        1.550000E-05   0.000000E+00          1.0000      Ac229
        90            226              0        1.000000E-02   0.000000E+00          1.0000      Th226
        90            227              0        2.020000E+02   1.300000E+01          1.0000      Th227
        90            228              0        3.000000E-01   0.000000E+00          1.0000      Th228
        90            229              0        3.080000E+01   1.500000E+00          1.0000      Th229
        90            230              0        1.200000E-03   0.000000E+00          1.0000      Th230
        90            232              0        5.200000E-05   4.000000E-05          1.0000      Th232
        90            233              0        1.500000E+01   2.000000E+00          1.0000      Th233
        90            234              0        1.000000E-02   0.000000E+00          1.0000      Th234
        91            229              0        6.700000E-02   0.000000E+00          1.0000      Pa229
        91            230              0        1.500000E+03   2.500000E+02          1.0000      Pa230
        91            231              0        2.000000E-02   1.000000E-03          0.8333      Pa231
        91            232              0        1.502000E+03   2.800000E+01          0.9980      Pa232
        91            233              0        1.000000E-01   0.000000E+00          1.0000      Pa233
        91            234              0        5.000000E+03   0.000000E+00          1.0000      Pa234
        91            234              1        5.000000E+02   0.000000E+00          1.0000      Pa234m
        91            235              0        1.000000E-04   0.000000E+00          1.0000      Pa235
        92            229              0        5.826000E+02   1.100000E+00          1.0000      U229
        92            230              0        2.500000E+01   1.000000E+01          1.0000      U230
        92            231              0        4.000000E+02   3.000000E+02          1.0000      U231
        92            232              0        7.680000E+01   4.800000E+00          1.0000      U232
        92            233              0        5.291000E+02   1.200000E+00          0.9977      U233
        92            234              0        6.700000E-02   1.400000E-02          1.0000      U234
        92            235              0        5.826000E+02   1.100000E+00          1.0000      U235
        92            236              0        1.300000E-03   0.000000E+00          0.0302      U236
        92            237              0        3.000000E-01   0.000000E+00          0.3750      U237
        92            238              0        3.000000E-06   0.000000E+00          0.2727      U238
        92            239              0        1.400000E+01   3.000000E+00          1.0000      U239
        92            240              0        6.500000E-05   0.000000E+00          1.0000      U240
        93            233              0        5.600000E+00   0.000000E+00          1.0000      Np233
        93            234              0        9.000000E+02   3.000000E+02          1.0000      Np234
        93            235              0        5.100000E-01   0.000000E+00          1.0000      Np235
        93            236              0        3.007000E+03   9.000000E+01          1.0000      Np236
        93            237              0        2.000000E-02   1.000000E-03          1.0000      Np237
        93            238              0        2.088000E+03   3.000000E+01          1.0000      Np238
        93            239              0        4.330000E-01   0.000000E+00         43.3000      Np239
        93            241              0        3.300000E-04   0.000000E+00          1.0000      Np241
        94            234              0        3.970000E+02   0.000000E+00          1.0000      Pu234
        94            236              0        1.700000E+02   0.000000E+00          1.0000      Pu236
        94            237              0        2.455000E+03   2.950000E+02          1.0000      Pu237
        94            238              0        1.790000E+01   4.000000E-01          1.0000      Pu238
        94            239              0        7.481000E+02   2.000000E+00          1.0000      Pu239
        94            240              0        5.600000E-02   3.000000E-02          1.0000      Pu240
        94            241              0        1.011100E+03   6.200000E+00          1.0000      Pu241
        94            242              0        1.800000E-03   0.000000E+00          0.0113      Pu242
        94            243              0        1.960000E+02   1.600000E+01          1.0000      Pu243
        94            244              0        2.800000E-03   0.000000E+00          1.6336      Pu244
        95            237              0        2.550000E+02   0.000000E+00          1.0000      Am237
        95            239              0        2.900000E+01   0.000000E+00          1.0000      Am239
        95            241              0        3.200000E+00   9.000000E-02          1.0000      Am241
        95            242              0        2.100000E+03   2.000000E+02          1.0000      Am242
        95            242              1        6.200000E+03   2.000000E+02          1.0000      Am242m
        95            243              0        1.983000E-01   4.300000E-03          2.4391      Am243
        95            244              0        2.300000E+03   3.000000E+02          1.0000      Am244
        95            244              1        1.600000E+03   3.000000E+02          1.0000      Am244m
        95            245              0        1.400000E-02   0.000000E+00          1.0000      Am245
        95            247              0        1.400000E-03   0.000000E+00          1.0000      Am247
        96            240              0        2.150000E+03   0.000000E+00          1.0000      Cm240
        96            241              0        2.600000E+03   0.000000E+00          1.0000      Cm241
        96            242              0        5.000000E+00   0.000000E+00          1.0000      Cm242
        96            243              0        6.170000E+02   2.000000E+01          0.9420      Cm243
        96            244              0        1.040000E+00   2.000000E-01          1.0000      Cm244
        96            245              0        2.144000E+03   5.800000E+01          1.0624      Cm245
        96            246              0        1.400000E-01   5.000000E-02          1.0000      Cm246
        96            247              0        8.190000E+01   4.400000E+00          0.9820      Cm247
        96            248              0        3.700000E-01   5.000000E-02          1.0000      Cm248
        96            249              0        2.500000E+00   0.000000E+00          1.0000      Cm249
        96            250              0        2.900000E-03   0.000000E+00          1.0000      Cm250
        97            243              0        6.780000E+02   0.000000E+00          1.0000      Bk243
        97            245              0        2.310000E+02   0.000000E+00          1.0000      Bk245
        97            247              0        1.630000E+01   0.000000E+00          1.0000      Bk247
        97            250              0        9.600000E+02   1.500000E+02          1.0000      Bk250
        97            251              0        5.200000E-02   0.000000E+00          1.0000      Bk251
        98            248              0        7.300000E+02   0.000000E+00          1.0000      Cf248
        98            249              0        1.642000E+03   3.300000E+01          1.0000      Cf249
        98            251              0        4.895000E+03   2.500000E+02          1.0000      Cf251
        98            252              0        3.200000E+01   4.000000E+00          1.0000      Cf252
        98            253              0        1.300000E+03   2.400000E+02          1.0000      Cf253
        98            254              0        2.000000E+00   0.000000E+00          1.0000      Cf254
        99            251              0        1.010000E+02   0.000000E+00          1.0000      Es251
        99            253              0        8.700000E+00   0.000000E+00          1.0000      Es253
        99            254              0        1.970000E+03   3.000000E+02          1.1264      Es254
        99            254              1        1.826000E+03   8.000000E+01          1.0000      Es254m
        99            255              0        1.500000E+00   0.000000E+00          1.0000      Es255
       100            254              0        2.880000E+03   0.000000E+00          1.0000      Fm254
       100            255              0        3.360000E+03   1.700000E+02          1.0000      Fm255
       100            257              0        2.950000E+03   1.600000E+02          1.0000      Fm257
