# header: 
#   title: (n,f) thermal cross section for RIPL-3
#   source: Resonancetables
#   date: 2025-08-25
# reaction: 
#   type: (n,f)
# quantity: 
#   type: thermal cross section
# datablock: 
#   columns: 7
#   entries: 58
##       Z              A            Liso           Value         dValue          Ratio         Nuclide
##      []             []             []             [b]            [b]            []             [%]
        86            223              0        7.000000E-01   3.000000E-01          1.0000      Rn223
        88            226              0        5.000000E-05   0.000000E+00          1.0000      Ra226
        88            228              0        2.000000E+00   0.000000E+00          1.0000      Ra228
        89            227              0        2.900000E-04   0.000000E+00          1.0000      Ac227
        90            227              0        2.000000E+02   2.000000E+01          0.9901      Th227
        90            228              0        3.000000E-01   0.000000E+00          1.0000      Th228
        90            229              0        3.080000E+01   1.500000E+00          1.0000      Th229
        90            230              0        5.000000E-04   0.000000E+00          0.4167      Th230
        90            232              0        3.000000E-06   1.000000E-06          0.0577      Th232
        90            233              0        1.500000E+01   2.000000E+00          1.0000      Th233
        90            234              0        1.000000E-02   0.000000E+00          1.0000      Th234
        91            230              0        1.500000E+03   2.500000E+02          1.0000      Pa230
        91            231              0        2.000000E-02   1.000000E-03          0.8333      Pa231
        91            232              0        7.000000E+02   1.000000E+02          0.4651      Pa232
        91            233              0        1.000000E-01   0.000000E+00          1.0000      Pa233
        92            230              0        2.500000E+01   0.000000E+00          1.0000      U230
        92            231              0        2.500000E+02   0.000000E+00          0.6250      U231
        92            232              0        7.400000E+01   8.000000E+00          0.9635      U232
        92            233              0        5.300000E+02   1.000000E+00          0.9994      U233
        92            234              0        3.000000E-01   2.000000E-02          4.4776      U234
        92            235              0        5.860000E+02   2.000000E+00          1.0058      U235
        92            236              0        4.000000E-02   0.000000E+00          0.9302      U236
        92            237              0        2.000000E+00   0.000000E+00          2.5000      U237
        92            238              0        1.100000E-05   2.000000E-06          1.0000      U238
        93            234              0        9.000000E+02   3.000000E+02          1.0000      Np234
        93            236              0        2.600000E+03   5.000000E+02          0.8646      Np236
        93            237              0        2.000000E-02   4.000000E-03          1.0000      Np237
        93            238              0        2.100000E+03   1.000000E+03          1.0057      Np238
        93            239              0        1.000000E+00   0.000000E+00        100.0000      Np239
        94            236              0        1.600000E+02   3.000000E+01          0.9412      Pu236
        94            237              0        2.300000E+03   3.000000E+02          0.9369      Pu237
        94            238              0        1.700000E+01   1.000000E+00          0.9497      Pu238
        94            239              0        7.520000E+02   3.000000E+00          1.0052      Pu239
        94            240              0        4.400000E-02   0.000000E+00          0.7857      Pu240
        94            241              0        1.010000E+03   1.000000E+01          0.9989      Pu241
        94            242              0        1.450000E-02   0.000000E+00          0.0906      Pu242
        95            241              0        3.100000E+00   2.000000E-01          0.9687      Am241
        95            242              0        2.100000E+03   2.000000E+02          1.0000      Am242
        95            242              1        7.000000E+03   3.000000E+02          1.1290      Am242m
        95            243              0        7.400000E-02   4.000000E-03          0.9102      Am243
        96            242              0        5.000000E+00   0.000000E+00          1.0000      Cm242
        96            243              0        6.200000E+02   2.000000E+01          0.9466      Cm243
        96            244              0        1.100000E+00   2.000000E-01          1.0577      Cm244
        96            245              0        2.100000E+03   1.000000E+02          1.0406      Cm245
        96            246              0        1.600000E-01   7.000000E-02          1.1429      Cm246
        96            247              0        8.200000E+01   5.000000E+00          0.9832      Cm247
        96            248              0        3.600000E-01   7.000000E-02          0.9730      Cm248
        97            249              0        3.970000E+00   0.000000E+00          1.5880      Bk249
        97            250              0        1.000000E+03   2.000000E+02          1.0417      Bk250
        98            249              0        1.700000E+03   1.000000E+02          1.0353      Cf249
        98            250              0        1.100000E+02   9.000000E+00          0.9821      Cf250
        98            251              0        4.500000E+03   5.000000E+02          0.9193      Cf251
        98            252              0        3.200000E+01   4.000000E+00          1.0000      Cf252
        98            253              0        1.300000E+03   1.000000E+02          1.0000      Cf253
        99            254              0        1.800000E+03   2.000000E+02          1.0292      Es254
        99            254              1        1.800000E+03   1.000000E+02          0.9858      Es254m
       100            255              0        3.300000E+03   2.000000E+02          0.9821      Fm255
       100            257              0        3.000000E+03   2.000000E+02          1.0169      Fm257
