# header: 
#   title: (n,f) thermal cross section for Sukhoruchkin
#   source: Resonancetables
#   date: 2025-08-01
# reaction: 
#   type: (n,f)
# quantity: 
#   type: thermal cross section
# datablock: 
#   columns: 7
#   entries: 40
##       Z              A            Liso           Value         dValue          Ratio         Nuclide
##      []             []             []             [b]            [b]            []             [%]
        88            226              0        7.002000E-06   0.000000E+00          0.1400      Ra226
        90            228              0        1.500000E-01   1.000000E-01          0.5000      Th228
        90            229              0        3.090000E+01   1.500000E+00          1.0032      Th229
        90            230              0        9.000000E-03   9.000000E-03          7.5000      Th230
        90            232              0        5.200000E-05   4.000000E-05          1.0000      Th232
        91            231              0        2.090000E-02   1.000000E-03          0.8708      Pa231
        91            232              0        1.487000E+03   3.140000E+02          0.9880      Pa232
        91            233              0        1.000000E-01   0.000000E+00          1.0000      Pa233
        92            232              0        7.700000E+01   5.000000E+00          1.0026      U232
        92            233              0        5.314000E+02   0.000000E+00          1.0021      U233
        92            234              0        6.700000E-02   1.400000E-02          1.0000      U234
        92            235              0        5.850000E+02   0.000000E+00          1.0041      U235
        92            236              0        4.700000E-02   1.100000E-02          1.0930      U236
        92            237              0        1.700000E+00   1.000000E+00          2.1250      U237
        92            238              0        1.680000E-05   0.000000E+00          1.5273      U238
        93            236              0        2.808000E+03   8.400000E+01          0.9338      Np236
        93            237              0        2.040000E-02   1.000000E-03          1.0200      Np237
        93            238              0        2.202000E+03   3.200000E+01          1.0546      Np238
        94            236              0        1.400000E+02   2.900000E+01          0.8235      Pu236
        94            238              0        1.780000E+01   5.000000E-01          0.9944      Pu238
        94            239              0        7.479000E+02   0.000000E+00          0.9997      Pu239
        94            240              0        6.405000E-02   0.000000E+00          1.1437      Pu240
        94            241              0        1.012000E+03   0.000000E+00          1.0009      Pu241
        94            242              0        1.400000E-02   5.000000E-03          0.0875      Pu242
        94            244              0        1.714000E-03   0.000000E+00          1.0000      Pu244
        95            241              0        3.120000E+00   9.000000E-02          0.9750      Am241
        95            242              1        6.400000E+03   6.100000E+02          1.0323      Am242m
        95            243              0        8.130000E-02   2.600000E-03          1.0000      Am243
        96            242              0        5.000000E+00   4.000000E+00          1.0000      Cm242
        96            243              0        5.870000E+02   1.900000E+01          0.8962      Cm243
        96            244              0        1.020000E+00   2.000000E+00          0.9808      Cm244
        96            245              0        2.054000E+03   5.600000E+01          1.0178      Cm245
        96            246              0        4.400000E-02   1.500000E-02          0.3143      Cm246
        96            247              0        9.500000E+01   1.400000E+01          1.1391      Cm247
        96            248              0        3.400000E-01   2.100000E-01          0.9189      Cm248
        97            249              0        3.970000E+00   0.000000E+00          1.5880      Bk249
        98            249              0        1.673000E+03   3.400000E+01          1.0189      Cf249
        98            250              0        1.120000E+02   0.000000E+00          1.0000      Cf250
        98            251              0        4.939000E+03   2.420000E+02          1.0090      Cf251
        98            252              0        3.300000E+01   4.000000E+00          1.0312      Cf252
