# header: 
#   title: (n,f) thermal cross section for tendl.2025
#   source: Resonancetables
#   date: 2025-12-18
# reaction: 
#   type: (n,f)
# quantity: 
#   type: thermal cross section
# datablock: 
#   columns: 7
#   entries: 56
##       Z              A            Liso           Value         dValue          Ratio         Nuclide
##      []             []             []             [b]            [b]            []             [%]
        88            223              0        6.995750E-01   0.000000E+00          0.9994      Ra223
        88            224              0        1.261650E-03   0.000000E+00         63.0825      Ra224
        88            226              0        4.715680E-05   0.000000E+00          0.9431      Ra226
        88            228              0        1.987280E+00   0.000000E+00          0.9936      Ra228
        89            227              0        2.678050E-04   0.000000E+00          0.9235      Ac227
        90            228              0        2.998240E-01   0.000000E+00          0.9994      Th228
        90            229              0        3.079760E+01   0.000000E+00          0.9999      Th229
        90            230              0        8.964110E-04   0.000000E+00          0.7470      Th230
        90            232              0        4.700640E-05   0.000000E+00          0.9040      Th232
        90            234              0        9.996210E-03   0.000000E+00          0.9996      Th234
        91            231              0        2.385280E-02   0.000000E+00          0.9939      Pa231
        91            232              0        1.515210E+03   0.000000E+00          1.0068      Pa232
        91            233              0        9.158670E-02   0.000000E+00          0.9159      Pa233
        92            232              0        7.649650E+01   0.000000E+00          0.9960      U232
        92            233              0        5.377660E+02   0.000000E+00          1.0141      U233
        92            234              0        6.679980E-02   0.000000E+00          0.9970      U234
        92            235              0        5.866190E+02   0.000000E+00          1.0069      U235
        92            236              0        4.709820E-02   0.000000E+00          1.0953      U236
        92            237              0        8.110540E-01   0.000000E+00          1.0138      U237
        92            238              0        1.851130E-05   0.000000E+00          1.6828      U238
        93            235              0        4.412150E+01   0.000000E+00         86.5127      Np235
        93            236              0        3.007810E+03   0.000000E+00          1.0003      Np236
        93            237              0        2.012030E-02   0.000000E+00          1.0060      Np237
        93            238              0        2.099700E+03   0.000000E+00          1.0056      Np238
        93            239              0        9.965740E-03   0.000000E+00          0.9966      Np239
        94            236              0        1.701130E+02   0.000000E+00          1.0007      Pu236
        94            238              0        1.759730E+01   0.000000E+00          0.9831      Pu238
        94            239              0        7.472040E+02   0.000000E+00          0.9988      Pu239
        94            240              0        5.629870E-02   0.000000E+00          1.0053      Pu240
        94            241              0        1.012080E+03   0.000000E+00          1.0010      Pu241
        94            242              0        1.381860E-02   0.000000E+00          0.0864      Pu242
        94            244              0        1.714960E-03   0.000000E+00          1.0006      Pu244
        95            241              0        3.121410E+00   0.000000E+00          0.9754      Am241
        95            242              1        6.360190E+03   0.000000E+00          1.0258      Am242m
        95            243              0        8.134900E-02   0.000000E+00          1.0006      Am243
        96            242              0        2.607900E+00   0.000000E+00          0.5216      Cm242
        96            243              0        5.872030E+02   0.000000E+00          0.8965      Cm243
        96            244              0        1.021980E+00   0.000000E+00          0.9827      Cm244
        96            245              0        2.016910E+03   0.000000E+00          0.9995      Cm245
        96            246              0        1.964920E-02   0.000000E+00          0.1404      Cm246
        96            247              0        8.326930E+01   0.000000E+00          0.9984      Cm247
        96            248              0        3.365780E-01   0.000000E+00          0.9097      Cm248
        96            250              0        1.270020E+00   0.000000E+00        437.9379      Cm250
        97            249              0        2.460020E+00   0.000000E+00          0.9840      Bk249
        98            249              0        1.641320E+03   0.000000E+00          0.9996      Cf249
        98            250              0        1.109700E+02   0.000000E+00          0.9908      Cf250
        98            251              0        4.827950E+03   0.000000E+00          0.9863      Cf251
        98            252              0        3.197700E+01   0.000000E+00          0.9993      Cf252
        98            253              0        5.312190E+02   0.000000E+00          0.4086      Cf253
        98            254              0        1.110640E-01   0.000000E+00          0.0555      Cf254
        99            253              0        4.583510E+01   0.000000E+00          5.2684      Es253
        99            254              0        2.042220E+03   0.000000E+00          1.1677      Es254
        99            254              1        2.125670E+03   0.000000E+00          1.1641      Es254m
        99            255              0        1.270950E+01   0.000000E+00          8.4730      Es255
       100            253              0        1.555470E+01   0.000000E+00          0.0053      Fm253
       100            257              0        1.303470E+03   0.000000E+00          0.4419      Fm257
