# header: 
#   title: R resonance data for Mughabghab-2018
#   source: Resonancetables
#   date: 2025-12-08
# reaction: 
#   type: R
# quantity: 
#   type: resonance data
# datablock: 
#   columns: 7
#   entries: 272
##       Z              A            Liso           Value         dValue          Ratio         Nuclide
##      []             []             []            [eV]           [eV]            []             [%]
         1              1              0        2.000000E+00   6.000000E-03         1.0000      H001
         1              3              0        3.590000E+00   2.000000E-02         1.0000      H003
         2              3              0        3.000000E+00   2.000000E-01         1.0000      He003
         2              4              0        3.300000E+00   1.000000E-01         1.0000      He004
         3              6              0        3.800000E+00   2.000000E-01         1.0000      Li006
         3              7              0        3.490000E+00   3.000000E-02         1.0000      Li007
         4              7              0        4.000000E+00   0.000000E+00         1.0000      Be007
         4              9              0        4.370000E+00   1.000000E-01         1.0000      Be009
         5             10              0        4.330000E+00   4.000000E-01         1.0000      B010
         6             12              0        4.300000E+00   2.000000E-01         1.0000      C012
         6             13              0        4.690000E+00   1.500000E-01         1.0000      C013
         7             14              0        5.500000E+00   3.000000E-01         1.0000      N014
         7             15              0        5.580000E+00   1.000000E-01         1.0000      N015
         8             16              0        4.940000E+00   1.000000E-01         1.0000      O016
         8             17              0        4.630000E+00   2.000000E-01         1.0000      O017
         8             18              0        4.800000E+00   1.100000E-01         1.0000      O018
         9             19              0        5.270000E+00   2.000000E-01         1.0000      F019
        10             20              0        5.000000E+00   2.000000E-01         1.0000      Ne020
        10             21              0        5.100000E+00   3.000000E-01         1.0000      Ne021
        10             22              0        4.100000E+00   1.000000E-01         1.0000      Ne022
        11             22              0        5.100000E+00   0.000000E+00         1.0000      Na022
        11             23              0        4.900000E+00   2.000000E-01         1.0000      Na023
        12             24              0        5.400000E+00   1.000000E-01         1.0000      Mg024
        12             25              0        5.270000E+00   2.000000E-01         1.0000      Mg025
        12             26              0        5.150000E+00   2.000000E-01         1.0000      Mg026
        13             27              0        5.090000E+00   1.000000E-01         1.0000      Al027
        14             28              0        4.800000E+00   5.000000E-02         1.0000      Si028
        14             29              0        4.340000E+00   2.000000E-01         1.0000      Si029
        14             30              0        4.210000E+00   2.000000E-01         1.0000      Si030
        15             31              0        4.400000E+00   2.000000E-01         1.0000      P031
        16             32              0        3.930000E+00   1.200000E-01         1.0000      S032
        16             33              0        3.850000E+00   1.000000E-01         1.0000      S033
        16             34              0        3.500000E+00   1.000000E-01         1.0000      S034
        17             35              0        3.900000E+00   3.000000E-01         1.0000      Cl035
        17             37              0        3.480000E+00   1.000000E-01         1.0000      Cl037
        18             36              0        2.640000E+00   1.000000E-01         1.0000      Ar036
        18             38              0        3.500000E+00   0.000000E+00         1.0000      Ar038
        18             40              0        2.430000E+00   1.000000E-02         1.0000      Ar040
        19             39              0        2.650000E+00   3.000000E-01         1.0000      K039
        19             41              0        3.400000E+00   0.000000E+00         1.0000      K041
        20             42              0        3.620000E+00   3.000000E-01         1.0000      Ca042
        20             43              0        3.640000E+00   3.000000E-01         1.0000      Ca043
        20             46              0        5.100000E+00   0.000000E+00         1.0000      Ca046
        20             47              0        2.200000E+00   0.000000E+00         1.0000      Ca047
        20             48              0        2.200000E+00   8.000000E-01         1.0000      Ca048
        21             45              0        3.860000E+00   3.000000E-01         1.0000      Sc045
        22             46              0        3.700000E+00   2.000000E-01         1.0000      Ti046
        22             47              0        3.640000E+00   1.000000E-01         1.0000      Ti047
        22             48              0        3.900000E+00   3.000000E-01         1.0000      Ti048
        22             49              0        4.130000E+00   1.000000E-01         1.0000      Ti049
        22             50              0        4.500000E+00   1.000000E-01         1.0000      Ti050
        23             49              0        4.600000E+00   0.000000E+00         1.0000      V049
        23             51              0        5.080000E+00   1.000000E-01         1.0000      V051
        24             50              0        5.240000E+00   1.000000E-01         1.0000      Cr050
        24             51              0        5.100000E+00   0.000000E+00         1.0000      Cr051
        24             52              0        5.340000E+00   1.000000E-01         1.0000      Cr052
        24             53              0        5.060000E+00   1.000000E-01         1.0000      Cr053
        24             54              0        5.500000E+00   3.000000E-01         1.0000      Cr054
        25             52              0        5.500000E+00   0.000000E+00         1.0000      Mn052
        25             53              0        5.200000E+00   0.000000E+00         1.0000      Mn053
        25             55              0        4.590000E+00   3.000000E-02         1.0000      Mn055
        26             54              0        5.000000E+00   3.400000E-01         1.0000      Fe054
        26             56              0        5.900000E+00   3.000000E-01         1.0000      Fe056
        26             57              0        6.300000E+00   3.000000E-01         1.0000      Fe057
        26             58              0        6.600000E+00   4.000000E-01         1.0000      Fe058
        26             60              0        6.300000E+00   0.000000E+00         1.0000      Fe060
        27             57              0        6.600000E+00   0.000000E+00         1.0000      Co057
        27             59              0        6.730000E+00   3.300000E-01         1.0000      Co059
        27             60              0        6.700000E+00   0.000000E+00         1.0000      Co060
        28             58              0        5.220000E+00   2.000000E-01         1.0000      Ni058
        28             60              0        6.700000E+00   3.000000E-01         1.0000      Ni060
        28             61              0        6.500000E+00   3.000000E-01         1.0000      Ni061
        28             62              0        6.770000E+00   3.000000E-01         1.0000      Ni062
        28             64              0        6.970000E+00   8.000000E-02         1.0000      Ni064
        29             63              0        6.700000E+00   3.000000E-01         1.0000      Cu063
        29             65              0        6.400000E+00   3.000000E-01         1.0000      Cu065
        30             64              0        5.700000E+00   1.000000E-01         1.0000      Zn064
        30             66              0        6.210000E+00   3.000000E-01         1.0000      Zn066
        30             67              0        6.210000E+00   0.000000E+00         1.0000      Zn067
        30             68              0        6.200000E+00   1.000000E-01         1.0000      Zn068
        30             70              0        6.200000E+00   3.000000E-01         1.0000      Zn070
        31             69              0        6.560000E+00   3.000000E-01         1.0000      Ga069
        31             71              0        6.760000E+00   3.000000E-01         1.0000      Ga071
        32             70              0        7.100000E+00   4.000000E-01         1.0000      Ge070
        32             72              0        6.700000E+00   2.000000E-01         1.0000      Ge072
        32             73              0        6.510000E+00   4.000000E-01         1.0000      Ge073
        33             75              0        6.700000E+00   2.000000E-01         1.0000      As075
        34             74              0        7.000000E+00   3.000000E-01         1.0000      Se074
        34             75              0        7.000000E+00   0.000000E+00         1.0000      Se075
        34             76              0        7.000000E+00   3.000000E-01         1.0000      Se076
        34             77              0        6.900000E+00   3.000000E-01         1.0000      Se077
        34             78              0        6.740000E+00   3.000000E-01         1.0000      Se078
        34             79              0        6.333000E+00   0.000000E+00         1.0000      Se079
        34             80              0        7.200000E+00   4.000000E-01         1.0000      Se080
        34             82              0        6.700000E+00   2.000000E-01         1.0000      Se082
        35             79              0        6.880000E+00   3.500000E-01         1.0000      Br079
        35             81              0        7.500000E+00   2.500000E-01         1.0000      Br081
        36             80              0        7.800000E+00   3.000000E-01         1.0000      Kr080
        36             82              0        7.400000E+00   3.000000E-01         1.0000      Kr082
        36             84              0        7.000000E+00   2.000000E-01         1.0000      Kr084
        36             86              0        7.800000E+00   1.000000E-01         1.0000      Kr086
        37             87              0        7.200000E+00   1.000000E-01         1.0000      Rb087
        38             84              0        7.300000E+00   2.000000E-01         1.0000      Sr084
        38             86              0        7.200000E+00   2.000000E-01         1.0000      Sr086
        38             88              0        7.600000E+00   1.000000E-01         1.0000      Sr088
        39             89              0        6.740000E+00   1.000000E-01         1.0000      Y089
        40             90              0        7.040000E+00   1.400000E-01         1.0000      Zr090
        40             91              0        7.900000E+00   2.000000E-01         1.0000      Zr091
        40             92              0        7.200000E+00   2.000000E-01         1.0000      Zr092
        40             94              0        7.200000E+00   2.000000E-01         1.0000      Zr094
        40             96              0        6.800000E+00   4.000000E-01         1.0000      Zr096
        41             93              0        6.800000E+00   1.000000E-01         1.0000      Nb093
        42             92              0        7.000000E+00   2.000000E-01         1.0000      Mo092
        42             94              0        6.900000E+00   2.000000E-01         1.0000      Mo094
        42             95              0        6.970000E+00   8.000000E-02         1.0000      Mo095
        42             96              0        6.970000E+00   1.000000E-01         1.0000      Mo096
        42             97              0        6.900000E+00   2.000000E-01         1.0000      Mo097
        42             98              0        6.900000E+00   2.000000E-01         1.0000      Mo098
        42            100              0        6.900000E+00   2.000000E-01         1.0000      Mo100
        43             99              0        7.300000E+00   1.500000E-01         1.0000      Tc099
        44            100              0        6.900000E+00   3.000000E-01         1.0000      Ru100
        44            104              0        6.900000E+00   3.000000E-01         1.0000      Ru104
        45            103              0        6.450000E+00   5.000000E-02         1.0000      Rh103
        46            104              0        6.700000E+00   4.000000E-01         1.0000      Pd104
        46            105              0        6.600000E+00   3.000000E-01         1.0000      Pd105
        46            106              0        6.800000E+00   3.000000E-01         1.0000      Pd106
        46            108              0        6.900000E+00   3.000000E-01         1.0000      Pd108
        47            107              0        6.780000E+00   2.000000E-01         1.0000      Ag107
        47            109              0        7.050000E+00   2.000000E-01         1.0000      Ag109
        48            106              0        6.300000E+00   1.900000E-01         1.0000      Cd106
        48            108              0        5.790000E+00   3.300000E-01         1.0000      Cd108
        48            110              0        5.500000E+00   3.000000E-01         1.0000      Cd110
        48            111              0        5.900000E+00   3.000000E-01         1.0000      Cd111
        48            112              0        5.860000E+00   1.900000E-01         1.0000      Cd112
        48            113              0        5.900000E+00   3.000000E-01         1.0000      Cd113
        48            114              0        5.810000E+00   3.000000E-01         1.0000      Cd114
        48            116              0        6.190000E+00   2.700000E-01         1.0000      Cd116
        49            113              0        6.070000E+00   2.000000E-01         1.0000      In113
        49            115              0        6.530000E+00   1.600000E-01         1.0000      In115
        50            112              0        6.300000E+00   3.000000E-01         1.0000      Sn112
        50            114              0        6.300000E+00   3.000000E-01         1.0000      Sn114
        50            116              0        6.300000E+00   2.000000E-01         1.0000      Sn116
        50            117              0        5.900000E+00   1.500000E-01         1.0000      Sn117
        50            118              0        6.000000E+00   2.000000E-01         1.0000      Sn118
        50            119              0        6.300000E+00   1.300000E-01         1.0000      Sn119
        50            120              0        6.200000E+00   3.000000E-01         1.0000      Sn120
        50            122              0        5.710000E+00   8.000000E-02         1.0000      Sn122
        50            124              0        5.700000E+00   8.000000E-02         1.0000      Sn124
        51            121              0        6.430000E+00   1.200000E-01         1.0000      Sb121
        51            123              0        5.960000E+00   2.000000E-01         1.0000      Sb123
        52            118              0        5.900000E+00   0.000000E+00         1.0000      Te118
        52            122              0        5.750000E+00   3.500000E-01         1.0000      Te122
        52            123              0        6.000000E+00   3.000000E-01         1.0000      Te123
        52            124              0        6.800000E+00   2.000000E-01         1.0000      Te124
        52            125              0        5.800000E+00   2.000000E-01         1.0000      Te125
        52            126              0        5.860000E+00   1.500000E-01         1.0000      Te126
        52            130              0        5.400000E+00   3.000000E-01         1.0000      Te130
        53            127              0        6.020000E+00   1.500000E-01         1.0000      I127
        54            135              0        5.290000E+00   0.000000E+00         1.0000      Xe135
        54            136              0        5.300000E+00   0.000000E+00         1.0000      Xe136
        55            132              0        5.340000E+00   5.000000E-01         1.0000      Cs132
        55            134              0        6.500000E+00   0.000000E+00         1.0000      Cs134
        55            135              0        6.600000E+00   0.000000E+00         1.0000      Cs135
        56            136              0        5.300000E+00   4.000000E-01         1.0000      Ba136
        56            137              0        4.890000E+00   3.000000E-01         1.0000      Ba137
        56            138              0        4.360000E+00   3.000000E-01         1.0000      Ba138
        57            139              0        4.680000E+00   2.000000E-01         1.0000      La139
        58            140              0        5.500000E+00   3.000000E-01         1.0000      Ce140
        58            142              0        5.700000E+00   7.000000E-01         1.0000      Ce142
        59            141              0        4.900000E+00   1.000000E-01         1.0000      Pr141
        60            142              0        5.400000E+00   5.000000E-01         1.0000      Nd142
        60            143              0        5.700000E+00   3.000000E-01         1.0000      Nd143
        60            144              0        6.300000E+00   5.000000E-01         1.0000      Nd144
        60            145              0        5.800000E+00   3.000000E-01         1.0000      Nd145
        60            146              0        6.900000E+00   3.000000E-01         1.0000      Nd146
        60            148              0        7.100000E+00   5.000000E-01         1.0000      Nd148
        60            150              0        6.580000E+00   3.500000E-01         1.0000      Nd150
        61            148              1        6.400000E+00   2.000000E-01         1.0000      Pm148m
        62            144              0        5.380000E+00   6.000000E-02         1.0000      Sm144
        62            146              0        7.010000E+00   3.000000E-01         1.0000      Sm146
        62            147              0        8.300000E+00   2.000000E-01         1.0000      Sm147
        62            148              0        8.580000E+00   2.300000E-01         1.0000      Sm148
        62            149              0        8.300000E+00   2.000000E-01         1.0000      Sm149
        62            150              0        8.290000E+00   2.900000E-01         1.0000      Sm150
        62            151              0        9.400000E+00   0.000000E+00         1.0000      Sm151
        62            152              0        8.300000E+00   2.000000E-01         1.0000      Sm152
        63            151              0        7.900000E+00   2.000000E-01         1.0000      Eu151
        63            153              0        8.630000E+00   2.000000E-01         1.0000      Eu153
        63            154              0        7.220000E+00   2.000000E-01         1.0000      Eu154
        63            155              0        8.240000E+00   2.000000E-01         1.0000      Eu155
        65            158              0        7.380000E+00   2.600000E-01         1.0000      Tb158
        65            159              0        7.380000E+00   2.600000E-01         1.0000      Tb159
        65            161              0        7.400000E+00   0.000000E+00         1.0000      Tb161
        66            161              0        7.590000E+00   3.000000E-01         1.0000      Dy161
        66            162              0        7.000000E+00   3.000000E-01         1.0000      Dy162
        66            164              0        7.300000E+00   5.000000E-01         1.0000      Dy164
        67            165              0        7.790000E+00   2.500000E-01         1.0000      Ho165
        68            162              0        7.500000E+00   3.000000E-01         1.0000      Er162
        68            164              0        7.520000E+00   2.000000E-01         1.0000      Er164
        68            166              0        8.200000E+00   2.000000E-01         1.0000      Er166
        68            167              0        8.100000E+00   3.000000E-01         1.0000      Er167
        68            168              0        7.800000E+00   2.000000E-01         1.0000      Er168
        68            169              0        7.700000E+00   0.000000E+00         1.0000      Er169
        68            170              0        7.550000E+00   2.000000E-01         1.0000      Er170
        68            172              0        7.700000E+00   0.000000E+00         1.0000      Er172
        69            169              0        7.700000E+00   2.000000E-01         1.0000      Tm169
        69            171              0        7.610000E+00   0.000000E+00         1.0000      Tm171
        70            166              0        7.700000E+00   0.000000E+00         1.0000      Yb166
        70            169              0        7.900000E+00   4.000000E-01         1.0000      Yb169
        70            170              0        7.540000E+00   2.000000E-01         1.0000      Yb170
        70            173              0        7.900000E+00   6.000000E-01         1.0000      Yb173
        70            174              0        7.900000E+00   5.000000E-01         1.0000      Yb174
        70            175              0        7.900000E+00   0.000000E+00         1.0000      Yb175
        70            176              0        7.500000E+00   4.000000E-01         1.0000      Yb176
        71            173              0        7.510000E+00   2.000000E-01         1.0000      Lu173
        71            175              0        8.000000E+00   2.000000E-01         1.0000      Lu175
        71            176              0        7.700000E+00   2.000000E-01         1.0000      Lu176
        71            177              0        7.800000E+00   0.000000E+00         1.0000      Lu177
        72            174              0        7.800000E+00   3.000000E-01         1.0000      Hf174
        72            176              0        7.680000E+00   3.100000E-01         1.0000      Hf176
        72            178              0        7.500000E+00   3.000000E-01         1.0000      Hf178
        72            179              0        7.660000E+00   2.000000E-01         1.0000      Hf179
        72            180              0        7.760000E+00   8.000000E-02         1.0000      Hf180
        73            181              0        7.650000E+00   2.000000E-01         1.0000      Ta181
        74            180              0        7.670000E+00   2.000000E-01         1.0000      W180
        74            182              0        7.670000E+00   6.000000E-02         1.0000      W182
        74            183              0        8.100000E+00   1.000000E-01         1.0000      W183
        74            184              0        8.100000E+00   4.000000E-02         1.0000      W184
        74            186              0        8.500000E+00   2.000000E-02         1.0000      W186
        75            184              0        8.300000E+00   0.000000E+00         1.0000      Re184
        75            185              0        8.250000E+00   1.800000E-01         1.0000      Re185
        75            187              0        8.270000E+00   1.500000E-01         1.0000      Re187
        76            185              0        8.400000E+00   0.000000E+00         1.0000      Os185
        76            186              0        8.520000E+00   1.400000E-01         1.0000      Os186
        76            187              0        8.500000E+00   5.000000E-01         1.0000      Os187
        76            188              0        8.500000E+00   5.000000E-01         1.0000      Os188
        76            193              0        8.600000E+00   0.000000E+00         1.0000      Os193
        77            191              0        8.700000E+00   4.000000E-01         1.0000      Ir191
        78            188              0        9.000000E+00   0.000000E+00         1.0000      Pt188
        78            192              0        9.300000E+00   4.000000E-01         1.0000      Pt192
        78            194              0        1.050000E+01   4.000000E-01         1.0000      Pt194
        78            195              0        9.270000E+00   3.000000E-01         1.0000      Pt195
        78            196              0        9.500000E+00   2.000000E-01         1.0000      Pt196
        78            198              0        9.400000E+00   2.000000E-01         1.0000      Pt198
        79            197              0        9.390000E+00   2.000000E-01         1.0000      Au197
        79            198              0        9.500000E+00   0.000000E+00         1.0000      Au198
        80            198              0        9.500000E+00   0.000000E+00         1.0000      Hg198
        80            199              0        1.030000E+01   2.000000E-01         1.0000      Hg199
        81            203              0        9.300000E+00   2.000000E-01         1.0000      Tl203
        81            205              0        9.240000E+00   7.000000E-02         1.0000      Tl205
        82            204              0        9.400000E+00   2.000000E-01         1.0000      Pb204
        82            206              0        9.540000E+00   2.000000E-02         1.0000      Pb206
        82            207              0        9.570000E+00   2.000000E-01         1.0000      Pb207
        82            208              0        9.460000E+00   1.200000E-01         1.0000      Pb208
        83            209              0        9.540000E+00   8.000000E-02         1.0000      Bi209
        88            226              0        9.650000E+00   2.000000E-01         1.0000      Ra226
        90            230              0        1.020000E+01   1.200000E+00         1.0000      Th230
        90            232              0        9.650000E+00   8.000000E-02         1.0000      Th232
        91            231              0        9.000000E+00   2.000000E-01         1.0000      Pa231
        92            233              0        9.750000E+00   1.500000E-01         1.0000      U233
        92            235              0        9.630000E+00   5.000000E-02         1.0000      U235
        92            236              0        9.480000E+00   3.300000E-01         1.0000      U236
        92            238              0        9.600000E+00   1.000000E-01         1.0000      U238
        93            237              0        9.780000E+00   1.000000E-01         1.0000      Np237
        94            238              0        9.370000E+00   4.100000E-01         1.0000      Pu238
        94            239              0        9.410000E+00   3.000000E-02         1.0000      Pu239
        94            240              0        9.500000E+00   5.000000E-02         1.0000      Pu240
        94            241              0        9.700000E+00   2.000000E-01         1.0000      Pu241
        94            242              0        9.700000E+00   9.000000E-02         1.0000      Pu242
        95            241              0        9.800000E+00   4.000000E-01         1.0000      Am241
        95            243              0        9.800000E+00   4.000000E-01         1.0000      Am243
        96            245              0        9.500000E+00   0.000000E+00         1.0000      Cm245
