# header:
#   title: Ig resonance data for cendl3.2
#   source: Resonancetables
#   date: 2025-07-13
# reaction:
#   type: Ig
# quantity:
#   type: resonance data
# datablock:
#   columns: 7
#   entries: 217
##       Z              A            Liso           Value         dValue          Ratio         Nuclide
##      []             []             []            [eV]           [eV]            []             [%]
         1              1              0        1.493080E-01   0.000000E+00         1.0021      H001
         1              2              0        2.412300E-04   0.000000E+00         1.0488      H002
         2              3              0        1.517360E-04   0.000000E+00         0.4215      He003
         3              7              0        2.042380E-02   0.000000E+00         0.9987      Li007
         4              9              0        4.644110E-03   0.000000E+00         1.0275      Be009
         5             10              0        2.233830E-01   0.000000E+00         1.0154      B010
         5             11              0        2.753700E-03   0.000000E+00         0.9835      B011
         6             12              0        1.530110E-03   0.000000E+00         0.7767      C012
         7             14              0        3.371640E-02   0.000000E+00         0.9975      N014
         8             16              0        8.547180E-05   0.000000E+00         0.1155      O016
         9             19              0        1.620850E-02   0.000000E+00         0.8024      F019
        11             23              0        3.111470E-01   0.000000E+00         1.0269      Na023
        12             24              0        3.095880E-02   0.000000E+00         0.9987      Mg024
        12             25              0        9.868980E-02   0.000000E+00         0.9969      Mg025
        12             26              0        1.868090E-02   0.000000E+00         0.7784      Mg026
        13             27              0        1.296630E-01   0.000000E+00         0.8054      Al027
        14             28              0        8.371680E-02   0.000000E+00         0.9966      Si028
        14             29              0        8.309780E-02   0.000000E+00         1.0012      Si029
        14             30              0        5.820060E-01   0.000000E+00         4.6191      Si030
        15             31              0        7.266760E-02   0.000000E+00         0.5191      P031
        16             32              0        2.492460E-01   0.000000E+00         0.9970      S032
        16             33              0        1.637360E-01   0.000000E+00         0.9984      S033
        16             34              0        1.003430E-01   0.000000E+00         0.9935      S034
        16             36              0        9.001070E-02   0.000000E+00         0.2507      S036
        20             40              0        2.113140E-01   0.000000E+00         0.9921      Ca040
        22             46              0        3.344670E-01   0.000000E+00         0.9291      Ti046
        22             47              0        1.427210E+00   0.000000E+00         1.0494      Ti047
        22             48              0        3.784960E+00   0.000000E+00         0.9987      Ti048
        22             49              0        8.862030E-01   0.000000E+00         0.9529      Ti049
        22             50              0        8.787020E-02   0.000000E+00         0.7384      Ti050
        24             50              0        7.379530E+00   0.000000E+00         0.9224      Cr050
        24             52              0        4.608720E-01   0.000000E+00         0.9406      Cr052
        24             53              0        8.582690E+00   0.000000E+00         1.0217      Cr053
        24             54              0        1.831570E-01   0.000000E+00         0.8722      Cr054
        25             55              0        1.176030E+01   0.000000E+00         0.8461      Mn055
        26             54              0        1.320150E+00   0.000000E+00         1.0910      Fe054
        26             56              0        1.383840E+00   0.000000E+00         1.0251      Fe056
        26             57              0        1.422780E+00   0.000000E+00         0.9812      Fe057
        26             58              0        1.566360E+00   0.000000E+00         1.2431      Fe058
        27             59              0        7.497670E+01   0.000000E+00         0.9918      Co059
        28             58              0        2.015470E+00   0.000000E+00         0.9978      Ni058
        28             60              0        1.398720E+00   0.000000E+00         1.1101      Ni060
        28             61              0        1.554820E+00   0.000000E+00         0.6478      Ni061
        28             62              0        5.999210E+00   0.000000E+00         0.8218      Ni062
        28             64              0        7.673080E-01   0.000000E+00         0.7040      Ni064
        29             63              0        4.980680E+00   0.000000E+00         0.9451      Cu063
        29             65              0        2.208630E+00   0.000000E+00         1.0467      Cu065
        30             64              0        1.417300E+00   0.000000E+00         0.9981      Zn064
        30             66              0        9.537090E-01   0.000000E+00         0.9537      Zn066
        30             67              0        2.434130E+01   0.000000E+00         0.9976      Zn067
        30             68              0        3.084410E+00   0.000000E+00         0.8813      Zn068
        30             70              0        1.028270E-01   0.000000E+00         0.1071      Zn070
        31             69              0        1.827650E+01   0.000000E+00         1.1282      Ga069
        31             71              0        3.274870E+01   0.000000E+00         1.0139      Ga071
        32             70              0        2.499270E+00   0.000000E+00         0.9576      Ge070
        32             72              0        8.854200E-01   0.000000E+00         0.9838      Ge072
        32             73              0        6.236330E+01   0.000000E+00         0.9899      Ge073
        32             74              0        4.998030E-01   0.000000E+00         0.6576      Ge074
        32             76              0        3.048300E+00   0.000000E+00         1.6389      Ge076
        33             75              0        6.378260E+01   0.000000E+00         1.2172      As075
        34             74              0        5.797920E+02   0.000000E+00         0.9777      Se074
        34             76              0        4.105910E+01   0.000000E+00         1.0014      Se076
        34             77              0        3.203110E+01   0.000000E+00         0.9979      Se077
        34             78              0        4.707640E+00   0.000000E+00         1.0016      Se078
        34             82              0        1.711240E-01   0.000000E+00         0.8149      Se082
        36             83              0        1.498410E+02   0.000000E+00         0.7970      Kr083
        36             84              0        2.149390E+00   0.000000E+00         0.8845      Kr084
        36             85              0        1.816510E+00   0.000000E+00         1.0092      Kr085
        36             86              0        2.226000E-02   0.000000E+00         1.1130      Kr086
        37             85              0        8.732050E+00   0.000000E+00         1.1752      Rb085
        37             87              0        2.712140E+00   0.000000E+00         1.1444      Rb087
        38             88              0        3.285370E-02   0.000000E+00         0.8879      Sr088
        38             90              0        8.355680E-02   0.000000E+00         0.8034      Sr090
        39             89              0        7.451860E-01   0.000000E+00         0.8565      Y089
        40             90              0        1.625010E-01   0.000000E+00         0.9969      Zr090
        40             91              0        6.931800E+00   0.000000E+00         1.1364      Zr091
        40             92              0        6.850240E-01   0.000000E+00         0.9928      Zr092
        40             93              0        1.818650E+01   0.000000E+00         1.0217      Zr093
        40             94              0        2.955740E-01   0.000000E+00         1.0947      Zr094
        40             96              0        5.853620E+00   0.000000E+00         1.1279      Zr096
        41             93              0        8.975600E+00   0.000000E+00         1.0622      Nb093
        41             95              0        4.181130E+01   0.000000E+00         0.2091      Nb095
        42             92              0        9.412000E-01   0.000000E+00         0.9604      Mo092
        42             94              0        1.425970E+00   0.000000E+00         0.9767      Mo094
        42             95              0        1.109110E+02   0.000000E+00         1.0563      Mo095
        42             96              0        1.751060E+01   0.000000E+00         1.0006      Mo096
        42             97              0        1.748510E+01   0.000000E+00         0.9991      Mo097
        42             98              0        6.502870E+00   0.000000E+00         0.9384      Mo098
        42            100              0        3.865680E+00   0.000000E+00         1.0679      Mo100
        43             99              0        3.116090E+02   0.000000E+00         0.8704      Tc099
        44             99              0        1.707690E+02   0.000000E+00         0.9986      Ru099
        44            100              0        1.113730E+01   0.000000E+00         0.9944      Ru100
        44            101              0        1.116320E+02   0.000000E+00         1.0057      Ru101
        44            102              0        5.436390E+00   0.000000E+00         1.3006      Ru102
        44            103              0        4.695460E+01   0.000000E+00         0.9990      Ru103
        44            104              0        6.595490E+00   0.000000E+00         1.0226      Ru104
        45            103              0        1.043390E+03   0.000000E+00         0.9065      Rh103
        45            105              0        1.699880E+04   0.000000E+00         0.9999      Rh105
        46            105              0        9.690700E+01   0.000000E+00         1.0094      Pd105
        46            108              0        2.435530E+02   0.000000E+00         1.0264      Pd108
        47            107              0        1.038160E+02   0.000000E+00         1.1038      Ag107
        47            109              0        1.471640E+03   0.000000E+00         1.0958      Ag109
        48            113              0        3.925160E+02   0.000000E+00         0.9814      Cd113
        49            113              0        3.251350E+02   0.000000E+00         0.9764      In113
        49            115              0        3.209410E+03   0.000000E+00         0.9725      In115
        50            112              0        3.039870E+01   0.000000E+00         1.1607      Sn112
        50            114              0        6.546070E+00   0.000000E+00         0.8392      Sn114
        50            115              0        1.373360E+01   0.000000E+00         0.6540      Sn115
        50            116              0        1.231450E+01   0.000000E+00         1.0012      Sn116
        50            117              0        1.808850E+01   0.000000E+00         1.0278      Sn117
        50            118              0        5.315480E+00   0.000000E+00         1.3289      Sn118
        50            119              0        5.265430E+00   0.000000E+00         0.9403      Sn119
        50            120              0        1.206900E+00   0.000000E+00         1.0587      Sn120
        50            122              0        9.250440E-01   0.000000E+00         1.1012      Sn122
        50            124              0        7.842750E+00   0.000000E+00         0.9803      Sn124
        51            121              0        2.140870E+02   0.000000E+00         1.0274      Sb121
        51            123              0        1.860470E+02   0.000000E+00         1.5866      Sb123
        52            130              0        2.619650E-01   0.000000E+00         0.6237      Te130
        53            127              0        1.481450E+02   0.000000E+00         1.1066      I127
        53            129              0        2.933060E+01   0.000000E+00         0.8678      I129
        54            124              0        3.189520E+03   0.000000E+00         0.8860      Xe124
        54            129              0        2.561490E+02   0.000000E+00         0.9852      Xe129
        54            131              0        8.839520E+02   0.000000E+00         1.0011      Xe131
        54            132              0        5.267550E+00   0.000000E+00         1.0535      Xe132
        54            134              0        4.650810E-01   0.000000E+00         1.2239      Xe134
        54            136              0        1.396480E-01   0.000000E+00         0.1887      Xe136
        55            133              0        4.209590E+02   0.000000E+00         1.1565      Cs133
        55            134              0        1.052700E+02   0.000000E+00         1.0026      Cs134
        55            135              0        6.246360E+01   0.000000E+00         1.6395      Cs135
        56            130              0        1.744610E+02   0.000000E+00         1.0329      Ba130
        56            132              0        3.108110E+01   0.000000E+00         0.5756      Ba132
        56            134              0        2.465000E+01   0.000000E+00         1.1205      Ba134
        56            135              0        1.310870E+02   0.000000E+00         1.2727      Ba135
        56            136              0        1.333270E+01   0.000000E+00         7.1298      Ba136
        56            137              0        1.375120E+02   0.000000E+00        39.2891      Ba137
        56            138              0        3.553160E-01   0.000000E+00         0.9870      Ba138
        57            139              0        1.144040E+01   0.000000E+00         0.9931      La139
        58            136              0        7.707440E+01   0.000000E+00         1.1170      Ce136
        58            138              0        1.131270E+00   0.000000E+00         0.1067      Ce138
        58            140              0        3.386320E-01   0.000000E+00         0.7055      Ce140
        58            141              0        1.479840E+02   0.000000E+00         0.9307      Ce141
        58            142              0        8.883120E-01   0.000000E+00         0.7592      Ce142
        58            144              0        7.630790E+00   0.000000E+00         2.9349      Ce144
        59            141              0        1.750760E+01   0.000000E+00         1.1011      Pr141
        60            142              0        8.568850E+00   0.000000E+00         1.3821      Nd142
        60            143              0        1.295890E+02   0.000000E+00         0.9892      Nd143
        60            144              0        4.287670E+00   0.000000E+00         0.9528      Nd144
        60            145              0        2.035510E+02   0.000000E+00         0.9087      Nd145
        60            146              0        2.952590E+00   0.000000E+00         1.1356      Nd146
        60            147              0        6.548090E+02   0.000000E+00         1.2473      Nd147
        60            148              0        1.388480E+01   0.000000E+00         1.1081      Nd148
        60            150              0        1.044160E+01   0.000000E+00         0.6869      Nd150
        61            147              0        2.204350E+03   0.000000E+00         0.9997      Pm147
        61            148              0        2.883780E+03   0.000000E+00         1.1091      Pm148
        61            148              1        4.790380E+03   0.000000E+00         1.3307      Pm148m
        62            144              0        1.766440E+00   0.000000E+00         0.7422      Sm144
        62            147              0        7.800650E+02   0.000000E+00         1.0027      Sm147
        62            148              0        4.519410E+01   0.000000E+00         1.6739      Sm148
        62            149              0        3.493150E+03   0.000000E+00         1.0175      Sm149
        62            150              0        3.246820E+02   0.000000E+00         0.9750      Sm150
        62            151              0        3.408040E+03   0.000000E+00         0.9910      Sm151
        62            152              0        2.763940E+03   0.000000E+00         0.9284      Sm152
        62            154              0        3.626340E+01   0.000000E+00         1.0933      Sm154
        63            151              0        3.290440E+03   0.000000E+00         0.9764      Eu151
        63            153              0        1.410090E+03   0.000000E+00         0.8035      Eu153
        63            154              0        1.299820E+03   0.000000E+00         0.9999      Eu154
        63            155              0        1.551530E+04   0.000000E+00         0.9997      Eu155
        64            152              0        9.889910E+02   0.000000E+00         1.6935      Gd152
        64            154              0        2.146400E+02   0.000000E+00         2.0060      Gd154
        64            155              0        1.533970E+03   0.000000E+00         0.9967      Gd155
        64            156              0        1.001860E+02   0.000000E+00         0.9276      Gd156
        64            157              0        7.614100E+02   0.000000E+00         1.0032      Gd157
        64            158              0        6.392400E+01   0.000000E+00         0.9789      Gd158
        64            160              0        1.201000E+01   0.000000E+00         2.0117      Gd160
        66            164              0        3.423710E+02   0.000000E+00         0.7118      Dy164
        67            165              0        6.816380E+02   0.000000E+00         1.0601      Ho165
        72            174              0        3.551830E+02   0.000000E+00         0.7903      Hf174
        72            176              0        4.006460E+02   0.000000E+00         0.5773      Hf176
        72            177              0        7.212400E+03   0.000000E+00         0.9999      Hf177
        72            178              0        1.914140E+03   0.000000E+00         1.0231      Hf178
        72            179              0        5.490900E+02   0.000000E+00         1.0479      Hf179
        72            180              0        3.438950E+01   0.000000E+00         1.0358      Hf180
        73            181              0        6.599890E+02   0.000000E+00         0.9734      Ta181
        74            180              0        2.533270E+02   0.000000E+00         1.0121      W180
        74            182              0        6.281090E+02   0.000000E+00         0.9986      W182
        74            183              0        3.401160E+02   0.000000E+00         1.0033      W183
        74            184              0        1.631830E+01   0.000000E+00         1.1101      W184
        74            186              0        4.739910E+02   0.000000E+00         0.9979      W186
        79            197              0        1.562620E+03   0.000000E+00         1.0083      Au197
        82            204              0        1.844980E+00   0.000000E+00         1.0027      Pb204
        82            206              0        1.119600E-01   0.000000E+00         0.9821      Pb206
        82            207              0        3.926500E-01   0.000000E+00         1.0068      Pb207
        82            208              0        4.055570E-03   0.000000E+00         0.6541      Pb208
        83            209              0        2.017610E-01   0.000000E+00         0.9608      Bi209
        90            232              0        8.430040E+01   0.000000E+00         0.9988      Th232
        92            232              0        1.824870E+02   0.000000E+00         0.6517      U232
        92            233              0        1.410450E+02   0.000000E+00         1.0221      U233
        92            234              0        6.310160E+02   0.000000E+00         4.2068      U234
        92            235              0        1.404230E+02   0.000000E+00         0.9618      U235
        92            236              0        3.416890E+02   0.000000E+00         0.9763      U236
        92            237              0        1.083100E+03   0.000000E+00         0.9026      U237
        92            238              0        2.755410E+02   0.000000E+00         0.9983      U238
        93            236              0        1.587210E+02   0.000000E+00         0.1173      Np236
        93            237              0        6.619960E+02   0.000000E+00         1.0153      Np237
        93            238              0        2.582560E+02   0.000000E+00         1.2849      Np238
        94            236              0        2.666500E+02   0.000000E+00         1.0752      Pu236
        94            238              0        1.519300E+02   0.000000E+00         1.0406      Pu238
        94            239              0        1.848820E+02   0.000000E+00         1.0271      Pu239
        94            240              0        8.523890E+03   0.000000E+00         1.0054      Pu240
        94            241              0        1.795630E+02   0.000000E+00         0.9812      Pu241
        94            242              0        1.272770E+03   0.000000E+00         9.7905      Pu242
        94            244              0        1.054910E+02   0.000000E+00         2.1098      Pu244
        95            241              0        1.385830E+03   0.000000E+00         0.9725      Am241
        95            242              1        2.394980E+02   0.000000E+00         1.0008      Am242m
        95            243              0        1.787800E+03   0.000000E+00         0.9823      Am243
        97            249              0        1.127600E+03   0.000000E+00         1.0122      Bk249
        98            249              0        5.732520E+02   0.000000E+00         0.7493      Cf249
