# header: 
#   title: Ig resonance data for endfb8.1
#   source: Resonancetables
#   date: 2025-10-02
# reaction: 
#   type: Ig
# quantity: 
#   type: resonance data
# datablock: 
#   columns: 7
#   entries: 275
##       Z              A            Liso           Value         dValue          Ratio         Nuclide
##      []             []             []            [eV]           [eV]            []             [%]
         2              3              0        2.271060E-04   0.000000E+00         0.6308      He003
         3              7              0        2.043120E-02   0.000000E+00         0.9991      Li007
         4              9              0        3.879910E-03   0.000000E+00         0.8584      Be009
         6             12              0        1.852610E-03   0.000000E+00         0.9404      C012
         6             13              0        7.574920E-04   0.000000E+00         0.6886      C013
         7             14              0        3.371640E-02   0.000000E+00         0.9975      N014
         7             15              0        8.182610E-05   0.000000E+00         0.6819      N015
         8             16              0        4.099620E-04   0.000000E+00         0.5540      O016
         8             18              0        2.729490E-04   0.000000E+00         0.3370      O018
         9             19              0        1.939850E-02   0.000000E+00         0.9603      F019
        10             20              0        1.874870E-02   0.000000E+00         1.0592      Ne020
        10             21              0        9.795980E-01   0.000000E+00         3.3095      Ne021
        10             22              0        2.148900E-02   0.000000E+00         0.9768      Ne022
        11             23              0        3.161000E-01   0.000000E+00         1.0432      Na023
        12             24              0        3.090270E-02   0.000000E+00         0.9969      Mg024
        12             25              0        9.846620E-02   0.000000E+00         0.9946      Mg025
        12             26              0        1.864720E-02   0.000000E+00         0.7770      Mg026
        13             27              0        1.296810E-01   0.000000E+00         0.8055      Al027
        14             28              0        8.675790E-02   0.000000E+00         1.0328      Si028
        14             29              0        7.700340E-02   0.000000E+00         0.9278      Si029
        14             30              0        8.607840E-02   0.000000E+00         0.6832      Si030
        15             31              0        1.435290E-01   0.000000E+00         1.0252      P031
        16             32              0        2.492610E-01   0.000000E+00         0.9970      S032
        16             33              0        1.638050E-01   0.000000E+00         0.9988      S033
        16             34              0        1.004200E-01   0.000000E+00         0.9943      S034
        16             36              0        1.206200E-01   0.000000E+00         0.3360      S036
        17             35              0        1.791610E+01   0.000000E+00         1.0009      Cl035
        17             37              0        2.041780E-01   0.000000E+00         0.7065      Cl037
        18             36              0        2.271320E+00   0.000000E+00         0.9984      Ar036
        18             40              0        2.920870E-01   0.000000E+00         0.7212      Ar040
        19             39              0        9.963610E-01   0.000000E+00         0.9058      K039
        19             41              0        9.689410E-01   0.000000E+00         0.7666      K041
        20             40              0        2.355330E-01   0.000000E+00         1.1058      Ca040
        20             42              0        3.732060E-01   0.000000E+00         0.9821      Ca042
        20             43              0        5.784460E+00   0.000000E+00         0.9973      Ca043
        20             44              0        4.239230E-01   0.000000E+00         0.7570      Ca044
        20             46              0        3.380350E-01   0.000000E+00         0.3615      Ca046
        20             48              0        4.840470E-01   0.000000E+00         0.9417      Ca048
        21             45              0        1.204980E+01   0.000000E+00         1.0664      Sc045
        22             46              0        3.610050E-01   0.000000E+00         1.0028      Ti046
        22             47              0        1.352730E+00   0.000000E+00         0.9947      Ti047
        22             48              0        3.781250E+00   0.000000E+00         0.9977      Ti048
        22             49              0        9.247240E-01   0.000000E+00         0.9943      Ti049
        22             50              0        8.807930E-02   0.000000E+00         0.7402      Ti050
        23             51              0        2.573840E+00   0.000000E+00         0.9760      V051
        24             50              0        7.724400E+00   0.000000E+00         0.9656      Cr050
        24             52              0        5.198140E-01   0.000000E+00         1.0608      Cr052
        24             53              0        9.587320E+00   0.000000E+00         1.1413      Cr053
        24             54              0        2.101570E-01   0.000000E+00         1.0007      Cr054
        25             55              0        1.352610E+01   0.000000E+00         0.9731      Mn055
        26             54              0        1.224690E+00   0.000000E+00         1.0121      Fe054
        26             56              0        1.347750E+00   0.000000E+00         0.9983      Fe056
        26             57              0        1.506100E+00   0.000000E+00         1.0387      Fe057
        26             58              0        1.276720E+00   0.000000E+00         1.0133      Fe058
        27             59              0        7.578470E+01   0.000000E+00         1.0024      Co059
        28             58              0        2.015980E+00   0.000000E+00         0.9980      Ni058
        28             60              0        1.257670E+00   0.000000E+00         0.9982      Ni060
        28             61              0        2.425070E+00   0.000000E+00         1.0104      Ni061
        28             62              0        7.274900E+00   0.000000E+00         0.9966      Ni062
        28             64              0        8.139480E-01   0.000000E+00         0.7467      Ni064
        29             63              0        4.507140E+00   0.000000E+00         0.8552      Cu063
        29             65              0        2.036130E+00   0.000000E+00         0.9650      Cu065
        30             64              0        1.416920E+00   0.000000E+00         0.9978      Zn064
        30             66              0        9.548980E-01   0.000000E+00         0.9549      Zn066
        30             67              0        2.435750E+01   0.000000E+00         0.9983      Zn067
        30             68              0        3.087400E+00   0.000000E+00         0.8821      Zn068
        30             70              0        1.047140E-01   0.000000E+00         0.1091      Zn070
        31             69              0        1.619890E+01   0.000000E+00         0.9999      Ga069
        31             71              0        3.272870E+01   0.000000E+00         1.0133      Ga071
        32             70              0        2.602070E+00   0.000000E+00         0.9970      Ge070
        32             74              0        6.436910E-01   0.000000E+00         0.8470      Ge074
        32             76              0        1.346850E+00   0.000000E+00         0.7241      Ge076
        33             75              0        6.388540E+01   0.000000E+00         1.2192      As075
        34             74              0        5.797120E+02   0.000000E+00         0.9776      Se074
        34             76              0        4.100730E+01   0.000000E+00         1.0002      Se076
        34             78              0        4.639460E+00   0.000000E+00         0.9871      Se078
        34             80              0        9.695610E-01   0.000000E+00         0.9234      Se080
        35             79              0        1.288330E+02   0.000000E+00         1.0718      Br079
        35             81              0        4.634230E+01   0.000000E+00         1.0074      Br081
        36             78              0        2.514490E+01   0.000000E+00         0.9634      Kr078
        36             80              0        6.007720E+01   0.000000E+00         1.0466      Kr080
        36             82              0        1.628710E+02   0.000000E+00         1.0440      Kr082
        36             83              0        1.883170E+02   0.000000E+00         1.0017      Kr083
        36             84              0        2.186280E+00   0.000000E+00         0.8997      Kr084
        36             86              0        1.902470E-02   0.000000E+00         0.9512      Kr086
        37             85              0        7.471200E+00   0.000000E+00         1.0055      Rb085
        37             87              0        2.710780E+00   0.000000E+00         1.1438      Rb087
        38             84              0        1.150330E+01   0.000000E+00         1.2199      Sr084
        38             86              0        4.857890E+00   0.000000E+00         0.9975      Sr086
        38             87              0        1.209840E+02   0.000000E+00         0.9999      Sr087
        39             89              0        8.618550E-01   0.000000E+00         0.9906      Y089
        40             90              0        1.551430E-01   0.000000E+00         0.9518      Zr090
        40             91              0        5.820260E+00   0.000000E+00         0.9541      Zr091
        40             92              0        5.814610E-01   0.000000E+00         0.8427      Zr092
        40             93              0        1.782990E+01   0.000000E+00         1.0017      Zr093
        40             94              0        3.092090E-01   0.000000E+00         1.1452      Zr094
        40             96              0        5.095070E+00   0.000000E+00         0.9817      Zr096
        41             93              0        8.931880E+00   0.000000E+00         1.0570      Nb093
        42             92              0        9.559570E-01   0.000000E+00         0.9755      Mo092
        42             94              0        1.439120E+00   0.000000E+00         0.9857      Mo094
        42             95              0        1.046640E+02   0.000000E+00         0.9968      Mo095
        42             96              0        1.751550E+01   0.000000E+00         1.0009      Mo096
        42             97              0        1.724470E+01   0.000000E+00         0.9854      Mo097
        42             98              0        6.539910E+00   0.000000E+00         0.9437      Mo098
        42            100              0        3.863810E+00   0.000000E+00         1.0674      Mo100
        43             99              0        3.226760E+02   0.000000E+00         0.9013      Tc099
        44             96              0        7.197200E+00   0.000000E+00         1.1818      Ru096
        44            100              0        1.139280E+01   0.000000E+00         1.0172      Ru100
        44            101              0        1.123090E+02   0.000000E+00         1.0118      Ru101
        44            102              0        5.436390E+00   0.000000E+00         1.3006      Ru102
        44            104              0        6.595490E+00   0.000000E+00         1.0226      Ru104
        45            103              0        1.006640E+03   0.000000E+00         0.8746      Rh103
        46            102              0        1.585430E+01   0.000000E+00         0.6893      Pd102
        46            104              0        2.111060E+01   0.000000E+00         1.0005      Pd104
        46            105              0        9.604260E+01   0.000000E+00         1.0004      Pd105
        46            106              0        7.715970E+00   0.000000E+00         1.0288      Pd106
        46            107              0        1.121830E+02   0.000000E+00         1.0016      Pd107
        46            108              0        2.435120E+02   0.000000E+00         1.0263      Pd108
        46            110              0        3.096290E+00   0.000000E+00         1.0321      Pd110
        47            107              0        1.055430E+02   0.000000E+00         1.1222      Ag107
        47            109              0        1.467210E+03   0.000000E+00         1.0925      Ag109
        48            106              0        6.216760E+00   0.000000E+00         1.0772      Cd106
        48            108              0        1.682600E+01   0.000000E+00         1.0285      Cd108
        48            110              0        3.333420E+01   0.000000E+00         1.0090      Cd110
        48            111              0        5.137400E+01   0.000000E+00         1.0302      Cd111
        48            112              0        1.312290E+01   0.000000E+00         1.0126      Cd112
        48            113              0        3.842400E+02   0.000000E+00         0.9607      Cd113
        48            114              0        1.250590E+01   0.000000E+00         1.0130      Cd114
        48            116              0        1.871960E+00   0.000000E+00         1.0552      Cd116
        49            113              0        3.263270E+02   0.000000E+00         0.9800      In113
        49            115              0        3.223110E+03   0.000000E+00         0.9767      In115
        50            112              0        2.985250E+01   0.000000E+00         1.1398      Sn112
        50            114              0        7.749730E+00   0.000000E+00         0.9936      Sn114
        50            115              0        2.030950E+01   0.000000E+00         0.9671      Sn115
        50            116              0        1.228610E+01   0.000000E+00         0.9989      Sn116
        50            117              0        1.757830E+01   0.000000E+00         0.9988      Sn117
        50            118              0        3.941690E+00   0.000000E+00         0.9854      Sn118
        50            119              0        5.140650E+00   0.000000E+00         0.9180      Sn119
        50            120              0        1.099990E+00   0.000000E+00         0.9649      Sn120
        50            122              0        6.489540E-01   0.000000E+00         0.7726      Sn122
        50            124              0        8.005450E+00   0.000000E+00         1.0007      Sn124
        51            121              0        2.059690E+02   0.000000E+00         0.9885      Sb121
        51            123              0        1.278210E+02   0.000000E+00         1.0901      Sb123
        52            120              0        2.236600E+01   0.000000E+00         5.7202      Te120
        52            122              0        8.875460E+01   0.000000E+00         1.1235      Te122
        52            123              0        5.641650E+03   0.000000E+00         0.9999      Te123
        52            124              0        5.265560E+00   0.000000E+00         0.9935      Te124
        52            125              0        2.225690E+01   0.000000E+00         0.9981      Te125
        52            126              0        7.596960E+00   0.000000E+00         0.9496      Te126
        52            128              0        1.344090E+00   0.000000E+00         0.9956      Te128
        52            130              0        2.619650E-01   0.000000E+00         0.6237      Te130
        53            127              0        1.591640E+02   0.000000E+00         1.1889      I127
        53            129              0        2.877170E+01   0.000000E+00         0.8512      I129
        54            124              0        3.263920E+03   0.000000E+00         0.9066      Xe124
        54            126              0        6.617840E+01   0.000000E+00         1.0849      Xe126
        54            128              0        1.257880E+01   0.000000E+00         0.9905      Xe128
        54            129              0        2.547210E+02   0.000000E+00         0.9797      Xe129
        54            130              0        4.885050E+00   0.000000E+00         0.9969      Xe130
        54            132              0        5.260060E+00   0.000000E+00         1.0520      Xe132
        54            134              0        4.650810E-01   0.000000E+00         1.2239      Xe134
        54            136              0        1.396480E-01   0.000000E+00         0.1887      Xe136
        55            133              0        4.055600E+02   0.000000E+00         1.1142      Cs133
        55            135              0        5.077500E+01   0.000000E+00         1.3327      Cs135
        56            130              0        1.747720E+02   0.000000E+00         1.0348      Ba130
        56            132              0        5.392520E+01   0.000000E+00         0.9986      Ba132
        56            134              0        2.188950E+01   0.000000E+00         0.9950      Ba134
        56            135              0        1.024450E+02   0.000000E+00         0.9946      Ba135
        56            136              0        1.838510E+00   0.000000E+00         0.9832      Ba136
        56            137              0        4.293820E+00   0.000000E+00         1.2268      Ba137
        56            138              0        2.731720E-01   0.000000E+00         0.7588      Ba138
        57            139              0        1.144060E+01   0.000000E+00         0.9931      La139
        58            136              0        7.707440E+01   0.000000E+00         1.1170      Ce136
        58            138              0        9.429180E+00   0.000000E+00         0.8895      Ce138
        58            140              0        2.904250E-01   0.000000E+00         0.6051      Ce140
        58            142              0        1.003770E+00   0.000000E+00         0.8579      Ce142
        59            141              0        1.783430E+01   0.000000E+00         1.1217      Pr141
        60            142              0        6.177160E+00   0.000000E+00         0.9963      Nd142
        60            143              0        1.305230E+02   0.000000E+00         0.9964      Nd143
        60            144              0        4.438360E+00   0.000000E+00         0.9863      Nd144
        60            145              0        2.229590E+02   0.000000E+00         0.9954      Nd145
        60            146              0        2.901790E+00   0.000000E+00         1.1161      Nd146
        60            148              0        1.606940E+01   0.000000E+00         1.2825      Nd148
        60            150              0        1.573810E+01   0.000000E+00         1.0354      Nd150
        61            147              0        2.187340E+03   0.000000E+00         0.9920      Pm147
        62            144              0        1.791340E+00   0.000000E+00         0.7527      Sm144
        62            147              0        7.778840E+02   0.000000E+00         0.9999      Sm147
        62            148              0        3.630340E+01   0.000000E+00         1.3446      Sm148
        62            149              0        3.432860E+03   0.000000E+00         1.0000      Sm149
        62            150              0        3.331750E+02   0.000000E+00         1.0005      Sm150
        62            151              0        3.438440E+03   0.000000E+00         0.9998      Sm151
        62            152              0        2.976990E+03   0.000000E+00         1.0000      Sm152
        62            154              0        3.635330E+01   0.000000E+00         1.0960      Sm154
        63            151              0        3.290440E+03   0.000000E+00         0.9764      Eu151
        63            153              0        1.420340E+03   0.000000E+00         0.8093      Eu153
        63            154              0        1.299480E+03   0.000000E+00         0.9996      Eu154
        63            155              0        1.550960E+04   0.000000E+00         0.9993      Eu155
        64            152              0        5.602700E+02   0.000000E+00         0.9594      Gd152
        64            154              0        2.167060E+02   0.000000E+00         2.0253      Gd154
        64            155              0        1.538510E+03   0.000000E+00         0.9997      Gd155
        64            156              0        1.076810E+02   0.000000E+00         0.9970      Gd156
        64            157              0        7.588820E+02   0.000000E+00         0.9998      Gd157
        64            158              0        6.837750E+01   0.000000E+00         1.0471      Gd158
        64            160              0        8.162370E+00   0.000000E+00         1.3672      Gd160
        65            159              0        4.084600E+02   0.000000E+00         0.9517      Tb159
        66            156              0        9.853700E+02   0.000000E+00         1.0264      Dy156
        66            160              0        1.213470E+03   0.000000E+00         1.0815      Dy160
        66            161              0        1.185380E+03   0.000000E+00         1.0986      Dy161
        66            162              0        3.021120E+03   0.000000E+00         1.2856      Dy162
        66            163              0        1.570040E+03   0.000000E+00         0.8010      Dy163
        66            164              0        3.381120E+02   0.000000E+00         0.7029      Dy164
        67            165              0        6.816380E+02   0.000000E+00         1.0601      Ho165
        68            162              0        4.518510E+02   0.000000E+00         0.9414      Er162
        68            164              0        1.685140E+02   0.000000E+00         1.6049      Er164
        68            166              0        9.781560E+01   0.000000E+00         0.8892      Er166
        68            167              0        2.995740E+03   0.000000E+00         1.0036      Er167
        68            168              0        3.726970E+01   0.000000E+00         0.9706      Er168
        68            170              0        4.171910E+01   0.000000E+00         1.0535      Er170
        69            169              0        1.624990E+03   0.000000E+00         1.1153      Tm169
        69            171              0        9.923190E+02   0.000000E+00         8.4095      Tm171
        70            168              0        2.135570E+04   0.000000E+00         1.4966      Yb168
        70            170              0        3.119010E+02   0.000000E+00         1.0061      Yb170
        70            171              0        3.265460E+02   0.000000E+00         1.0269      Yb171
        70            172              0        2.712250E+01   0.000000E+00         1.0849      Yb172
        70            173              0        3.845270E+02   0.000000E+00         1.0119      Yb173
        70            174              0        2.545400E+01   0.000000E+00         0.8900      Yb174
        70            176              0        7.012200E+00   0.000000E+00         0.9606      Yb176
        71            175              0        6.213440E+02   0.000000E+00         1.0022      Lu175
        71            176              0        9.230060E+02   0.000000E+00         0.2495      Lu176
        72            174              0        3.835790E+02   0.000000E+00         0.8535      Hf174
        72            176              0        6.988860E+02   0.000000E+00         1.0070      Hf176
        72            177              0        7.215450E+03   0.000000E+00         1.0003      Hf177
        72            178              0        1.872170E+03   0.000000E+00         1.0006      Hf178
        72            179              0        5.072140E+02   0.000000E+00         0.9680      Hf179
        72            180              0        2.933420E+01   0.000000E+00         0.8836      Hf180
        72            182              0        6.581890E+01   0.000000E+00         0.0113      Hf182
        73            181              0        7.104180E+02   0.000000E+00         1.0478      Ta181
        74            180              0        2.501780E+02   0.000000E+00         0.9995      W180
        74            182              0        6.183650E+02   0.000000E+00         0.9831      W182
        74            183              0        3.607920E+02   0.000000E+00         1.0643      W183
        74            184              0        1.599790E+01   0.000000E+00         1.0883      W184
        74            185              0        2.288510E+02   0.000000E+00         1.9729      W185
        74            186              0        4.760030E+02   0.000000E+00         1.0021      W186
        75            185              0        1.730490E+03   0.000000E+00         0.9951      Re185
        75            187              0        2.945020E+02   0.000000E+00         0.9784      Re187
        76            184              0        1.367060E+03   0.000000E+00         0.8470      Os184
        76            186              0        2.423150E+02   0.000000E+00         0.9540      Os186
        76            187              0        5.419910E+02   0.000000E+00         1.0690      Os187
        76            188              0        1.539470E+02   0.000000E+00         1.0128      Os188
        76            189              0        8.073240E+02   0.000000E+00         1.2232      Os189
        76            190              0        2.498080E+01   0.000000E+00         3.2443      Os190
        76            192              0        1.023020E+01   0.000000E+00         1.3713      Os192
        77            191              0        3.323820E+03   0.000000E+00         0.9363      Ir191
        77            193              0        1.375910E+03   0.000000E+00         0.8786      Ir193
        78            190              0        1.094300E+02   0.000000E+00         1.5199      Pt190
        78            192              0        1.338550E+02   0.000000E+00         1.1344      Pt192
        78            196              0        5.977190E+00   0.000000E+00         1.0750      Pt196
        78            198              0        4.934470E+01   0.000000E+00         0.8612      Pt198
        79            197              0        1.544970E+03   0.000000E+00         0.9969      Au197
        80            196              0        4.199120E+02   0.000000E+00         0.9998      Hg196
        80            198              0        7.445410E+01   0.000000E+00         0.9994      Hg198
        80            199              0        4.385190E+02   0.000000E+00         0.9989      Hg199
        80            200              0        2.568960E+00   0.000000E+00         0.9881      Hg200
        80            201              0        3.342070E+01   0.000000E+00         1.0127      Hg201
        80            202              0        3.205430E+00   0.000000E+00         0.8391      Hg202
        80            204              0        2.719660E+00   0.000000E+00         3.1260      Hg204
        81            203              0        3.995490E+01   0.000000E+00         1.0039      Tl203
        81            205              0        7.326980E-01   0.000000E+00         0.9969      Tl205
        82            204              0        1.837940E+00   0.000000E+00         0.9989      Pb204
        82            206              0        1.083050E-01   0.000000E+00         0.9500      Pb206
        82            207              0        3.977630E-01   0.000000E+00         1.0199      Pb207
        82            208              0        4.051220E-03   0.000000E+00         0.6534      Pb208
        83            209              0        2.023340E-01   0.000000E+00         0.9635      Bi209
        90            232              0        8.432050E+01   0.000000E+00         0.9991      Th232
        92            235              0        1.400120E+02   0.000000E+00         0.9590      U235
        92            238              0        2.752320E+02   0.000000E+00         0.9972      U238
