# header:
#   title: Ig resonance data for jeff4.0
#   source: Resonancetables
#   date: 2025-05-27
# reaction:
#   type: Ig
# quantity:
#   type: resonance data
# datablock:
#   columns: 7
#   entries: 379
##       Z              A            Liso           Value         dValue          Ratio         Nuclide
##      []             []             []            [eV]           [eV]            []             []
         1              1              0        1.493080E-01   0.000000E+00   1.002067E+00      H001                                                                                                    
         1              2              0        2.411960E-04   0.000000E+00   1.048678E+00      H002                                                                                                    
         2              3              0        2.271410E-04   0.000000E+00   6.309472E-01      He003                                                                                                   
         3              6              0        1.732790E-02   0.000000E+00   9.958563E-01      Li006                                                                                                   
         3              7              0        2.043120E-02   0.000000E+00   9.990807E-01      Li007                                                                                                   
         4              9              0        3.985290E-03   0.000000E+00   8.817014E-01      Be009                                                                                                   
         5             10              0        1.780090E-01   0.000000E+00   8.091319E-01      B010                                                                                                    
         5             11              0        2.753700E-03   0.000000E+00   9.834643E-01      B011                                                                                                    
         6             12              0        1.852610E-03   0.000000E+00   9.404112E-01      C012                                                                                                    
         6             13              0        7.574920E-04   0.000000E+00   6.886291E-01      C013                                                                                                    
         7             14              0        3.371640E-02   0.000000E+00   9.975266E-01      N014                                                                                                    
         7             15              0        8.182610E-05   0.000000E+00   6.818842E-01      N015                                                                                                    
         8             16              0        2.163700E-04   0.000000E+00   2.923919E-01      O016                                                                                                    
         8             17              0        2.905170E-04   0.000000E+00   1.117373E-01      O017                                                                                                    
         8             18              0        2.729490E-04   0.000000E+00   3.369741E-01      O018                                                                                                    
         9             19              0        1.939850E-02   0.000000E+00   9.603218E-01      F019                                                                                                    
        10             20              0        1.733040E-02   0.000000E+00   9.791187E-01      Ne020                                                                                                   
        10             21              0        2.972140E-01   0.000000E+00   1.004101E+00      Ne021                                                                                                   
        10             22              0        2.292880E-02   0.000000E+00   1.042218E+00      Ne022                                                                                                   
        11             22              0        6.012150E+00   0.000000E+00   4.696992E-02      Na022                                                                                                   
        11             23              0        3.100740E-01   0.000000E+00   1.023347E+00      Na023                                                                                                   
        13             27              0        1.293430E-01   0.000000E+00   8.033727E-01      Al027                                                                                                   
        14             28              0        8.675790E-02   0.000000E+00   1.032832E+00      Si028                                                                                                   
        14             29              0        7.700340E-02   0.000000E+00   9.277518E-01      Si029                                                                                                   
        14             30              0        8.607840E-02   0.000000E+00   6.831619E-01      Si030                                                                                                   
        15             31              0        8.225840E-02   0.000000E+00   5.875600E-01      P031                                                                                                    
        16             32              0        2.420480E-01   0.000000E+00   9.681920E-01      S032                                                                                                    
        16             33              0        2.322520E-01   0.000000E+00   1.416171E+00      S033                                                                                                    
        16             34              0        1.169920E-01   0.000000E+00   1.158337E+00      S034                                                                                                    
        16             36              0        1.062110E-01   0.000000E+00   2.958524E-01      S036                                                                                                    
        17             35              0        1.791610E+01   0.000000E+00   1.000899E+00      Cl035                                                                                                   
        17             36              0        6.904890E+00   0.000000E+00   1.817076E+00      Cl036                                                                                                   
        17             37              0        2.041280E-01   0.000000E+00   7.063252E-01      Cl037                                                                                                   
        18             36              0        2.362640E+00   0.000000E+00   1.038523E+00      Ar036                                                                                                   
        18             40              0        3.028850E-01   0.000000E+00   7.478642E-01      Ar040                                                                                                   
        19             39              0        1.038470E+00   0.000000E+00   9.440637E-01      K039                                                                                                    
        19             40              0        1.522210E+01   0.000000E+00   1.170931E+00      K040                                                                                                    
        19             41              0        1.434920E+00   0.000000E+00   1.135221E+00      K041                                                                                                    
        20             40              0        2.149110E-01   0.000000E+00   1.008972E+00      Ca040                                                                                                   
        20             42              0        3.760460E-01   0.000000E+00   9.895948E-01      Ca042                                                                                                   
        20             43              0        4.385350E+00   0.000000E+00   7.560948E-01      Ca043                                                                                                   
        20             44              0        4.160280E-01   0.000000E+00   7.429071E-01      Ca044                                                                                                   
        20             46              0        3.761700E-01   0.000000E+00   4.023209E-01      Ca046                                                                                                   
        20             48              0        4.868830E-01   0.000000E+00   9.472432E-01      Ca048                                                                                                   
        21             45              0        1.211040E+01   0.000000E+00   1.071717E+00      Sc045                                                                                                   
        22             46              0        3.567690E-01   0.000000E+00   9.910250E-01      Ti046                                                                                                   
        22             47              0        1.545620E+00   0.000000E+00   1.136485E+00      Ti047                                                                                                   
        22             48              0        3.781000E+00   0.000000E+00   9.976253E-01      Ti048                                                                                                   
        22             49              0        9.673520E-01   0.000000E+00   1.040163E+00      Ti049                                                                                                   
        22             50              0        9.087130E-02   0.000000E+00   7.636243E-01      Ti050                                                                                                   
        23             50              0        5.753690E+01   0.000000E+00   9.704317E-01      V050                                                                                                    
        23             51              0        2.561990E+00   0.000000E+00   9.715548E-01      V051                                                                                                    
        24             50              0        7.724400E+00   0.000000E+00   9.655500E-01      Cr050                                                                                                   
        24             52              0        5.198140E-01   0.000000E+00   1.060845E+00      Cr052                                                                                                   
        24             53              0        9.587320E+00   0.000000E+00   1.141348E+00      Cr053                                                                                                   
        24             54              0        2.101570E-01   0.000000E+00   1.000748E+00      Cr054                                                                                                   
        25             53              0        4.700600E+01   0.000000E+00   1.042262E+00      Mn053                                                                                                   
        25             54              0        1.712820E+01   0.000000E+00   1.007541E+00      Mn054                                                                                                   
        25             55              0        1.352610E+01   0.000000E+00   9.731008E-01      Mn055                                                                                                   
        26             54              0        1.224690E+00   0.000000E+00   1.012140E+00      Fe054                                                                                                   
        26             55              0        6.930370E+00   0.000000E+00   1.155062E+00      Fe055                                                                                                   
        26             56              0        1.351900E+00   0.000000E+00   1.001407E+00      Fe056                                                                                                   
        26             57              0        1.506100E+00   0.000000E+00   1.038690E+00      Fe057                                                                                                   
        26             58              0        1.272940E+00   0.000000E+00   1.010270E+00      Fe058                                                                                                   
        26             59              0        4.221570E+00   0.000000E+00   7.035950E-01      Fe059                                                                                                   
        27             57              0        2.054600E+01   0.000000E+00   1.027300E+00      Co057                                                                                                   
        27             58              0        1.770470E+03   0.000000E+00   2.569623E-01      Co058                                                                                                   
        27             59              0        7.578470E+01   0.000000E+00   1.002443E+00      Co059                                                                                                   
        27             60              0        5.191780E+00   0.000000E+00   1.207391E+00      Co060                                                                                                   
        28             58              0        2.206080E+00   0.000000E+00   1.092119E+00      Ni058                                                                                                   
        28             59              0        1.124250E+02   0.000000E+00   8.852363E-01      Ni059                                                                                                   
        28             60              0        1.230470E+00   0.000000E+00   9.765635E-01      Ni060                                                                                                   
        28             61              0        1.878400E+00   0.000000E+00   7.826666E-01      Ni061                                                                                                   
        28             62              0        7.262500E+00   0.000000E+00   9.948630E-01      Ni062                                                                                                   
        28             63              0        1.826390E+01   0.000000E+00   2.029322E+00      Ni063                                                                                                   
        28             64              0        8.139250E-01   0.000000E+00   7.467202E-01      Ni064                                                                                                   
        29             63              0        5.011520E+00   0.000000E+00   9.509525E-01      Cu063                                                                                                   
        29             65              0        1.640480E+00   0.000000E+00   7.774788E-01      Cu065                                                                                                   
        30             64              0        1.394940E+00   0.000000E+00   9.823521E-01      Zn064                                                                                                   
        30             65              0        1.174370E+02   0.000000E+00   3.914567E+00      Zn065                                                                                                   
        30             66              0        9.500840E-01   0.000000E+00   9.500840E-01      Zn066                                                                                                   
        30             67              0        2.546250E+01   0.000000E+00   1.043545E+00      Zn067                                                                                                   
        30             68              0        3.106480E+00   0.000000E+00   8.875657E-01      Zn068                                                                                                   
        30             70              0        9.493550E-01   0.000000E+00   9.889115E-01      Zn070                                                                                                   
        33             75              0        6.253420E+01   0.000000E+00   1.193401E+00      As075                                                                                                   
        34             74              0        5.679490E+02   0.000000E+00   9.577554E-01      Se074                                                                                                   
        34             76              0        5.915980E+01   0.000000E+00   1.442922E+00      Se076                                                                                                   
        34             77              0        4.091020E+01   0.000000E+00   1.274461E+00      Se077                                                                                                   
        34             78              0        4.606230E+00   0.000000E+00   9.800490E-01      Se078                                                                                                   
        34             80              0        1.159910E+00   0.000000E+00   1.104676E+00      Se080                                                                                                   
        34             82              0        2.180110E-01   0.000000E+00   1.038148E+00      Se082                                                                                                   
        35             79              0        1.326340E+02   0.000000E+00   1.103444E+00      Br079                                                                                                   
        35             81              0        4.670030E+01   0.000000E+00   1.015224E+00      Br081                                                                                                   
        36             78              0        2.499140E+01   0.000000E+00   9.575249E-01      Kr078                                                                                                   
        36             80              0        3.541420E+01   0.000000E+00   6.169721E-01      Kr080                                                                                                   
        36             82              0        1.421150E+02   0.000000E+00   9.109936E-01      Kr082                                                                                                   
        36             83              0        1.707680E+02   0.000000E+00   9.083405E-01      Kr083                                                                                                   
        36             84              0        3.325300E+00   0.000000E+00   1.368436E+00      Kr084                                                                                                   
        36             85              0        2.410780E+00   0.000000E+00   1.339322E+00      Kr085                                                                                                   
        36             86              0        1.640470E-02   0.000000E+00   8.202350E-01      Kr086                                                                                                   
        37             85              0        7.322130E+00   0.000000E+00   9.854819E-01      Rb085                                                                                                   
        37             86              0        2.115270E+02   0.000000E+00   1.175150E+01      Rb086                                                                                                   
        37             87              0        1.857980E+00   0.000000E+00   7.839578E-01      Rb087                                                                                                   
        38             84              0        8.071850E+00   0.000000E+00   8.559756E-01      Sr084                                                                                                   
        38             86              0        5.040340E+00   0.000000E+00   1.034977E+00      Sr086                                                                                                   
        38             87              0        1.076210E+02   0.000000E+00   8.894297E-01      Sr087                                                                                                   
        38             88              0        2.912140E-02   0.000000E+00   7.870649E-01      Sr088                                                                                                   
        38             90              0        1.450880E-01   0.000000E+00   1.395077E+00      Sr090                                                                                                   
        39             89              0        9.575090E-01   0.000000E+00   1.100585E+00      Y089                                                                                                    
        40             90              0        1.601510E-01   0.000000E+00   9.825215E-01      Zr090                                                                                                   
        40             91              0        5.740280E+00   0.000000E+00   9.410295E-01      Zr091                                                                                                   
        40             92              0        4.977610E-01   0.000000E+00   7.213928E-01      Zr092                                                                                                   
        40             93              0        1.755670E+01   0.000000E+00   9.863315E-01      Zr093                                                                                                   
        40             94              0        2.657910E-01   0.000000E+00   9.844111E-01      Zr094                                                                                                   
        40             96              0        5.273670E+00   0.000000E+00   1.016121E+00      Zr096                                                                                                   
        41             93              0        8.967200E+00   0.000000E+00   1.061207E+00      Nb093                                                                                                   
        41             94              0        1.696140E+02   0.000000E+00   1.356912E+00      Nb094                                                                                                   
        41             95              0        7.592790E+01   0.000000E+00   3.796395E-01      Nb095                                                                                                   
        42             92              0        9.203190E-01   0.000000E+00   9.391010E-01      Mo092                                                                                                   
        42             94              0        1.346750E+00   0.000000E+00   9.224315E-01      Mo094                                                                                                   
        42             95              0        1.180730E+02   0.000000E+00   1.124505E+00      Mo095                                                                                                   
        42             96              0        1.823040E+01   0.000000E+00   1.041737E+00      Mo096                                                                                                   
        42             97              0        1.746880E+01   0.000000E+00   9.982171E-01      Mo097                                                                                                   
        42             98              0        6.305700E+00   0.000000E+00   9.099134E-01      Mo098                                                                                                   
        42            100              0        3.332850E+00   0.000000E+00   9.206768E-01      Mo100                                                                                                   
        43             99              0        3.130970E+02   0.000000E+00   8.745726E-01      Tc099                                                                                                   
        44             96              0        1.641400E+00   0.000000E+00   2.695238E-01      Ru096                                                                                                   
        44             99              0        1.799070E+02   0.000000E+00   1.052088E+00      Ru099                                                                                                   
        44            100              0        1.564680E+01   0.000000E+00   1.397036E+00      Ru100                                                                                                   
        44            101              0        1.126470E+02   0.000000E+00   1.014838E+00      Ru101                                                                                                   
        44            102              0        5.216360E+00   0.000000E+00   1.247933E+00      Ru102                                                                                                   
        44            103              0        5.076780E+01   0.000000E+00   1.080166E+00      Ru103                                                                                                   
        44            104              0        6.841210E+00   0.000000E+00   1.060653E+00      Ru104                                                                                                   
        44            106              0        4.090180E+00   0.000000E+00   2.045090E+00      Ru106                                                                                                   
        45            103              0        9.671900E+02   0.000000E+00   8.403041E-01      Rh103                                                                                                   
        45            105              0        1.408630E+04   0.000000E+00   8.286059E-01      Rh105                                                                                                   
        46            102              0        2.184430E+01   0.000000E+00   9.497522E-01      Pd102                                                                                                   
        46            104              0        2.102280E+01   0.000000E+00   9.963412E-01      Pd104                                                                                                   
        46            105              0        9.832060E+01   0.000000E+00   1.024173E+00      Pd105                                                                                                   
        46            106              0        8.330260E+00   0.000000E+00   1.110701E+00      Pd106                                                                                                   
        46            107              0        1.157850E+02   0.000000E+00   1.033795E+00      Pd107                                                                                                   
        46            108              0        1.733700E+02   0.000000E+00   7.306557E-01      Pd108                                                                                                   
        46            110              0        2.913040E+00   0.000000E+00   9.710133E-01      Pd110                                                                                                   
        47            107              0        9.884130E+01   0.000000E+00   1.050944E+00      Ag107                                                                                                   
        47            109              0        1.519800E+03   0.000000E+00   1.131646E+00      Ag109                                                                                                   
        47            110              1        8.072710E+01   0.000000E+00   1.253526E+00      Ag110m                                                                                                  
        47            111              0        1.657760E+02   0.000000E+00   1.578819E+00      Ag111                                                                                                   
        48            106              0        7.803440E+00   0.000000E+00   1.352182E+00      Cd106                                                                                                   
        48            108              0        1.959330E+01   0.000000E+00   1.197634E+00      Cd108                                                                                                   
        48            109              0        1.693840E+03   0.000000E+00   2.528119E-01      Cd109                                                                                                   
        48            110              0        3.323630E+01   0.000000E+00   1.006002E+00      Cd110                                                                                                   
        48            111              0        4.950080E+01   0.000000E+00   9.926764E-01      Cd111                                                                                                   
        48            112              0        1.325810E+01   0.000000E+00   1.023002E+00      Cd112                                                                                                   
        48            113              0        3.840320E+02   0.000000E+00   9.602240E-01      Cd113                                                                                                   
        48            114              0        1.235210E+01   0.000000E+00   1.000494E+00      Cd114                                                                                                   
        48            116              0        1.798650E+00   0.000000E+00   1.013895E+00      Cd116                                                                                                   
        49            113              0        3.274250E+02   0.000000E+00   9.832582E-01      In113                                                                                                   
        49            115              0        3.208470E+03   0.000000E+00   9.722636E-01      In115                                                                                                   
        50            112              0        2.999130E+01   0.000000E+00   1.145143E+00      Sn112                                                                                                   
        50            113              0        2.381090E+02   0.000000E+00   1.044338E+00      Sn113                                                                                                   
        50            114              0        7.352560E+00   0.000000E+00   9.426359E-01      Sn114                                                                                                   
        50            115              0        2.468680E+01   0.000000E+00   1.175562E+00      Sn115                                                                                                   
        50            116              0        1.232190E+01   0.000000E+00   1.001781E+00      Sn116                                                                                                   
        50            117              0        1.803020E+01   0.000000E+00   1.024443E+00      Sn117                                                                                                   
        50            118              0        3.867950E+00   0.000000E+00   9.669875E-01      Sn118                                                                                                   
        50            119              0        7.238860E+00   0.000000E+00   1.292654E+00      Sn119                                                                                                   
        50            120              0        1.108210E+00   0.000000E+00   9.721140E-01      Sn120                                                                                                   
        50            122              0        5.851140E-01   0.000000E+00   6.965643E-01      Sn122                                                                                                   
        50            124              0        8.219310E+00   0.000000E+00   1.027414E+00      Sn124                                                                                                   
        51            121              0        2.066750E+02   0.000000E+00   9.918655E-01      Sb121                                                                                                   
        51            123              0        1.279070E+02   0.000000E+00   1.090798E+00      Sb123                                                                                                   
        52            120              0        8.765000E+01   0.000000E+00   8.765000E+01      Te120                                                                                                   
        52            122              0        8.957040E+01   0.000000E+00   1.133803E+00      Te122                                                                                                   
        52            123              0        5.252670E+03   0.000000E+00   9.309943E-01      Te123                                                                                                   
        52            124              0        5.476810E+00   0.000000E+00   1.033360E+00      Te124                                                                                                   
        52            125              0        2.304510E+01   0.000000E+00   1.033413E+00      Te125                                                                                                   
        52            126              0        7.672620E+00   0.000000E+00   9.590775E-01      Te126                                                                                                   
        52            128              0        1.310350E+00   0.000000E+00   9.706296E-01      Te128                                                                                                   
        52            130              0        4.868020E-01   0.000000E+00   1.159052E+00      Te130                                                                                                   
        53            126              0        5.684840E+03   0.000000E+00   1.400207E-01      I126                                                                                                    
        53            127              0        1.666320E+02   0.000000E+00   1.244730E+00      I127                                                                                                    
        53            129              0        2.958640E+01   0.000000E+00   8.753372E-01      I129                                                                                                    
        54            124              0        3.111850E+03   0.000000E+00   8.644028E-01      Xe124                                                                                                   
        54            126              0        2.926140E+01   0.000000E+00   4.796951E-01      Xe126                                                                                                   
        54            128              0        1.082190E+01   0.000000E+00   8.521181E-01      Xe128                                                                                                   
        54            129              0        2.661130E+02   0.000000E+00   1.023512E+00      Xe129                                                                                                   
        54            130              0        4.464780E+00   0.000000E+00   9.111795E-01      Xe130                                                                                                   
        54            131              0        8.830570E+02   0.000000E+00   1.000065E+00      Xe131                                                                                                   
        54            132              0        5.439150E+00   0.000000E+00   1.087830E+00      Xe132                                                                                                   
        54            134              0        8.582610E-01   0.000000E+00   2.258582E+00      Xe134                                                                                                   
        54            136              0        7.518290E-01   0.000000E+00   1.015985E+00      Xe136                                                                                                   
        55            133              0        4.056830E+02   0.000000E+00   1.114514E+00      Cs133                                                                                                   
        55            134              0        1.933720E+02   0.000000E+00   1.841638E+00      Cs134                                                                                                   
        55            135              0        4.202860E+01   0.000000E+00   1.103113E+00      Cs135                                                                                                   
        56            130              0        1.783990E+02   0.000000E+00   1.056240E+00      Ba130                                                                                                   
        56            132              0        5.808840E+01   0.000000E+00   1.075711E+00      Ba132                                                                                                   
        56            133              0        1.818540E+02   0.000000E+00   1.715604E+00      Ba133                                                                                                   
        56            134              0        2.190790E+01   0.000000E+00   9.958136E-01      Ba134                                                                                                   
        56            135              0        1.001430E+02   0.000000E+00   9.722621E-01      Ba135                                                                                                   
        56            136              0        1.807150E+00   0.000000E+00   9.663904E-01      Ba136                                                                                                   
        56            137              0        4.462120E+00   0.000000E+00   1.274891E+00      Ba137                                                                                                   
        56            138              0        2.888920E-01   0.000000E+00   8.024778E-01      Ba138                                                                                                   
        56            140              0        9.537300E-01   0.000000E+00   7.012720E-02      Ba140                                                                                                   
        57            138              0        4.830730E+02   0.000000E+00   1.181108E+00      La138                                                                                                   
        57            139              0        1.129480E+01   0.000000E+00   9.804513E-01      La139                                                                                                   
        57            140              0        1.164180E+02   0.000000E+00   1.687217E+00      La140                                                                                                   
        58            136              0        8.493720E+01   0.000000E+00   1.230974E+00      Ce136                                                                                                   
        58            138              0        1.751580E+01   0.000000E+00   1.652434E+00      Ce138                                                                                                   
        58            140              0        2.940720E-01   0.000000E+00   6.126500E-01      Ce140                                                                                                   
        58            141              0        1.587090E+02   0.000000E+00   9.981698E-01      Ce141                                                                                                   
        58            142              0        9.189940E-01   0.000000E+00   7.854650E-01      Ce142                                                                                                   
        58            143              0        8.641920E+00   0.000000E+00   3.200711E+00      Ce143                                                                                                   
        58            144              0        4.536130E+00   0.000000E+00   1.744665E+00      Ce144                                                                                                   
        59            141              0        1.701270E+01   0.000000E+00   1.069981E+00      Pr141                                                                                                   
        59            143              0        1.678180E+02   0.000000E+00   8.832526E-01      Pr143                                                                                                   
        60            142              0        6.202500E+00   0.000000E+00   1.000403E+00      Nd142                                                                                                   
        60            143              0        1.307890E+02   0.000000E+00   9.983893E-01      Nd143                                                                                                   
        60            144              0        5.459090E+00   0.000000E+00   1.213131E+00      Nd144                                                                                                   
        60            145              0        2.268680E+02   0.000000E+00   1.012804E+00      Nd145                                                                                                   
        60            146              0        3.273660E+00   0.000000E+00   1.259100E+00      Nd146                                                                                                   
        60            147              0        5.394860E+02   0.000000E+00   1.027592E+00      Nd147                                                                                                   
        60            148              0        1.511590E+01   0.000000E+00   1.206377E+00      Nd148                                                                                                   
        60            150              0        1.444490E+01   0.000000E+00   9.503223E-01      Nd150                                                                                                   
        61            147              0        2.119750E+03   0.000000E+00   9.613379E-01      Pm147                                                                                                   
        61            148              0        1.780210E+03   0.000000E+00   6.846961E-01      Pm148                                                                                                   
        61            148              1        2.345710E+03   0.000000E+00   6.515861E-01      Pm148m                                                                                                  
        62            144              0        2.226620E+00   0.000000E+00   9.355546E-01      Sm144                                                                                                   
        62            145              0        3.438530E+03   0.000000E+00   5.730884E+00      Sm145                                                                                                   
        62            147              0        7.808170E+02   0.000000E+00   1.003621E+00      Sm147                                                                                                   
        62            148              0        4.102020E+01   0.000000E+00   1.519267E+00      Sm148                                                                                                   
        62            149              0        3.439200E+03   0.000000E+00   1.001806E+00      Sm149                                                                                                   
        62            150              0        3.703710E+02   0.000000E+00   1.112225E+00      Sm150                                                                                                   
        62            151              0        3.328520E+03   0.000000E+00   9.678744E-01      Sm151                                                                                                   
        62            152              0        2.978120E+03   0.000000E+00   1.000376E+00      Sm152                                                                                                   
        62            154              0        3.669550E+01   0.000000E+00   1.106286E+00      Sm154                                                                                                   
        63            151              0        3.765510E+03   0.000000E+00   1.117362E+00      Eu151                                                                                                   
        63            152              0        4.111760E+03   0.000000E+00   1.781525E+00      Eu152                                                                                                   
        63            153              0        1.552890E+03   0.000000E+00   8.848376E-01      Eu153                                                                                                   
        63            154              0        1.815900E+03   0.000000E+00   1.396846E+00      Eu154                                                                                                   
        63            155              0        1.627900E+04   0.000000E+00   1.048905E+00      Eu155                                                                                                   
        64            152              0        5.491230E+02   0.000000E+00   9.402791E-01      Gd152                                                                                                   
        64            153              0        3.560570E+02   0.000000E+00   1.194822E+00      Gd153                                                                                                   
        64            154              0        2.284340E+02   0.000000E+00   2.134897E+00      Gd154                                                                                                   
        64            155              0        1.566830E+03   0.000000E+00   1.018083E+00      Gd155                                                                                                   
        64            156              0        1.041100E+02   0.000000E+00   9.639815E-01      Gd156                                                                                                   
        64            157              0        8.146630E+02   0.000000E+00   1.073337E+00      Gd157                                                                                                   
        64            158              0        6.929730E+01   0.000000E+00   1.061214E+00      Gd158                                                                                                   
        64            160              0        7.333640E+00   0.000000E+00   1.228415E+00      Gd160                                                                                                   
        65            159              0        4.069280E+02   0.000000E+00   9.481081E-01      Tb159                                                                                                   
        65            160              0        5.619730E+03   0.000000E+00   1.616258E+00      Tb160                                                                                                   
        66            156              0        1.025830E+03   0.000000E+00   1.068573E+00      Dy156                                                                                                   
        66            158              0        1.984800E+02   0.000000E+00   1.654000E+00      Dy158                                                                                                   
        66            160              0        1.107970E+03   0.000000E+00   9.874955E-01      Dy160                                                                                                   
        66            161              0        1.084710E+03   0.000000E+00   1.005292E+00      Dy161                                                                                                   
        66            162              0        2.740980E+03   0.000000E+00   1.166374E+00      Dy162                                                                                                   
        66            163              0        1.493110E+03   0.000000E+00   7.617908E-01      Dy163                                                                                                   
        66            164              0        3.425490E+02   0.000000E+00   7.121601E-01      Dy164                                                                                                   
        67            165              0        6.889530E+02   0.000000E+00   1.071467E+00      Ho165                                                                                                   
        67            166              1        1.045950E+03   0.000000E+00   1.544978E+00      Ho166m                                                                                                  
        68            162              0        3.984890E+02   0.000000E+00   8.301855E-01      Er162                                                                                                   
        68            164              0        1.211150E+02   0.000000E+00   1.153476E+00      Er164                                                                                                   
        68            166              0        1.117850E+02   0.000000E+00   1.016227E+00      Er166                                                                                                   
        68            167              0        2.996670E+03   0.000000E+00   1.003909E+00      Er167                                                                                                   
        68            168              0        3.849690E+01   0.000000E+00   1.002523E+00      Er168                                                                                                   
        68            170              0        4.408000E+01   0.000000E+00   1.113131E+00      Er170                                                                                                   
        69            169              0        1.627390E+03   0.000000E+00   1.116946E+00      Tm169                                                                                                   
        69            170              0        6.178880E+02   0.000000E+00   1.212734E+00      Tm170                                                                                                   
        69            171              0        4.033890E+02   0.000000E+00   3.418551E+00      Tm171                                                                                                   
        70            168              0        1.480100E+04   0.000000E+00   1.037284E+00      Yb168                                                                                                   
        70            169              0        2.784350E+03   0.000000E+00   5.354519E-01      Yb169                                                                                                   
        70            170              0        3.151740E+02   0.000000E+00   1.016690E+00      Yb170                                                                                                   
        70            171              0        3.275270E+02   0.000000E+00   1.029959E+00      Yb171                                                                                                   
        70            172              0        2.690660E+01   0.000000E+00   1.076264E+00      Yb172                                                                                                   
        70            173              0        3.860840E+02   0.000000E+00   1.016011E+00      Yb173                                                                                                   
        70            174              0        2.584330E+01   0.000000E+00   9.036119E-01      Yb174                                                                                                   
        70            176              0        6.368480E+00   0.000000E+00   8.723945E-01      Yb176                                                                                                   
        71            173              0        1.662560E+03   0.000000E+00   1.325805E+00      Lu173                                                                                                   
        71            175              0        6.743080E+02   0.000000E+00   1.087594E+00      Lu175                                                                                                   
        71            176              0        9.315610E+02   0.000000E+00   2.518413E-01      Lu176                                                                                                   
        71            177              0        3.281590E+03   0.000000E+00   2.343993E+03      Lu177                                                                                                   
        72            174              0        4.503320E+02   0.000000E+00   1.002074E+00      Hf174                                                                                                   
        72            176              0        6.338340E+02   0.000000E+00   9.133055E-01      Hf176                                                                                                   
        72            177              0        7.167620E+03   0.000000E+00   9.937086E-01      Hf177                                                                                                   
        72            178              0        1.798450E+03   0.000000E+00   9.612239E-01      Hf178                                                                                                   
        72            179              0        5.313000E+02   0.000000E+00   1.013931E+00      Hf179                                                                                                   
        72            180              0        3.708050E+01   0.000000E+00   1.116883E+00      Hf180                                                                                                   
        72            182              0        1.186540E+03   0.000000E+00   2.028274E-01      Hf182                                                                                                   
        73            179              0        1.112310E+04   0.000000E+00   9.147285E+00      Ta179                                                                                                   
        73            180              1        1.546310E+03   0.000000E+00   1.148819E+00      Ta180m                                                                                                  
        73            181              0        7.104180E+02   0.000000E+00   1.047814E+00      Ta181                                                                                                   
        73            182              0        1.173220E+03   0.000000E+00   1.109953E+00      Ta182                                                                                                   
        74            180              0        2.501780E+02   0.000000E+00   9.995126E-01      W180                                                                                                    
        74            182              0        6.183650E+02   0.000000E+00   9.830922E-01      W182                                                                                                    
        74            183              0        3.607920E+02   0.000000E+00   1.064283E+00      W183                                                                                                    
        74            184              0        1.599790E+01   0.000000E+00   1.088292E+00      W184                                                                                                    
        74            185              0        1.996650E+02   0.000000E+00   1.721250E+00      W185                                                                                                    
        74            186              0        4.760030E+02   0.000000E+00   1.002112E+00      W186                                                                                                    
        75            185              0        1.737940E+03   0.000000E+00   9.993904E-01      Re185                                                                                                   
        75            187              0        3.028610E+02   0.000000E+00   1.006183E+00      Re187                                                                                                   
        76            184              0        7.519930E+02   0.000000E+00   4.659188E-01      Os184                                                                                                   
        76            186              0        1.992630E+02   0.000000E+00   7.845000E-01      Os186                                                                                                   
        76            187              0        3.045150E+02   0.000000E+00   6.006213E-01      Os187                                                                                                   
        76            188              0        1.073380E+02   0.000000E+00   7.061710E-01      Os188                                                                                                   
        76            189              0        7.781740E+02   0.000000E+00   1.179052E+00      Os189                                                                                                   
        76            190              0        3.534460E+01   0.000000E+00   4.590208E+00      Os190                                                                                                   
        76            191              0        8.025450E+03   0.000000E+00   4.720853E+01      Os191                                                                                                   
        76            192              0        6.192630E+00   0.000000E+00   8.301112E-01      Os192                                                                                                   
        77            191              0        3.322290E+03   0.000000E+00   9.358563E-01      Ir191                                                                                                   
        77            192              0        1.063600E+04   0.000000E+00   3.119061E+00      Ir192                                                                                                   
        77            193              0        1.368750E+03   0.000000E+00   8.740422E-01      Ir193                                                                                                   
        78            190              0        1.313710E+02   0.000000E+00   1.824597E+00      Pt190                                                                                                   
        78            192              0        1.353900E+02   0.000000E+00   1.147373E+00      Pt192                                                                                                   
        78            194              0        7.589750E+00   0.000000E+00   1.897437E+00      Pt194                                                                                                   
        78            195              0        3.750510E+02   0.000000E+00   1.021937E+00      Pt195                                                                                                   
        78            196              0        5.694160E+00   0.000000E+00   1.024130E+00      Pt196                                                                                                   
        78            198              0        4.905650E+01   0.000000E+00   8.561344E-01      Pt198                                                                                                   
        79            197              0        1.545130E+03   0.000000E+00   9.969867E-01      Au197                                                                                                   
        80            196              0        4.254490E+02   0.000000E+00   1.012974E+00      Hg196                                                                                                   
        80            198              0        7.561010E+01   0.000000E+00   1.014901E+00      Hg198                                                                                                   
        80            199              0        4.393380E+02   0.000000E+00   1.000770E+00      Hg199                                                                                                   
        80            200              0        2.796180E+00   0.000000E+00   1.075454E+00      Hg200                                                                                                   
        80            202              0        3.028600E+00   0.000000E+00   7.928272E-01      Hg202                                                                                                   
        80            204              0        4.113570E-01   0.000000E+00   4.728241E-01      Hg204                                                                                                   
        81            203              0        3.999520E+01   0.000000E+00   1.004905E+00      Tl203                                                                                                   
        81            204              0        1.068060E+02   0.000000E+00   1.136234E+00      Tl204                                                                                                   
        81            205              0        7.381020E-01   0.000000E+00   1.004220E+00      Tl205                                                                                                   
        82            204              0        2.361500E+00   0.000000E+00   1.283424E+00      Pb204                                                                                                   
        82            205              0        1.804740E+01   0.000000E+00   9.023700E+00      Pb205                                                                                                   
        82            206              0        1.116510E-01   0.000000E+00   9.793948E-01      Pb206                                                                                                   
        82            207              0        3.529950E-01   0.000000E+00   9.051154E-01      Pb207                                                                                                   
        82            208              0        2.650340E-03   0.000000E+00   4.274742E-01      Pb208                                                                                                   
        83            209              0        1.683620E-01   0.000000E+00   8.017238E-01      Bi209                                                                                                   
        83            210              0        8.550390E-01   0.000000E+00   4.275195E+00      Bi210                                                                                                   
        83            210              1        3.521610E+00   0.000000E+00   1.760805E+01      Bi210m                                                                                                  
        88            226              0        2.914570E+02   0.000000E+00   1.032437E+00      Ra226                                                                                                   
        89            227              0        7.642230E+02   0.000000E+00   4.603753E-01      Ac227                                                                                                   
        90            228              0        6.202040E+02   0.000000E+00   5.522742E-01      Th228                                                                                                   
        90            229              0        1.077420E+03   0.000000E+00   8.205789E-01      Th229                                                                                                   
        90            230              0        9.774030E+02   0.000000E+00   9.842930E-01      Th230                                                                                                   
        90            232              0        8.439050E+01   0.000000E+00   9.998875E-01      Th232                                                                                                   
        91            231              0        5.366100E+02   0.000000E+00   1.022114E+00      Pa231                                                                                                   
        91            232              0        1.653310E+02   0.000000E+00   1.413085E+00      Pa232                                                                                                   
        91            233              0        8.377690E+02   0.000000E+00   9.741500E-01      Pa233                                                                                                   
        92            232              0        1.728390E+02   0.000000E+00   6.172822E-01      U232                                                                                                    
        92            233              0        1.396980E+02   0.000000E+00   1.012304E+00      U233                                                                                                    
        92            234              0        6.094360E+02   0.000000E+00   4.062906E+00      U234                                                                                                    
        92            235              0        1.437130E+02   0.000000E+00   9.843356E-01      U235                                                                                                    
        92            236              0        3.657880E+02   0.000000E+00   1.045109E+00      U236                                                                                                    
        92            237              0        1.087110E+03   0.000000E+00   9.059250E-01      U237                                                                                                    
        92            238              0        2.772590E+02   0.000000E+00   1.004562E+00      U238                                                                                                    
        93            236              0        1.002890E+02   0.000000E+00   7.412343E-02      Np236                                                                                                   
        93            237              0        6.724170E+02   0.000000E+00   1.031314E+00      Np237                                                                                                   
        93            238              0        1.816840E+02   0.000000E+00   9.039005E-01      Np238                                                                                                   
        94            236              0        2.479060E+02   0.000000E+00   9.996210E-01      Pu236                                                                                                   
        94            238              0        1.455290E+02   0.000000E+00   9.967740E-01      Pu238                                                                                                   
        94            239              0        1.741920E+02   0.000000E+00   9.677333E-01      Pu239                                                                                                   
        94            240              0        8.831340E+03   0.000000E+00   1.041677E+00      Pu240                                                                                                   
        94            241              0        1.710970E+02   0.000000E+00   9.349563E-01      Pu241                                                                                                   
        94            242              0        1.164940E+03   0.000000E+00   8.961077E+00      Pu242                                                                                                   
        94            244              0        4.573100E+01   0.000000E+00   9.146200E-01      Pu244                                                                                                   
        95            241              0        1.828970E+03   0.000000E+00   1.283488E+00      Am241                                                                                                   
        95            242              1        2.361750E+02   0.000000E+00   9.869411E-01      Am242m                                                                                                  
        95            243              0        1.905180E+03   0.000000E+00   1.046802E+00      Am243                                                                                                   
        96            242              0        1.326710E+02   0.000000E+00   1.206100E+00      Cm242                                                                                                   
        96            243              0        2.055990E+02   0.000000E+00   1.117386E+00      Cm243                                                                                                   
        96            244              0        6.256580E+02   0.000000E+00   9.552031E-01      Cm244                                                                                                   
        96            245              0        1.081390E+02   0.000000E+00   1.060186E+00      Cm245                                                                                                   
        96            246              0        1.134370E+02   0.000000E+00   9.374958E-01      Cm246                                                                                                   
        96            247              0        5.031500E+02   0.000000E+00   9.493396E-01      Cm247                                                                                                   
        96            248              0        2.666210E+02   0.000000E+00   9.874852E-01      Cm248                                                                                                   
        97            249              0        1.132570E+03   0.000000E+00   1.016670E+00      Bk249                                                                                                   
        98            249              0        6.957940E+02   0.000000E+00   9.095346E-01      Cf249                                                                                                   
        98            250              0        1.190240E+04   0.000000E+00   1.000202E+00      Cf250                                                                                                   
        98            251              0        5.183660E+02   0.000000E+00   3.239788E-01      Cf251                                                                                                   
        98            252              0        4.461140E+01   0.000000E+00   1.025549E+00      Cf252                                                                                                   
        98            253              0        6.574010E+02   0.000000E+00   5.056931E+01      Cf253                                                                                                   
        98            254              0        3.718940E+01   0.000000E+00   1.328193E+00      Cf254                                                                                                   
        99            253              0        3.820270E+03   0.000000E+00   9.886827E-01      Es253                                                                                                   
        99            254              0        6.823560E+02   0.000000E+00   5.686300E-01      Es254                                                                                                   
