# header:
#   title: Ig resonance data for jendl5.0
#   source: Resonancetables
#   date: 2025-07-13
# reaction:
#   type: Ig
# quantity:
#   type: resonance data
# datablock:
#   columns: 7
#   entries: 386
##       Z              A            Liso           Value         dValue          Ratio         Nuclide
##      []             []             []            [eV]           [eV]            []             [%]
         1              1              0        1.493080E-01   0.000000E+00         1.0021      H001
         1              2              0        2.642410E-04   0.000000E+00         1.1489      H002
         2              3              0        1.517360E-04   0.000000E+00         0.4215      He003
         3              6              0        1.733450E-02   0.000000E+00         0.9962      Li006
         3              7              0        2.042330E-02   0.000000E+00         0.9987      Li007
         4              9              0        3.819240E-03   0.000000E+00         0.8450      Be009
         5             10              0        2.249260E-01   0.000000E+00         1.0224      B010
         5             11              0        2.537760E-03   0.000000E+00         0.9063      B011
         6             12              0        1.885420E-03   0.000000E+00         0.9571      C012
         6             13              0        8.573040E-04   0.000000E+00         0.7794      C013
         7             14              0        3.377740E-02   0.000000E+00         0.9993      N014
         7             15              0        6.834180E-05   0.000000E+00         0.5695      N015
         8             16              0        5.123940E-04   0.000000E+00         0.6924      O016
         8             17              0        4.340490E-04   0.000000E+00         0.1669      O017
         8             18              0        5.452730E-04   0.000000E+00         0.6732      O018
         9             19              0        1.939630E-02   0.000000E+00         0.9602      F019
        10             20              0        1.836920E-02   0.000000E+00         1.0378      Ne020
        10             21              0        3.105300E-01   0.000000E+00         1.0491      Ne021
        10             22              0        2.337140E-02   0.000000E+00         1.0623      Ne022
        11             22              0        3.350030E+01   0.000000E+00         0.2617      Na022
        11             23              0        2.944200E-01   0.000000E+00         0.9717      Na023
        12             24              0        3.090270E-02   0.000000E+00         0.9969      Mg024
        12             25              0        9.846620E-02   0.000000E+00         0.9946      Mg025
        12             26              0        1.864720E-02   0.000000E+00         0.7770      Mg026
        13             27              0        1.223050E-01   0.000000E+00         0.7597      Al027
        14             28              0        8.371320E-02   0.000000E+00         0.9966      Si028
        14             29              0        8.312170E-02   0.000000E+00         1.0015      Si029
        14             30              0        5.818260E-01   0.000000E+00         4.6177      Si030
        15             31              0        7.994560E-02   0.000000E+00         0.5710      P031
        16             32              0        2.492610E-01   0.000000E+00         0.9970      S032
        16             33              0        1.638050E-01   0.000000E+00         0.9988      S033
        16             34              0        1.004200E-01   0.000000E+00         0.9943      S034
        16             36              0        1.206200E-01   0.000000E+00         0.3360      S036
        17             35              0        1.791640E+01   0.000000E+00         1.0009      Cl035
        17             36              0        4.768130E+00   0.000000E+00         1.2548      Cl036
        17             37              0        2.041340E-01   0.000000E+00         0.7063      Cl037
        18             36              0        2.360260E+00   0.000000E+00         1.0375      Ar036
        18             40              0        2.923550E-01   0.000000E+00         0.7219      Ar040
        19             39              0        9.968380E-01   0.000000E+00         0.9062      K039
        19             40              0        4.020040E+01   0.000000E+00         3.0923      K040
        19             41              0        9.685950E-01   0.000000E+00         0.7663      K041
        20             40              0        2.112360E-01   0.000000E+00         0.9917      Ca040
        20             42              0        3.748850E-01   0.000000E+00         0.9865      Ca042
        20             43              0        4.307090E+00   0.000000E+00         0.7426      Ca043
        20             44              0        4.236640E-01   0.000000E+00         0.7565      Ca044
        20             46              0        3.643540E-01   0.000000E+00         0.3897      Ca046
        20             48              0        4.840180E-01   0.000000E+00         0.9417      Ca048
        21             45              0        1.183160E+01   0.000000E+00         1.0470      Sc045
        22             46              0        3.638030E-01   0.000000E+00         1.0106      Ti046
        22             47              0        1.343790E+00   0.000000E+00         0.9881      Ti047
        22             48              0        3.781330E+00   0.000000E+00         0.9977      Ti048
        22             49              0        9.229650E-01   0.000000E+00         0.9924      Ti049
        22             50              0        8.813740E-02   0.000000E+00         0.7407      Ti050
        23             50              0        5.927390E+01   0.000000E+00         0.9997      V050
        23             51              0        2.558070E+00   0.000000E+00         0.9701      V051
        24             50              0        7.239150E+00   0.000000E+00         0.9049      Cr050
        24             52              0        4.923240E-01   0.000000E+00         1.0047      Cr052
        24             53              0        8.564700E+00   0.000000E+00         1.0196      Cr053
        24             54              0        2.091490E-01   0.000000E+00         0.9959      Cr054
        25             53              0        3.446830E+01   0.000000E+00         0.7643      Mn053
        25             54              0        1.970240E+01   0.000000E+00         1.1590      Mn054
        25             55              0        1.424260E+01   0.000000E+00         1.0246      Mn055
        26             54              0        1.211330E+00   0.000000E+00         1.0011      Fe054
        26             55              0        7.601670E+01   0.000000E+00        12.6694      Fe055
        26             56              0        1.353910E+00   0.000000E+00         1.0029      Fe056
        26             57              0        1.505520E+00   0.000000E+00         1.0383      Fe057
        26             58              0        1.272020E+00   0.000000E+00         1.0095      Fe058
        26             59              0        6.528340E-01   0.000000E+00         0.1088      Fe059
        27             57              0        2.392680E+01   0.000000E+00         1.1963      Co057
        27             58              0        8.096250E+02   0.000000E+00         0.1175      Co058
        27             59              0        7.583500E+01   0.000000E+00         1.0031      Co059
        27             60              0        3.205900E+00   0.000000E+00         0.7456      Co060
        28             58              0        2.019500E+00   0.000000E+00         0.9998      Ni058
        28             59              0        1.199390E+02   0.000000E+00         0.9444      Ni059
        28             60              0        1.258540E+00   0.000000E+00         0.9988      Ni060
        28             61              0        2.413160E+00   0.000000E+00         1.0055      Ni061
        28             62              0        7.273740E+00   0.000000E+00         0.9964      Ni062
        28             63              0        3.885130E+01   0.000000E+00         4.3168      Ni063
        28             64              0        8.145890E-01   0.000000E+00         0.7473      Ni064
        29             63              0        4.965650E+00   0.000000E+00         0.9422      Cu063
        29             65              0        2.004550E+00   0.000000E+00         0.9500      Cu065
        30             64              0        1.419040E+00   0.000000E+00         0.9993      Zn064
        30             65              0        4.409140E+01   0.000000E+00         1.4697      Zn065
        30             66              0        9.569770E-01   0.000000E+00         0.9570      Zn066
        30             67              0        2.435770E+01   0.000000E+00         0.9983      Zn067
        30             68              0        3.088300E+00   0.000000E+00         0.8824      Zn068
        30             70              0        1.051930E-01   0.000000E+00         0.1096      Zn070
        31             69              0        1.810160E+01   0.000000E+00         1.1174      Ga069
        31             71              0        3.249200E+01   0.000000E+00         1.0059      Ga071
        32             70              0        2.602070E+00   0.000000E+00         0.9970      Ge070
        32             72              0        8.975500E-01   0.000000E+00         0.9973      Ge072
        32             73              0        6.293760E+01   0.000000E+00         0.9990      Ge073
        32             74              0        6.436910E-01   0.000000E+00         0.8470      Ge074
        32             76              0        1.346850E+00   0.000000E+00         0.7241      Ge076
        33             75              0        6.372070E+01   0.000000E+00         1.2160      As075
        34             74              0        5.802190E+02   0.000000E+00         0.9784      Se074
        34             76              0        4.129090E+01   0.000000E+00         1.0071      Se076
        34             77              0        3.124890E+01   0.000000E+00         0.9735      Se077
        34             78              0        4.694170E+00   0.000000E+00         0.9988      Se078
        34             80              0        9.567050E-01   0.000000E+00         0.9111      Se080
        34             82              0        7.084450E-01   0.000000E+00         3.3735      Se082
        35             79              0        1.290290E+02   0.000000E+00         1.0735      Br079
        35             81              0        4.661330E+01   0.000000E+00         1.0133      Br081
        36             78              0        2.631200E+01   0.000000E+00         1.0081      Kr078
        36             80              0        6.033370E+01   0.000000E+00         1.0511      Kr080
        36             82              0        2.242950E+02   0.000000E+00         1.4378      Kr082
        36             83              0        1.538780E+02   0.000000E+00         0.8185      Kr083
        36             84              0        2.381440E+00   0.000000E+00         0.9800      Kr084
        36             85              0        3.493260E+00   0.000000E+00         1.9407      Kr085
        36             86              0        2.204120E-02   0.000000E+00         1.1021      Kr086
        37             85              0        8.742620E+00   0.000000E+00         1.1767      Rb085
        37             86              0        2.460250E+01   0.000000E+00         1.3668      Rb086
        37             87              0        2.718190E+00   0.000000E+00         1.1469      Rb087
        38             84              0        1.147930E+01   0.000000E+00         1.2173      Sr084
        38             86              0        4.782420E+00   0.000000E+00         0.9820      Sr086
        38             87              0        1.213910E+02   0.000000E+00         1.0032      Sr087
        38             88              0        2.926590E-02   0.000000E+00         0.7910      Sr088
        38             90              0        4.254690E-02   0.000000E+00         0.4091      Sr090
        39             89              0        9.496650E-01   0.000000E+00         1.0916      Y089
        40             90              0        1.569150E-01   0.000000E+00         0.9627      Zr090
        40             91              0        5.750730E+00   0.000000E+00         0.9427      Zr091
        40             92              0        5.041430E-01   0.000000E+00         0.7306      Zr092
        40             93              0        1.757290E+01   0.000000E+00         0.9872      Zr093
        40             94              0        2.802820E-01   0.000000E+00         1.0381      Zr094
        40             96              0        5.355850E+00   0.000000E+00         1.0320      Zr096
        41             93              0        1.071810E+01   0.000000E+00         1.2684      Nb093
        41             95              0        4.485960E+01   0.000000E+00         0.2243      Nb095
        42             92              0        9.575540E-01   0.000000E+00         0.9771      Mo092
        42             94              0        1.461220E+00   0.000000E+00         1.0008      Mo094
        42             95              0        1.017780E+02   0.000000E+00         0.9693      Mo095
        42             96              0        1.751190E+01   0.000000E+00         1.0007      Mo096
        42             97              0        1.658950E+01   0.000000E+00         0.9480      Mo097
        42             98              0        6.900580E+00   0.000000E+00         0.9958      Mo098
        42            100              0        3.948070E+00   0.000000E+00         1.0906      Mo100
        43             99              0        3.266300E+02   0.000000E+00         0.9124      Tc099
        44             96              0        6.235350E+00   0.000000E+00         1.0239      Ru096
        44             99              0        1.731170E+02   0.000000E+00         1.0124      Ru099
        44            100              0        1.140430E+01   0.000000E+00         1.0182      Ru100
        44            101              0        1.013890E+02   0.000000E+00         0.9134      Ru101
        44            102              0        4.250970E+00   0.000000E+00         1.0170      Ru102
        44            103              0        7.127700E+01   0.000000E+00         1.5165      Ru103
        44            104              0        6.563400E+00   0.000000E+00         1.0176      Ru104
        44            106              0        1.967660E+00   0.000000E+00         0.9838      Ru106
        46            102              0        1.501490E+01   0.000000E+00         0.6528      Pd102
        46            104              0        2.028350E+01   0.000000E+00         0.9613      Pd104
        46            105              0        1.025200E+02   0.000000E+00         1.0679      Pd105
        46            106              0        7.762100E+00   0.000000E+00         1.0349      Pd106
        46            107              0        1.110450E+02   0.000000E+00         0.9915      Pd107
        46            108              0        2.354640E+02   0.000000E+00         0.9923      Pd108
        46            110              0        3.262720E+00   0.000000E+00         1.0876      Pd110
        47            110              1        7.442980E+01   0.000000E+00         1.1557      Ag110m
        47            111              0        1.047630E+02   0.000000E+00         0.9977      Ag111
        48            106              0        9.030580E+00   0.000000E+00         1.5648      Cd106
        48            108              0        2.522220E+01   0.000000E+00         1.5417      Cd108
        48            109              0        4.193470E+02   0.000000E+00         0.0626      Cd109
        48            110              0        3.914280E+01   0.000000E+00         1.1848      Cd110
        48            111              0        4.516390E+01   0.000000E+00         0.9057      Cd111
        48            112              0        1.315720E+01   0.000000E+00         1.0152      Cd112
        48            113              0        3.877660E+02   0.000000E+00         0.9696      Cd113
        48            114              0        1.684620E+01   0.000000E+00         1.3645      Cd114
        48            116              0        1.661770E+00   0.000000E+00         0.9367      Cd116
        49            113              0        3.274250E+02   0.000000E+00         0.9833      In113
        49            115              0        3.208470E+03   0.000000E+00         0.9723      In115
        50            112              0        3.039570E+01   0.000000E+00         1.1606      Sn112
        50            114              0        6.397770E+00   0.000000E+00         0.8202      Sn114
        50            115              0        1.979510E+01   0.000000E+00         0.9426      Sn115
        50            116              0        1.212770E+01   0.000000E+00         0.9860      Sn116
        50            117              0        1.791730E+01   0.000000E+00         1.0180      Sn117
        50            118              0        5.223010E+00   0.000000E+00         1.3058      Sn118
        50            119              0        5.562990E+00   0.000000E+00         0.9934      Sn119
        50            120              0        1.130310E+00   0.000000E+00         0.9915      Sn120
        50            122              0        9.455550E-01   0.000000E+00         1.1257      Sn122
        50            124              0        7.812920E+00   0.000000E+00         0.9766      Sn124
        51            121              0        2.150280E+02   0.000000E+00         1.0320      Sb121
        51            123              0        1.228440E+02   0.000000E+00         1.0476      Sb123
        52            120              0        5.258340E+01   0.000000E+00        52.5834      Te120
        52            122              0        8.876820E+01   0.000000E+00         1.1236      Te122
        52            123              0        5.646530E+03   0.000000E+00         1.0008      Te123
        52            124              0        5.571780E+00   0.000000E+00         1.0513      Te124
        52            125              0        2.193840E+01   0.000000E+00         0.9838      Te125
        52            126              0        7.902470E+00   0.000000E+00         0.9878      Te126
        52            128              0        1.281810E+00   0.000000E+00         0.9495      Te128
        52            130              0        2.478220E-01   0.000000E+00         0.5901      Te130
        53            125              0        5.923100E+02   0.000000E+00         0.0431      I125
        53            126              0        1.654160E+03   0.000000E+00         0.0407      I126
        53            127              0        1.539780E+02   0.000000E+00         1.1502      I127
        53            129              0        3.303510E+01   0.000000E+00         0.9774      I129
        54            124              0        3.266800E+03   0.000000E+00         0.9074      Xe124
        54            126              0        6.545470E+01   0.000000E+00         1.0730      Xe126
        54            128              0        1.107170E+01   0.000000E+00         0.8718      Xe128
        54            129              0        3.053170E+02   0.000000E+00         1.1743      Xe129
        54            130              0        2.877030E+01   0.000000E+00         5.8715      Xe130
        54            131              0        9.090860E+02   0.000000E+00         1.0295      Xe131
        54            132              0        2.602940E+00   0.000000E+00         0.5206      Xe132
        54            134              0        5.921850E-01   0.000000E+00         1.5584      Xe134
        54            136              0        8.507300E-02   0.000000E+00         0.1150      Xe136
        55            132              0        5.065540E+02   0.000000E+00         1.1565      Cs132
        55            133              0        4.587280E+02   0.000000E+00         1.2602      Cs133
        55            134              0        7.247070E+01   0.000000E+00         0.6902      Cs134
        55            135              0        5.162110E+01   0.000000E+00         1.3549      Cs135
        56            130              0        1.745430E+02   0.000000E+00         1.0334      Ba130
        56            132              0        3.902390E+01   0.000000E+00         0.7227      Ba132
        56            133              0        1.254790E+02   0.000000E+00         1.1838      Ba133
        56            134              0        2.175940E+01   0.000000E+00         0.9891      Ba134
        56            135              0        1.906770E+02   0.000000E+00         1.8512      Ba135
        56            136              0        1.844850E+00   0.000000E+00         0.9866      Ba136
        56            138              0        2.816860E-01   0.000000E+00         0.7825      Ba138
        56            140              0        7.170910E-01   0.000000E+00         0.0527      Ba140
        57            138              0        3.714180E+02   0.000000E+00         0.9081      La138
        57            139              0        1.160390E+01   0.000000E+00         1.0073      La139
        57            140              0        2.917500E+01   0.000000E+00         0.4228      La140
        58            136              0        6.843260E+01   0.000000E+00         0.9918      Ce136
        58            138              0        9.087030E+00   0.000000E+00         0.8573      Ce138
        58            140              0        3.393110E-01   0.000000E+00         0.7069      Ce140
        58            141              0        1.482970E+02   0.000000E+00         0.9327      Ce141
        58            142              0        8.872180E-01   0.000000E+00         0.7583      Ce142
        58            143              0        1.591900E+01   0.000000E+00         5.8959      Ce143
        58            144              0        7.625750E+00   0.000000E+00         2.9330      Ce144
        59            141              0        1.837560E+01   0.000000E+00         1.1557      Pr141
        59            143              0        1.594120E+02   0.000000E+00         0.8390      Pr143
        60            142              0        8.381200E+00   0.000000E+00         1.3518      Nd142
        60            143              0        1.284280E+02   0.000000E+00         0.9804      Nd143
        60            144              0        6.282670E+00   0.000000E+00         1.3961      Nd144
        60            145              0        2.226510E+02   0.000000E+00         0.9940      Nd145
        60            146              0        2.686810E+00   0.000000E+00         1.0334      Nd146
        60            147              0        5.737450E+02   0.000000E+00         1.0928      Nd147
        60            148              0        1.384980E+01   0.000000E+00         1.1053      Nd148
        60            150              0        1.415540E+01   0.000000E+00         0.9313      Nd150
        61            147              0        2.187340E+03   0.000000E+00         0.9920      Pm147
        61            148              0        1.447030E+03   0.000000E+00         0.5566      Pm148
        61            148              1        4.194560E+03   0.000000E+00         1.1652      Pm148m
        62            144              0        1.803330E+00   0.000000E+00         0.7577      Sm144
        62            145              0        7.136560E+02   0.000000E+00         1.1894      Sm145
        62            147              0        7.958700E+02   0.000000E+00         1.0230      Sm147
        62            148              0        4.343650E+01   0.000000E+00         1.6088      Sm148
        62            149              0        3.516840E+03   0.000000E+00         1.0244      Sm149
        62            150              0        3.309210E+02   0.000000E+00         0.9938      Sm150
        62            151              0        3.439690E+03   0.000000E+00         1.0002      Sm151
        62            152              0        2.977610E+03   0.000000E+00         1.0002      Sm152
        62            154              0        3.647030E+01   0.000000E+00         1.0995      Sm154
        63            151              0        3.285340E+03   0.000000E+00         0.9749      Eu151
        63            152              0        2.536820E+03   0.000000E+00         1.0991      Eu152
        63            153              0        1.458210E+03   0.000000E+00         0.8309      Eu153
        63            154              0        1.353790E+03   0.000000E+00         1.0414      Eu154
        63            155              0        1.550820E+04   0.000000E+00         0.9992      Eu155
        64            152              0        9.345510E+02   0.000000E+00         1.6003      Gd152
        64            153              0        3.517610E+02   0.000000E+00         1.1804      Gd153
        64            154              0        2.878080E+02   0.000000E+00         2.6898      Gd154
        64            155              0        1.516140E+03   0.000000E+00         0.9851      Gd155
        64            156              0        1.065460E+02   0.000000E+00         0.9865      Gd156
        64            157              0        7.897310E+02   0.000000E+00         1.0405      Gd157
        64            158              0        7.203650E+01   0.000000E+00         1.1032      Gd158
        64            160              0        1.178960E+01   0.000000E+00         1.9748      Gd160
        65            159              0        4.090510E+02   0.000000E+00         0.9531      Tb159
        65            160              0        3.587420E+03   0.000000E+00         1.0318      Tb160
        66            156              0        9.886820E+02   0.000000E+00         1.0299      Dy156
        66            158              0        1.946140E+02   0.000000E+00         1.6218      Dy158
        66            160              0        1.108390E+03   0.000000E+00         0.9879      Dy160
        66            161              0        1.088370E+03   0.000000E+00         1.0087      Dy161
        66            162              0        2.746790E+03   0.000000E+00         1.1688      Dy162
        66            163              0        1.490560E+03   0.000000E+00         0.7605      Dy163
        66            164              0        3.410200E+02   0.000000E+00         0.7090      Dy164
        67            165              0        6.822680E+02   0.000000E+00         1.0611      Ho165
        67            166              0        4.422620E+02   0.000000E+00         0.0442      Ho166
        67            166              1        4.941010E+02   0.000000E+00         0.7298      Ho166m
        68            162              0        4.785390E+02   0.000000E+00         0.9970      Er162
        68            164              0        1.557870E+02   0.000000E+00         1.4837      Er164
        68            166              0        1.185950E+02   0.000000E+00         1.0781      Er166
        68            167              0        2.999290E+03   0.000000E+00         1.0048      Er167
        68            168              0        3.834410E+01   0.000000E+00         0.9985      Er168
        68            170              0        4.641240E+01   0.000000E+00         1.1720      Er170
        69            169              0        1.623830E+03   0.000000E+00         1.1145      Tm169
        69            170              0        5.287790E+02   0.000000E+00         1.0378      Tm170
        69            171              0        1.921560E+02   0.000000E+00         1.6284      Tm171
        70            168              0        2.135190E+04   0.000000E+00         1.4964      Yb168
        70            169              0        6.455390E+03   0.000000E+00         1.2414      Yb169
        70            170              0        3.119010E+02   0.000000E+00         1.0061      Yb170
        70            171              0        3.265460E+02   0.000000E+00         1.0269      Yb171
        70            172              0        2.712250E+01   0.000000E+00         1.0849      Yb172
        70            173              0        3.845270E+02   0.000000E+00         1.0119      Yb173
        70            174              0        2.545400E+01   0.000000E+00         0.8900      Yb174
        70            176              0        6.957820E+00   0.000000E+00         0.9531      Yb176
        71            173              0        1.541550E+03   0.000000E+00         1.2293      Lu173
        71            175              0        6.192710E+02   0.000000E+00         0.9988      Lu175
        71            177              0        3.749500E+03   0.000000E+00      2678.2144      Lu177
        72            174              0        3.835790E+02   0.000000E+00         0.8535      Hf174
        72            176              0        6.988860E+02   0.000000E+00         1.0070      Hf176
        72            177              0        7.210480E+03   0.000000E+00         0.9997      Hf177
        72            178              0        1.914740E+03   0.000000E+00         1.0234      Hf178
        72            179              0        5.071630E+02   0.000000E+00         0.9679      Hf179
        72            180              0        2.932020E+01   0.000000E+00         0.8831      Hf180
        72            182              0        6.581890E+01   0.000000E+00         0.0113      Hf182
        73            179              0        1.162590E+03   0.000000E+00         0.9561      Ta179
        73            180              0        1.442500E+03   0.000000E+00         1.0685      Ta180
        73            181              0        7.162960E+02   0.000000E+00         1.0565      Ta181
        74            180              0        2.480990E+02   0.000000E+00         0.9912      W180
        74            182              0        6.280980E+02   0.000000E+00         0.9986      W182
        74            183              0        3.389480E+02   0.000000E+00         0.9998      W183
        74            184              0        1.657740E+01   0.000000E+00         1.1277      W184
        74            185              0        1.859880E+02   0.000000E+00         1.6033      W185
        74            186              0        4.739820E+02   0.000000E+00         0.9979      W186
        75            185              0        1.736850E+03   0.000000E+00         0.9988      Re185
        75            187              0        3.018230E+02   0.000000E+00         1.0027      Re187
        76            184              0        1.367060E+03   0.000000E+00         0.8470      Os184
        76            186              0        2.423150E+02   0.000000E+00         0.9540      Os186
        76            187              0        5.419910E+02   0.000000E+00         1.0690      Os187
        76            188              0        1.539470E+02   0.000000E+00         1.0128      Os188
        76            189              0        8.073240E+02   0.000000E+00         1.2232      Os189
        76            190              0        2.498080E+01   0.000000E+00         3.2443      Os190
        76            191              0        1.310550E+03   0.000000E+00         7.7091      Os191
        76            192              0        1.023020E+01   0.000000E+00         1.3713      Os192
        77            191              0        3.178300E+03   0.000000E+00         0.8953      Ir191
        77            192              0        4.490210E+03   0.000000E+00         1.3168      Ir192
        77            193              0        1.116080E+03   0.000000E+00         0.7127      Ir193
        77            194              0        5.135530E+02   0.000000E+00         0.7336      Ir194
        78            190              0        1.440830E+02   0.000000E+00         2.0012      Pt190
        78            192              0        1.348870E+02   0.000000E+00         1.1431      Pt192
        78            194              0        7.418440E+00   0.000000E+00         1.8546      Pt194
        78            195              0        3.169380E+02   0.000000E+00         0.8636      Pt195
        78            196              0        5.259480E+00   0.000000E+00         0.9459      Pt196
        78            198              0        4.796090E+01   0.000000E+00         0.8370      Pt198
        79            197              0        1.544980E+03   0.000000E+00         0.9969      Au197
        79            198              0        2.764420E+02   0.000000E+00         0.0069      Au198
        80            196              0        4.297730E+02   0.000000E+00         1.0233      Hg196
        80            198              0        7.536690E+01   0.000000E+00         1.0116      Hg198
        80            199              0        4.391800E+02   0.000000E+00         1.0004      Hg199
        80            200              0        2.801860E+00   0.000000E+00         1.0776      Hg200
        80            201              0        3.585680E+01   0.000000E+00         1.0866      Hg201
        80            202              0        3.135610E+00   0.000000E+00         0.8208      Hg202
        80            204              0        4.838870E-01   0.000000E+00         0.5562      Hg204
        81            203              0        3.995890E+01   0.000000E+00         1.0040      Tl203
        81            204              0        1.586250E+01   0.000000E+00         0.1688      Tl204
        81            205              0        7.387260E-01   0.000000E+00         1.0051      Tl205
        82            204              0        2.365100E+00   0.000000E+00         1.2854      Pb204
        82            205              0        6.923970E+00   0.000000E+00         3.4620      Pb205
        82            206              0        1.124830E-01   0.000000E+00         0.9867      Pb206
        82            207              0        3.671530E-01   0.000000E+00         0.9414      Pb207
        82            208              0        2.650340E-03   0.000000E+00         0.4275      Pb208
        83            209              0        1.673640E-01   0.000000E+00         0.7970      Bi209
        83            210              0        1.578320E-01   0.000000E+00         0.7892      Bi210
        88            226              0        2.822430E+02   0.000000E+00         0.9998      Ra226
        89            227              0        1.017060E+03   0.000000E+00         0.6127      Ac227
        90            228              0        1.122910E+03   0.000000E+00         0.9999      Th228
        90            229              0        1.312970E+03   0.000000E+00         1.0000      Th229
        90            230              0        1.042160E+03   0.000000E+00         1.0495      Th230
        90            232              0        8.425720E+01   0.000000E+00         0.9983      Th232
        91            231              0        5.416290E+02   0.000000E+00         1.0317      Pa231
        91            232              0        1.653310E+02   0.000000E+00         1.4131      Pa232
        91            233              0        8.351630E+02   0.000000E+00         0.9711      Pa233
        92            232              0        1.728390E+02   0.000000E+00         0.6173      U232
        92            233              0        1.387120E+02   0.000000E+00         1.0052      U233
        92            234              0        6.094360E+02   0.000000E+00         4.0629      U234
        92            235              0        1.428440E+02   0.000000E+00         0.9784      U235
        92            236              0        3.533560E+02   0.000000E+00         1.0096      U236
        92            237              0        1.077150E+03   0.000000E+00         0.8976      U237
        92            238              0        2.752370E+02   0.000000E+00         0.9972      U238
        93            236              0        1.002890E+02   0.000000E+00         0.0741      Np236
        93            237              0        6.894900E+02   0.000000E+00         1.0575      Np237
        93            238              0        2.013710E+02   0.000000E+00         1.0018      Np238
        94            236              0        2.479060E+02   0.000000E+00         0.9996      Pu236
        94            238              0        1.555730E+02   0.000000E+00         1.0656      Pu238
        94            239              0        1.798930E+02   0.000000E+00         0.9994      Pu239
        94            240              0        8.501150E+03   0.000000E+00         1.0027      Pu240
        94            241              0        1.803530E+02   0.000000E+00         0.9855      Pu241
        94            242              0        1.174800E+03   0.000000E+00         9.0369      Pu242
        94            244              0        4.780810E+01   0.000000E+00         0.9562      Pu244
        95            241              0        1.824250E+03   0.000000E+00         1.2802      Am241
        95            242              1        2.361750E+02   0.000000E+00         0.9869      Am242m
        95            243              0        2.039840E+03   0.000000E+00         1.1208      Am243
        96            242              0        1.325260E+02   0.000000E+00         1.2048      Cm242
        96            243              0        2.054600E+02   0.000000E+00         1.1166      Cm243
        96            244              0        5.939330E+02   0.000000E+00         0.9068      Cm244
        96            245              0        1.063380E+02   0.000000E+00         1.0425      Cm245
        96            246              0        1.134370E+02   0.000000E+00         0.9375      Cm246
        96            247              0        5.025080E+02   0.000000E+00         0.9481      Cm247
        96            248              0        2.666380E+02   0.000000E+00         0.9875      Cm248
        97            249              0        1.132570E+03   0.000000E+00         1.0167      Bk249
        98            249              0        6.957940E+02   0.000000E+00         0.9095      Cf249
        98            250              0        1.190240E+04   0.000000E+00         1.0002      Cf250
        98            251              0        5.183660E+02   0.000000E+00         0.3240      Cf251
        98            252              0        4.461140E+01   0.000000E+00         1.0255      Cf252
        98            253              0        6.574010E+02   0.000000E+00        50.5693      Cf253
        98            254              0        3.718940E+01   0.000000E+00         1.3282      Cf254
        99            253              0        3.820270E+03   0.000000E+00         0.9887      Es253
        99            254              0        6.823560E+02   0.000000E+00         0.5686      Es254
        99            254              1        1.782290E+02   0.000000E+00         0.1782      Es254m
