# header:
#   title: Ig resonance data for JUKO
#   source: Resonancetables
#   date: 2025-05-27
# reaction:
#   type: Ig
# quantity:
#   type: resonance data
# datablock:
#   columns: 7
#   entries: 404
##       Z              A            Liso           Value         dValue          Ratio         Nuclide
##      []             []             []            [eV]           [eV]            []             []
         1              1              0        1.490000E-01   1.000000E-03   1.000000E+00      H001                                                                                                    
         1              2              0        2.300000E-04   2.000000E-05   1.000000E+00      H002                                                                                                    
         3              6              0        1.730000E-02   1.400000E-03   9.942529E-01      Li006                                                                                                   
         3              7              0        2.200000E-02   2.000000E-03   1.075795E+00      Li007                                                                                                   
         4              9              0        3.800000E-03   2.000000E-04   8.407080E-01      Be009                                                                                                   
         5             10              0        1.300000E-01   4.000000E-02   5.909091E-01      B010                                                                                                    
         5             11              0        2.000000E-03   1.000000E-04   7.142858E-01      B011                                                                                                    
         6             12              0        1.830000E-03   5.000000E-04   9.289339E-01      C012                                                                                                    
         6             13              0        1.100000E-03   2.000000E-04   1.000000E+00      C013                                                                                                    
         7             14              0        3.600000E-02   1.000000E-03   1.065089E+00      N014                                                                                                    
         7             15              0        1.100000E-04   3.000000E-04   9.166667E-01      N015                                                                                                    
         8             16              0        2.700000E-04   3.000000E-05   3.648649E-01      O016                                                                                                    
         8             17              0        3.900000E-04   5.000000E-05   1.500000E-01      O017                                                                                                    
         8             18              0        8.100000E-04   4.000000E-04   1.000000E+00      O018                                                                                                    
         9             19              0        2.000000E-02   3.000000E-03   9.900990E-01      F019                                                                                                    
        10             20              0        1.770000E-02   3.000000E-03   1.000000E+00      Ne020                                                                                                   
        10             21              0        2.960000E-01   5.000000E-02   1.000000E+00      Ne021                                                                                                   
        10             22              0        2.200000E-02   3.000000E-03   1.000000E+00      Ne022                                                                                                   
        11             23              0        3.110000E-01   1.000000E-02   1.026403E+00      Na023                                                                                                   
        12             24              0        3.700000E-02   4.000000E-03   1.193548E+00      Mg024                                                                                                   
        12             25              0        1.950000E-01   1.500000E-02   1.969697E+00      Mg025                                                                                                   
        12             26              0        2.400000E-02   2.000000E-03   1.000000E+00      Mg026                                                                                                   
        12             27              0        3.000000E-02   1.000000E-02   1.000000E+00      Mg027                                                                                                   
        13             27              0        1.700000E-01   1.000000E-02   1.055901E+00      Al027                                                                                                   
        14             28              0        8.000000E-02   1.500000E-03   9.523810E-01      Si028                                                                                                   
        14             29              0        7.700000E-02   1.500000E-02   9.277109E-01      Si029                                                                                                   
        14             30              0        6.300000E-01   3.000000E-02   5.000000E+00      Si030                                                                                                   
        14             31              0        3.300000E-02   3.000000E-03   1.000000E+00      Si031                                                                                                   
        15             31              0        7.900000E-02   2.000000E-03   5.642858E-01      P031                                                                                                    
        16             32              0        2.460000E-01   1.000000E-02   9.840000E-01      S032                                                                                                    
        16             33              0        2.290000E-01   1.500000E-02   1.396341E+00      S033                                                                                                    
        16             34              0        1.060000E-01   5.000000E-02   1.049505E+00      S034                                                                                                    
        16             36              0        1.700000E-01   4.000000E-02   4.735376E-01      S036                                                                                                    
        17             35              0        1.800000E+01   2.000000E+00   1.005587E+00      Cl035                                                                                                   
        17             36              0        3.800000E+00   0.000000E+00   1.000000E+00      Cl036                                                                                                   
        17             37              0        3.000000E-01   4.000000E-02   1.038062E+00      Cl037                                                                                                   
        18             36              0        2.000000E+00   1.000000E+00   8.791208E-01      Ar036                                                                                                   
        18             40              0        4.100000E-01   3.000000E-02   1.012346E+00      Ar040                                                                                                   
        19             39              0        1.100000E+00   1.000000E-01   1.000000E+00      K039                                                                                                    
        19             40              0        1.300000E+01   4.000000E+00   1.000000E+00      K040                                                                                                    
        19             41              0        1.420000E+00   6.000000E-02   1.123418E+00      K041                                                                                                    
        20             40              0        2.200000E-01   2.000000E-02   1.032864E+00      Ca040                                                                                                   
        20             42              0        3.900000E-01   4.000000E-02   1.026316E+00      Ca042                                                                                                   
        20             43              0        3.930000E+00   1.500000E-01   6.775862E-01      Ca043                                                                                                   
        20             44              0        5.600000E-01   1.000000E-02   1.000000E+00      Ca044                                                                                                   
        20             46              0        9.600000E-01   1.000000E-01   1.026738E+00      Ca046                                                                                                   
        20             48              0        8.900000E-01   1.800000E-01   1.731517E+00      Ca048                                                                                                   
        21             45              0        1.200000E+01   5.000000E-01   1.061947E+00      Sc045                                                                                                   
        22             46              0        3.000000E-01   9.000000E-02   8.333333E-01      Ti046                                                                                                   
        22             47              0        1.500000E+00   2.000000E-01   1.102941E+00      Ti047                                                                                                   
        22             48              0        3.900000E+00   2.000000E-01   1.029024E+00      Ti048                                                                                                   
        22             49              0        1.200000E+00   2.000000E-01   1.290323E+00      Ti049                                                                                                   
        22             50              0        1.180000E-01   1.100000E-02   9.915966E-01      Ti050                                                                                                   
        23             50              0        5.900000E+01   1.500000E+01   9.951088E-01      V050                                                                                                    
        23             51              0        2.700000E+00   1.000000E-01   1.023891E+00      V051                                                                                                    
        24             50              0        1.170000E+01   2.000000E-01   1.462500E+00      Cr050                                                                                                   
        24             52              0        4.800000E-01   2.000000E-02   9.795918E-01      Cr052                                                                                                   
        24             53              0        1.230000E+01   3.000000E+00   1.464286E+00      Cr053                                                                                                   
        24             54              0        2.500000E-01   4.000000E-02   1.190476E+00      Cr054                                                                                                   
        25             53              0        3.000000E+01   5.000000E+00   6.651885E-01      Mn053                                                                                                   
        25             54              0        1.700000E+01   0.000000E+00   1.000000E+00      Mn054                                                                                                   
        25             55              0        1.340000E+01   5.000000E-01   9.640288E-01      Mn055                                                                                                   
        26             54              0        1.270000E+00   1.000000E-01   1.049587E+00      Fe054                                                                                                   
        26             55              0        6.000000E+00   1.000000E+00   1.000000E+00      Fe055                                                                                                   
        26             56              0        1.360000E+00   1.500000E-01   1.007407E+00      Fe056                                                                                                   
        26             57              0        1.510000E+00   1.500000E-01   1.041379E+00      Fe057                                                                                                   
        26             58              0        1.500000E+00   7.000000E-02   1.190476E+00      Fe058                                                                                                   
        26             59              0        6.000000E+00   1.000000E+00   1.000000E+00      Fe059                                                                                                   
        27             57              0        2.000000E+01   1.900000E+00   1.000000E+00      Co057                                                                                                   
        27             58              0        7.000000E+03   1.000000E+03   1.015965E+00      Co058                                                                                                   
        27             59              0        7.400000E+01   2.000000E+00   9.788360E-01      Co059                                                                                                   
        27             60              0        4.300000E+00   9.000000E-01   1.000000E+00      Co060                                                                                                   
        28             58              0        2.100000E+00   2.000000E-02   1.039604E+00      Ni058                                                                                                   
        28             59              0        1.380000E+02   8.000000E+00   1.086614E+00      Ni059                                                                                                   
        28             60              0        1.400000E+00   2.000000E-01   1.111111E+00      Ni060                                                                                                   
        28             61              0        2.100000E+00   4.000000E-01   8.749999E-01      Ni061                                                                                                   
        28             62              0        6.800000E+00   3.000000E-01   9.315069E-01      Ni062                                                                                                   
        28             63              0        9.000000E+00   2.000000E+00   1.000000E+00      Ni063                                                                                                   
        28             64              0        1.070000E+00   1.500000E-01   9.816514E-01      Ni064                                                                                                   
        28             65              0        1.000000E+01   1.000000E+00   1.000000E+00      Ni065                                                                                                   
        29             63              0        4.970000E+00   8.000000E-02   9.430740E-01      Cu063                                                                                                   
        29             65              0        2.190000E+00   7.000000E-02   1.037915E+00      Cu065                                                                                                   
        29             66              0        6.000000E+01   2.000000E+01   1.000000E+00      Cu066                                                                                                   
        30             64              0        1.370000E+00   6.000000E-02   9.647888E-01      Zn064                                                                                                   
        30             65              0        3.000000E+01   4.000000E+00   1.000000E+00      Zn065                                                                                                   
        30             66              0        1.100000E+00   2.000000E-01   1.100000E+00      Zn066                                                                                                   
        30             67              0        2.400000E+01   2.400000E+00   9.836066E-01      Zn067                                                                                                   
        30             68              0        3.500000E+00   1.500000E-01   1.000000E+00      Zn068                                                                                                   
        30             70              0        8.600000E-01   6.000000E-02   8.958334E-01      Zn070                                                                                                   
        31             69              0        1.560000E+01   1.000000E+00   9.629629E-01      Ga069                                                                                                   
        31             71              0        3.110000E+01   1.900000E+00   9.628483E-01      Ga071                                                                                                   
        32             70              0        2.220000E+00   1.500000E-01   8.505747E-01      Ge070                                                                                                   
        32             72              0        7.200000E-01   8.000000E-02   8.000001E-01      Ge072                                                                                                   
        32             73              0        6.300000E+02   7.000000E+00   1.000000E+01      Ge073                                                                                                   
        32             74              0        1.000000E+00   2.000000E-01   1.315789E+00      Ge074                                                                                                   
        32             76              0        1.860000E+00   2.400000E-01   1.000000E+00      Ge076                                                                                                   
        33             75              0        6.200000E+01   2.000000E+00   1.183206E+00      As075                                                                                                   
        34             74              0        5.760000E+02   2.200000E+01   9.713322E-01      Se074                                                                                                   
        34             76              0        4.030000E+01   0.000000E+00   9.829268E-01      Se076                                                                                                   
        34             77              0        3.010000E+00   2.000000E+00   9.376948E-02      Se077                                                                                                   
        34             78              0        4.450000E+00   4.500000E-01   9.468085E-01      Se078                                                                                                   
        34             80              0        2.000000E+00   6.000000E-01   1.904762E+00      Se080                                                                                                   
        34             82              0        1.200000E-01   2.000000E-02   5.714286E-01      Se082                                                                                                   
        35             79              0        1.270000E+02   1.400000E+01   1.056572E+00      Br079                                                                                                   
        35             81              0        4.400000E+01   5.000000E+00   9.565217E-01      Br081                                                                                                   
        36             78              0        2.100000E+01   3.000000E+00   8.045977E-01      Kr078                                                                                                   
        36             80              0        5.610000E+01   5.600000E+00   9.773518E-01      Kr080                                                                                                   
        36             82              0        1.560000E+02   2.000000E+01   1.000000E+00      Kr082                                                                                                   
        36             83              0        1.570000E+02   2.500000E+01   8.351064E-01      Kr083                                                                                                   
        36             84              0        2.430000E+00   2.000000E-01   1.000000E+00      Kr084                                                                                                   
        36             85              0        1.800000E+00   1.000000E+00   1.000000E+00      Kr085                                                                                                   
        36             86              0        1.800000E-02   0.000000E+00   9.000000E-01      Kr086                                                                                                   
        37             85              0        6.830000E+00   2.200000E-01   9.192463E-01      Rb085                                                                                                   
        37             86              0        1.800000E+01   3.000000E+00   1.000000E+00      Rb086                                                                                                   
        37             87              0        2.380000E+00   1.200000E-01   1.004220E+00      Rb087                                                                                                   
        37             88              0        5.000000E-01   1.000000E-01   1.000000E+00      Rb088                                                                                                   
        38             84              0        9.760000E+00   1.100000E+00   1.034995E+00      Sr084                                                                                                   
        38             86              0        4.800000E+00   2.400000E-01   9.856263E-01      Sr086                                                                                                   
        38             87              0        1.170000E+02   3.000000E+01   9.669421E-01      Sr087                                                                                                   
        38             88              0        6.500000E-02   3.000000E-02   1.756757E+00      Sr088                                                                                                   
        38             90              0        1.040000E-01   1.600000E-02   1.000000E+00      Sr090                                                                                                   
        39             89              0        9.600000E-01   6.000000E-02   1.103448E+00      Y089                                                                                                    
        40             90              0        1.700000E-01   2.000000E-02   1.042945E+00      Zr090                                                                                                   
        40             91              0        5.760000E+00   4.000000E-01   9.442623E-01      Zr091                                                                                                   
        40             92              0        6.400000E-01   2.000000E-01   9.275362E-01      Zr092                                                                                                   
        40             93              0        1.750000E+01   5.000000E+00   9.831461E-01      Zr093                                                                                                   
        40             94              0        2.800000E-01   1.000000E-02   1.037037E+00      Zr094                                                                                                   
        40             96              0        5.280000E+00   1.100000E-01   1.017341E+00      Zr096                                                                                                   
        41             93              0        8.300000E+00   4.000000E-01   9.822485E-01      Nb093                                                                                                   
        41             94              0        1.250000E+02   8.000000E+00   1.000000E+00      Nb094                                                                                                   
        41             95              0        2.000000E+02   0.000000E+00   1.000000E+00      Nb095                                                                                                   
        42             92              0        8.300000E-01   0.000000E+00   8.469387E-01      Mo092                                                                                                   
        42             94              0        1.120000E+00   0.000000E+00   7.671233E-01      Mo094                                                                                                   
        42             95              0        1.180000E+02   7.000000E+00   1.123810E+00      Mo095                                                                                                   
        42             96              0        1.700000E+01   3.000000E+00   9.714286E-01      Mo096                                                                                                   
        42             97              0        1.430000E+01   3.000000E+00   8.171428E-01      Mo097                                                                                                   
        42             98              0        6.700000E+00   3.000000E-01   9.668109E-01      Mo098                                                                                                   
        42            100              0        3.760000E+00   1.500000E-01   1.038674E+00      Mo100                                                                                                   
        43             99              0        3.580000E+02   2.000000E+01   1.000000E+00      Tc099                                                                                                   
        44             96              0        6.360000E+00   2.300000E-01   1.044335E+00      Ru096                                                                                                   
        44             99              0        1.620000E+02   2.000000E+01   9.473684E-01      Ru099                                                                                                   
        44            100              0        1.120000E+01   1.100000E+00   1.000000E+00      Ru100                                                                                                   
        44            101              0        1.020000E+02   1.000000E+01   9.189189E-01      Ru101                                                                                                   
        44            102              0        4.900000E+00   3.000000E-01   1.172249E+00      Ru102                                                                                                   
        44            103              0        5.000000E+00   0.000000E+00   1.063830E-01      Ru103                                                                                                   
        44            104              0        6.300000E+00   2.000000E-01   9.767442E-01      Ru104                                                                                                   
        44            106              0        2.000000E+00   6.000000E-01   1.000000E+00      Ru106                                                                                                   
        45            103              0        1.010000E+03   5.000000E+01   8.774979E-01      Rh103                                                                                                   
        45            105              0        1.700000E+04   3.000000E+03   1.000000E+00      Rh105                                                                                                   
        46            102              0        1.200000E+01   2.000000E+00   5.217391E-01      Pd102                                                                                                   
        46            104              0        1.900000E+01   2.000000E+00   9.004739E-01      Pd104                                                                                                   
        46            105              0        9.000000E+01   2.000000E+01   9.375000E-01      Pd105                                                                                                   
        46            106              0        6.650000E+00   2.000000E-01   8.866667E-01      Pd106                                                                                                   
        46            107              0        1.050000E+02   4.000000E+00   9.375000E-01      Pd107                                                                                                   
        46            108              0        2.440000E+02   4.000000E+00   1.028321E+00      Pd108                                                                                                   
        46            110              0        3.100000E+00   0.000000E+00   1.033333E+00      Pd110                                                                                                   
        47            107              0        1.070000E+02   5.000000E+00   1.137693E+00      Ag107                                                                                                   
        47            109              0        1.470000E+03   4.800000E+01   1.094564E+00      Ag109                                                                                                   
        47            110              0        3.100000E+01   4.000000E+00   1.000000E+00      Ag110                                                                                                   
        47            111              0        1.050000E+02   2.000000E+01   1.000000E+00      Ag111                                                                                                   
        48            106              0        4.100000E+00   1.000000E+00   7.104488E-01      Cd106                                                                                                   
        48            108              0        1.070000E+01   3.000000E+00   6.540342E-01      Cd108                                                                                                   
        48            109              0        6.700000E+03   1.200000E+03   1.000000E+00      Cd109                                                                                                   
        48            110              0        3.940000E+01   0.000000E+00   1.192566E+00      Cd110                                                                                                   
        48            111              0        4.170000E+01   3.000000E+00   8.362411E-01      Cd111                                                                                                   
        48            112              0        1.250000E+01   1.000000E+00   9.645061E-01      Cd112                                                                                                   
        48            113              0        3.900000E+02   4.000000E+01   9.751463E-01      Cd113                                                                                                   
        48            114              0        1.260000E+01   1.000000E+00   1.020573E+00      Cd114                                                                                                   
        48            116              0        1.500000E+00   2.000000E-01   8.455468E-01      Cd116                                                                                                   
        49            113              0        3.200000E+02   3.000000E+01   9.609610E-01      In113                                                                                                   
        49            115              0        3.300000E+03   1.000000E+02   1.000000E+00      In115                                                                                                   
        50            112              0        2.900000E+01   2.000000E+00   1.107293E+00      Sn112                                                                                                   
        50            113              0        2.170000E+02   5.000000E+00   9.517544E-01      Sn113                                                                                                   
        50            114              0        6.300000E+00   1.500000E+00   8.076923E-01      Sn114                                                                                                   
        50            115              0        2.390000E+01   6.000000E+00   1.138095E+00      Sn115                                                                                                   
        50            116              0        1.190000E+01   1.000000E+00   9.674796E-01      Sn116                                                                                                   
        50            117              0        1.570000E+01   2.500000E+00   8.920454E-01      Sn117                                                                                                   
        50            118              0        3.400000E+00   4.000000E-01   8.500000E-01      Sn118                                                                                                   
        50            119              0        2.900000E+00   5.000000E-01   5.178572E-01      Sn119                                                                                                   
        50            120              0        1.140000E+00   3.000000E-01   1.000000E+00      Sn120                                                                                                   
        50            122              0        8.100000E-01   4.000000E-02   9.642857E-01      Sn122                                                                                                   
        50            124              0        8.040000E+00   4.000000E-01   1.005000E+00      Sn124                                                                                                   
        51            121              0        2.020000E+02   2.000000E+01   9.694294E-01      Sb121                                                                                                   
        51            123              0        1.260000E+02   2.000000E+01   1.074535E+00      Sb123                                                                                                   
        52            120              0        1.000000E+00   0.000000E+00   1.000000E+00      Te120                                                                                                   
        52            122              0        2.800000E+01   1.000000E+01   3.544304E-01      Te122                                                                                                   
        52            123              0        5.630000E+03   3.250000E+02   9.978731E-01      Te123                                                                                                   
        52            124              0        5.300000E+00   7.000000E-01   1.000000E+00      Te124                                                                                                   
        52            125              0        2.070000E+01   3.000000E+00   9.282512E-01      Te125                                                                                                   
        52            126              0        8.000000E+00   6.000000E-01   1.000000E+00      Te126                                                                                                   
        52            127              0        1.140000E+03   1.700000E+02   1.000000E+00      Te127                                                                                                   
        52            128              0        1.240000E+00   0.000000E+00   9.185185E-01      Te128                                                                                                   
        52            130              0        4.000000E-01   5.000000E-02   9.523810E-01      Te130                                                                                                   
        53            125              0        1.370000E+04   2.000000E+03   9.978150E-01      I125                                                                                                    
        53            126              0        4.060000E+04   0.000000E+00   1.000000E+00      I126                                                                                                    
        53            127              0        1.550000E+02   7.000000E+00   1.157840E+00      I127                                                                                                    
        53            128              0        1.000000E+01   0.000000E+00   1.000000E+00      I128                                                                                                    
        53            129              0        3.380000E+01   1.400000E+00   1.000000E+00      I129                                                                                                    
        53            130              0        8.000000E+00   0.000000E+00   1.000000E+00      I130                                                                                                    
        54            124              0        3.600000E+03   7.000000E+02   1.000000E+00      Xe124                                                                                                   
        54            126              0        6.100000E+01   6.000000E+00   1.000000E+00      Xe126                                                                                                   
        54            128              0        1.140000E+01   0.000000E+00   8.976378E-01      Xe128                                                                                                   
        54            129              0        2.520000E+02   1.500000E+01   9.692308E-01      Xe129                                                                                                   
        54            130              0        4.800000E+00   0.000000E+00   9.795918E-01      Xe130                                                                                                   
        54            131              0        8.900000E+02   5.000000E+01   1.007928E+00      Xe131                                                                                                   
        54            132              0        5.000000E+00   6.000000E-01   1.000000E+00      Xe132                                                                                                   
        54            134              0        3.800000E-01   4.000000E-02   1.000000E+00      Xe134                                                                                                   
        54            135              0        7.600000E+03   5.000000E+02   1.000132E+00      Xe135                                                                                                   
        54            136              0        7.400000E-01   2.100000E-01   1.000000E+00      Xe136                                                                                                   
        55            133              0        4.370000E+02   2.600000E+01   1.200549E+00      Cs133                                                                                                   
        55            134              0        7.600000E+01   0.000000E+00   7.238095E-01      Cs134                                                                                                   
        55            135              0        3.790000E+01   2.700000E+00   9.947507E-01      Cs135                                                                                                   
        56            130              0        1.760000E+02   7.000000E+00   1.042037E+00      Ba130                                                                                                   
        56            132              0        3.500000E+01   0.000000E+00   6.481481E-01      Ba132                                                                                                   
        56            133              0        1.100000E+02   3.000000E+01   1.037736E+00      Ba133                                                                                                   
        56            134              0        2.100000E+01   3.000000E+00   9.545454E-01      Ba134                                                                                                   
        56            135              0        9.700000E+01   7.000000E+00   9.417475E-01      Ba135                                                                                                   
        56            136              0        1.700000E+00   3.000000E-01   9.090909E-01      Ba136                                                                                                   
        56            137              0        4.300000E+00   1.000000E+00   1.228572E+00      Ba137                                                                                                   
        56            138              0        2.800000E-01   4.000000E-02   7.777777E-01      Ba138                                                                                                   
        56            139              0        2.200000E+00   5.000000E-01   1.000000E+00      Ba139                                                                                                   
        56            140              0        1.360000E+01   1.400000E+00   1.000000E+00      Ba140                                                                                                   
        57            138              0        4.090000E+02   9.000000E+01   1.000000E+00      La138                                                                                                   
        57            139              0        1.210000E+01   6.000000E-02   1.050347E+00      La139                                                                                                   
        57            140              0        6.900000E+01   4.000000E+00   1.000000E+00      La140                                                                                                   
        58            136              0        7.700000E+01   1.200000E+01   1.115942E+00      Ce136                                                                                                   
        58            138              0        6.700000E+00   3.400000E+00   6.320754E-01      Ce138                                                                                                   
        58            140              0        5.400000E-01   5.000000E-02   1.125000E+00      Ce140                                                                                                   
        58            141              0        1.510000E+02   2.000000E+00   9.496855E-01      Ce141                                                                                                   
        58            142              0        1.150000E+00   5.000000E-02   9.829060E-01      Ce142                                                                                                   
        58            143              0        2.700000E+00   3.000000E-01   1.000000E+00      Ce143                                                                                                   
        58            144              0        2.600000E+00   3.000000E-01   1.000000E+00      Ce144                                                                                                   
        59            141              0        1.740000E+01   4.200000E+00   1.094340E+00      Pr141                                                                                                   
        59            142              0        9.000000E+00   1.000000E+00   1.000000E+00      Pr142                                                                                                   
        59            143              0        1.900000E+02   2.500000E+01   1.000000E+00      Pr143                                                                                                   
        60            142              0        3.400000E+01   1.100000E+01   5.483871E+00      Nd142                                                                                                   
        60            143              0        1.290000E+02   3.000000E+01   9.847328E-01      Nd143                                                                                                   
        60            144              0        4.200000E+00   5.000000E-01   9.333333E-01      Nd144                                                                                                   
        60            145              0        2.300000E+02   3.500000E+01   1.026786E+00      Nd145                                                                                                   
        60            146              0        2.570000E+00   1.400000E-01   9.884616E-01      Nd146                                                                                                   
        60            147              0        4.300000E+02   0.000000E+00   8.190476E-01      Nd147                                                                                                   
        60            148              0        1.550000E+01   1.500000E+00   1.237031E+00      Nd148                                                                                                   
        60            150              0        1.520000E+01   8.000000E-01   1.000000E+00      Nd150                                                                                                   
        61            147              0        2.060000E+03   1.000000E+02   9.342403E-01      Pm147                                                                                                   
        61            148              0        2.600000E+03   2.400000E+03   1.000000E+00      Pm148                                                                                                   
        62            144              0        2.380000E+00   1.700000E-01   1.000000E+00      Sm144                                                                                                   
        62            145              0        6.000000E+02   9.000000E+01   1.000000E+00      Sm145                                                                                                   
        62            147              0        7.770000E+02   3.000000E+01   9.987146E-01      Sm147                                                                                                   
        62            148              0        2.700000E+01   1.400000E+01   1.000000E+00      Sm148                                                                                                   
        62            149              0        3.390000E+03   5.000000E+02   9.874745E-01      Sm149                                                                                                   
        62            150              0        3.580000E+02   5.000000E+01   1.075075E+00      Sm150                                                                                                   
        62            151              0        3.770000E+03   1.600000E+02   1.096249E+00      Sm151                                                                                                   
        62            152              0        2.970000E+03   1.000000E+02   9.976487E-01      Sm152                                                                                                   
        62            154              0        3.600000E+01   4.000000E+00   1.085318E+00      Sm154                                                                                                   
        63            151              0        3.300000E+03   3.000000E+02   9.792285E-01      Eu151                                                                                                   
        63            152              0        1.580000E+03   2.000000E+02   6.845754E-01      Eu152                                                                                                   
        63            153              0        1.420000E+03   1.000000E+02   8.091168E-01      Eu153                                                                                                   
        63            154              0        8.020000E+02   2.000000E+02   6.169231E-01      Eu154                                                                                                   
        63            155              0        2.320000E+04   3.000000E+02   1.494845E+00      Eu155                                                                                                   
        64            152              0        2.020000E+03   1.600000E+02   3.458904E+00      Gd152                                                                                                   
        64            154              0        2.450000E+02   3.000000E+01   2.289720E+00      Gd154                                                                                                   
        64            155              0        1.540000E+03   1.000000E+02   1.000650E+00      Gd155                                                                                                   
        64            156              0        1.040000E+02   1.500000E+01   9.629630E-01      Gd156                                                                                                   
        64            157              0        7.540000E+02   2.000000E+01   9.934124E-01      Gd157                                                                                                   
        64            158              0        7.700000E+01   7.000000E+00   1.179173E+00      Gd158                                                                                                   
        64            160              0        7.400000E+00   1.000000E+00   1.239531E+00      Gd160                                                                                                   
        65            159              0        4.180000E+02   2.000000E+01   9.739049E-01      Tb159                                                                                                   
        66            156              0        8.700000E+02   8.000000E+01   9.062500E-01      Dy156                                                                                                   
        66            158              0        1.200000E+02   2.000000E+01   1.000000E+00      Dy158                                                                                                   
        66            160              0        1.120000E+03   9.000000E+01   9.982175E-01      Dy160                                                                                                   
        66            161              0        1.080000E+03   8.000000E+01   1.000927E+00      Dy161                                                                                                   
        66            162              0        2.740000E+03   2.700000E+02   1.165957E+00      Dy162                                                                                                   
        66            163              0        1.470000E+03   1.000000E+02   7.500000E-01      Dy163                                                                                                   
        66            164              0        3.410000E+02   2.000000E+01   7.089397E-01      Dy164                                                                                                   
        66            165              0        2.200000E+04   3.000000E+03   1.000000E+00      Dy165                                                                                                   
        67            165              0        6.650000E+02   2.000000E+01   1.034215E+00      Ho165                                                                                                   
        67            166              0        1.000000E+04   2.700000E+03   1.000000E+00      Ho166                                                                                                   
        68            162              0        4.800000E+02   5.000000E+01   1.000000E+00      Er162                                                                                                   
        68            164              0        1.050000E+02   1.000000E+01   1.000000E+00      Er164                                                                                                   
        68            166              0        9.500000E+01   7.000000E+00   8.636364E-01      Er166                                                                                                   
        68            167              0        2.970000E+03   7.000000E+01   9.949749E-01      Er167                                                                                                   
        68            168              0        3.700000E+01   5.000000E+00   9.635416E-01      Er168                                                                                                   
        68            170              0        3.540000E+01   5.900000E+00   8.939395E-01      Er170                                                                                                   
        68            171              0        1.700000E+02   2.000000E+01   1.000000E+00      Er171                                                                                                   
        69            169              0        1.660000E+03   5.000000E+01   1.139327E+00      Tm169                                                                                                   
        69            170              0        4.600000E+02   5.000000E+01   9.028459E-01      Tm170                                                                                                   
        69            171              0        1.180000E+02   6.000000E+00   1.000000E+00      Tm171                                                                                                   
        70            168              0        2.130000E+04   1.000000E+03   1.492746E+00      Yb168                                                                                                   
        70            169              0        5.200000E+03   5.000000E+02   1.000000E+00      Yb169                                                                                                   
        70            170              0        3.100000E+02   3.000000E+01   1.000000E+00      Yb170                                                                                                   
        70            171              0        3.180000E+02   3.000000E+01   1.000000E+00      Yb171                                                                                                   
        70            172              0        2.500000E+01   3.000000E+00   1.000000E+00      Yb172                                                                                                   
        70            173              0        3.800000E+02   3.000000E+01   1.000000E+00      Yb173                                                                                                   
        70            174              0        2.700000E+01   1.000000E+01   9.440559E-01      Yb174                                                                                                   
        70            176              0        6.900000E+00   6.000000E-01   9.452055E-01      Yb176                                                                                                   
        71            175              0        6.200000E+02   5.000000E+01   1.000000E+00      Lu175                                                                                                   
        71            176              0        1.100000E+03   0.000000E+00   2.973777E-01      Lu176                                                                                                   
        71            177              0        1.400000E+00   2.000000E-01   1.000000E+00      Lu177                                                                                                   
        72            174              0        3.070000E+02   1.500000E+01   6.831331E-01      Hf174                                                                                                   
        72            176              0        7.080000E+02   1.500000E+01   1.020173E+00      Hf176                                                                                                   
        72            177              0        7.200000E+03   2.000000E+02   9.981977E-01      Hf177                                                                                                   
        72            178              0        1.880000E+03   2.000000E+01   1.004810E+00      Hf178                                                                                                   
        72            180              0        3.300000E+01   1.000000E+00   9.939759E-01      Hf180                                                                                                   
        73            180              0        1.350000E+03   1.000000E+02   1.000000E+00      Ta180                                                                                                   
        73            181              0        6.500000E+02   0.000000E+00   9.587021E-01      Ta181                                                                                                   
        73            182              0        9.430000E+02   5.000000E+01   8.921476E-01      Ta182                                                                                                   
        74            180              0        2.140000E+02   3.000000E+01   8.549740E-01      W180                                                                                                    
        74            182              0        6.000000E+02   6.000000E+01   9.538951E-01      W182                                                                                                    
        74            183              0        3.550000E+02   3.000000E+01   1.047198E+00      W183                                                                                                    
        74            184              0        1.470000E+01   1.500000E+00   1.000000E+00      W184                                                                                                    
        74            185              0        1.160000E+02   5.000000E+01   1.000000E+00      W185                                                                                                    
        74            186              0        4.800000E+02   1.500000E+01   1.010526E+00      W186                                                                                                    
        74            187              0        2.760000E+03   5.500000E+02   1.000000E+00      W187                                                                                                    
        75            185              0        1.730000E+03   5.000000E+01   9.948246E-01      Re185                                                                                                   
        75            187              0        3.000000E+02   2.000000E+01   9.966778E-01      Re187                                                                                                   
        76            184              0        6.010000E+02   5.100000E+01   3.723668E-01      Os184                                                                                                   
        76            186              0        2.540000E+02   3.000000E+01   1.000000E+00      Os186                                                                                                   
        76            187              0        5.070000E+02   7.000000E+01   1.000000E+00      Os187                                                                                                   
        76            188              0        1.520000E+02   2.000000E+01   1.000000E+00      Os188                                                                                                   
        76            189              0        6.600000E+02   4.000000E+01   1.000000E+00      Os189                                                                                                   
        76            190              0        2.100000E+01   0.000000E+00   2.727273E+00      Os190                                                                                                   
        76            191              0        1.700000E+02   3.000000E+01   1.000000E+00      Os191                                                                                                   
        76            192              0        7.000000E+00   4.000000E+00   9.383378E-01      Os192                                                                                                   
        77            191              0        3.550000E+03   1.000000E+02   1.000000E+00      Ir191                                                                                                   
        77            192              0        3.410000E+03   0.000000E+00   1.000000E+00      Ir192                                                                                                   
        77            193              0        1.350000E+03   1.000000E+02   8.620690E-01      Ir193                                                                                                   
        77            194              0        7.000000E+02   2.000000E+02   1.000000E+00      Ir194                                                                                                   
        78            190              0        7.200000E+01   1.000000E+01   1.000000E+00      Pt190                                                                                                   
        78            192              0        1.180000E+02   3.000000E+01   1.000000E+00      Pt192                                                                                                   
        78            194              0        4.000000E+00   1.000000E+00   1.000000E+00      Pt194                                                                                                   
        78            195              0        3.670000E+02   2.500000E+01   1.000000E+00      Pt195                                                                                                   
        78            196              0        7.100000E+00   3.000000E-01   1.276978E+00      Pt196                                                                                                   
        78            198              0        6.200000E+01   2.000000E+00   1.082024E+00      Pt198                                                                                                   
        78            199              0        7.000000E+00   0.000000E+00   1.000000E+00      Pt199                                                                                                   
        79            197              0        1.560000E+03   2.800000E+01   1.006581E+00      Au197                                                                                                   
        79            198              0        4.000000E+04   0.000000E+00   1.000000E+00      Au198                                                                                                   
        80            196              0        4.630000E+02   0.000000E+00   1.102381E+00      Hg196                                                                                                   
        80            198              0        7.200000E+01   2.000000E+00   9.664429E-01      Hg198                                                                                                   
        80            199              0        4.340000E+02   2.000000E+01   9.886105E-01      Hg199                                                                                                   
        80            200              0        1.500000E+00   5.000000E-01   5.769231E-01      Hg200                                                                                                   
        80            201              0        3.000000E+01   3.000000E+00   9.090909E-01      Hg201                                                                                                   
        80            202              0        2.900000E+00   2.000000E-01   7.591624E-01      Hg202                                                                                                   
        80            204              0        8.500000E-01   2.000000E-01   9.770115E-01      Hg204                                                                                                   
        81            203              0        3.960000E+01   2.000000E+00   9.949749E-01      Tl203                                                                                                   
        81            204              0        9.400000E+01   1.900000E-01   1.000000E+00      Tl204                                                                                                   
        81            205              0        6.600000E-01   1.000000E-01   8.979592E-01      Tl205                                                                                                   
        82            204              0        2.230000E+00   2.000000E-01   1.211957E+00      Pb204                                                                                                   
        82            205              0        2.000000E+00   0.000000E+00   1.000000E+00      Pb205                                                                                                   
        82            206              0        2.230000E-01   1.400000E-01   1.956140E+00      Pb206                                                                                                   
        82            207              0        3.200000E-01   2.000000E-02   8.205128E-01      Pb207                                                                                                   
        82            208              0        1.100000E-03   2.000000E-04   1.774193E-01      Pb208                                                                                                   
        83            209              0        1.400000E-01   2.000000E-02   6.666667E-01      Bi209                                                                                                   
        83            210              0        2.000000E-01   3.000000E-02   1.000000E+00      Bi210                                                                                                   
        88            226              0        2.800000E+02   5.000000E+01   9.918527E-01      Ra226                                                                                                   
        89            227              0        1.660000E+03   8.000000E+01   1.000000E+00      Ac227                                                                                                   
        90            228              0        1.010000E+03   4.000000E+02   8.993767E-01      Th228                                                                                                   
        90            229              0        4.050000E+02   7.500000E+01   3.084539E-01      Th229                                                                                                   
        90            230              0        9.930000E+02   3.000000E+01   1.000000E+00      Th230                                                                                                   
        90            231              0        1.560000E+02   0.000000E+00   1.000000E+00      Th231                                                                                                   
        90            232              0        8.330000E+01   1.500000E+00   9.869668E-01      Th232                                                                                                   
        90            233              0        1.700000E+03   9.300000E+02   1.133333E+00      Th233                                                                                                   
        91            231              0        5.250000E+02   6.000000E+01   1.000000E+00      Pa231                                                                                                   
        91            232              0        1.170000E+02   3.000000E+01   1.000000E+00      Pa232                                                                                                   
        91            233              0        8.600000E+02   3.500000E+01   1.000000E+00      Pa233                                                                                                   
        92            232              0        3.500000E+02   3.000000E+01   1.250000E+00      U232                                                                                                    
        92            233              0        1.380000E+02   6.000000E+00   1.000000E+00      U233                                                                                                    
        92            234              0        5.600000E-01   0.000000E+00   3.733333E-03      U234                                                                                                    
        92            235              0        2.750000E+02   5.000000E+00   1.883562E+00      U235                                                                                                    
        92            236              0        4.100000E+00   1.000000E+00   1.171429E-02      U236                                                                                                    
        92            237              0        1.400000E+01   0.000000E+00   1.166667E-02      U237                                                                                                    
        92            238              0        1.630000E-03   1.600000E-04   5.905797E-06      U238                                                                                                    
        93            235              0        1.350000E+03   3.000000E+02   1.000000E+00      Np235                                                                                                   
        93            236              0        1.350000E+03   8.600000E+01   9.977827E-01      Np236                                                                                                   
        93            237              0        4.700000E+00   2.300000E-01   7.208589E-03      Np237                                                                                                   
        93            238              0        8.830000E+02   7.000000E+01   4.393035E+00      Np238                                                                                                   
        94            236              0        9.900000E+02   3.000000E+01   3.991935E+00      Pu236                                                                                                   
        94            238              0        1.620000E+02   1.500000E+01   1.109589E+00      Pu238                                                                                                   
        94            239              0        3.030000E+02   1.000000E+01   1.683333E+00      Pu239                                                                                                   
        94            240              0        3.160000E+00   0.000000E+00   3.727294E-04      Pu240                                                                                                   
        94            241              0        5.700000E+02   1.500000E+01   3.114754E+00      Pu241                                                                                                   
        94            242              0        1.200000E-01   0.000000E+00   9.230769E-04      Pu242                                                                                                   
        94            243              0        5.500000E+02   8.000000E+01   2.037037E+00      Pu243                                                                                                   
        94            244              0        4.060000E+01   2.900000E+00   8.120000E-01      Pu244                                                                                                   
        94            245              0        2.200000E+02   4.000000E+01   1.000000E+00      Pu245                                                                                                   
        95            241              0        1.440000E+01   1.000000E+00   1.010526E-02      Am241                                                                                                   
        95            242              0        3.000000E+02   0.000000E+00   1.000000E+00      Am242                                                                                                   
        95            243              0        1.820000E+03   7.000000E+01   1.000000E+00      Am243                                                                                                   
        96            242              0        1.100000E+02   2.000000E+01   1.000000E+00      Cm242                                                                                                   
        96            243              0        2.150000E+02   2.000000E+01   1.168478E+00      Cm243                                                                                                   
        96            244              0        1.250000E+01   2.500000E+00   1.908397E-02      Cm244                                                                                                   
        96            245              0        1.010000E+02   8.000000E+00   9.901960E-01      Cm245                                                                                                   
        96            246              0        1.020000E+01   4.000000E-01   8.429752E-02      Cm246                                                                                                   
        96            247              0        7.600000E+02   5.000000E+01   1.433962E+00      Cm247                                                                                                   
        96            248              0        1.310000E+01   1.500000E+00   4.851852E-02      Cm248                                                                                                   
        97            249              0        1.110000E+03   1.000000E+02   9.964094E-01      Bk249                                                                                                   
        98            249              0        2.380000E+03   8.500000E+01   3.111111E+00      Cf249                                                                                                   
        98            250              0        1.160000E+04   5.000000E+02   9.747899E-01      Cf250                                                                                                   
        98            251              0        1.600000E+03   3.000000E+01   1.000000E+00      Cf251                                                                                                   
        98            252              0        4.250000E+01   3.000000E+00   9.770115E-01      Cf252                                                                                                   
        98            253              0        2.000000E+03   4.000000E+02   1.538462E+02      Cf253                                                                                                   
        98            254              0        2.800000E+01   0.000000E+00   1.000000E+00      Cf254                                                                                                   
        99            253              0        3.860000E+03   2.000000E+02   9.989648E-01      Es253                                                                                                   
        99            254              0        1.200000E+03   2.500000E+02   1.000000E+00      Es254                                                                                                   
       100            255              0        1.400000E+01   2.000000E+00   1.000000E+00      Fm255                                                                                                   
