# header:
#   title: Ig resonance data for Mughabghab-2018
#   source: Resonancetables
#   date: 2025-05-27
# reaction:
#   type: Ig
# quantity:
#   type: resonance data
# datablock:
#   columns: 7
#   entries: 208
##       Z              A            Liso           Value         dValue          Ratio         Nuclide
##      []             []             []            [eV]           [eV]            []             []
         8             18              0        8.100000E-04   4.000000E-05   1.000000E+00      O018                                                                                                    
         9             19              0        1.800000E-02   3.000000E-03   8.910891E-01      F019                                                                                                    
        11             23              0        3.120000E-01   1.000000E-02   1.029703E+00      Na023                                                                                                   
        12             26              0        2.400000E-02   2.000000E-03   1.000000E+00      Mg026                                                                                                   
        13             27              0        1.250000E-01   6.000000E-03   7.763975E-01      Al027                                                                                                   
        14             30              0        9.800000E-02   7.000000E-03   7.777777E-01      Si030                                                                                                   
        16             36              0        1.700000E-01   4.000000E-03   4.735376E-01      S036                                                                                                    
        17             35              0        1.790000E+01   3.000000E-01   1.000000E+00      Cl035                                                                                                   
        17             36              0        3.800000E+00   0.000000E+00   1.000000E+00      Cl036                                                                                                   
        17             37              0        3.000000E-01   4.000000E-02   1.038062E+00      Cl037                                                                                                   
        18             40              0        4.100000E-01   3.000000E-02   1.012346E+00      Ar040                                                                                                   
        19             39              0        1.100000E+00   1.000000E-01   1.000000E+00      K039                                                                                                    
        19             40              0        1.300000E+01   4.000000E+00   1.000000E+00      K040                                                                                                    
        19             41              0        1.420000E+00   6.000000E-02   1.123418E+00      K041                                                                                                    
        20             44              0        5.600000E-01   1.000000E-02   1.000000E+00      Ca044                                                                                                   
        20             46              0        9.600000E-01   1.000000E-01   1.026738E+00      Ca046                                                                                                   
        20             48              0        8.900000E-01   1.800000E-01   1.731517E+00      Ca048                                                                                                   
        21             45              0        1.210000E+01   5.000000E-01   1.070796E+00      Sc045                                                                                                   
        22             50              0        9.000000E-02   3.000000E-03   7.563025E-01      Ti050                                                                                                   
        23             51              0        2.700000E+00   1.000000E-01   1.023891E+00      V051                                                                                                    
        24             50              0        7.200000E+00   2.000000E-01   9.000000E-01      Cr050                                                                                                   
        25             53              0        4.510000E+01   1.100000E+00   1.000000E+00      Mn053                                                                                                   
        25             54              0        1.700000E+01   0.000000E+00   1.000000E+00      Mn054                                                                                                   
        25             55              0        1.330000E+01   5.000000E-01   9.568346E-01      Mn055                                                                                                   
        26             58              0        1.500000E+00   7.000000E-02   1.190476E+00      Fe058                                                                                                   
        27             57              0        2.000000E+01   1.900000E+00   1.000000E+00      Co057                                                                                                   
        27             58              0        6.890000E+03   1.000000E+03   1.000000E+00      Co058                                                                                                   
        27             59              0        7.580000E+01   2.000000E+00   1.002646E+00      Co059                                                                                                   
        27             60              0        4.300000E+00   9.000000E-01   1.000000E+00      Co060                                                                                                   
        27             60              1        2.300000E+02   5.000000E+00   1.000000E+00      Co060m                                                                                                  
        28             64              0        1.070000E+00   1.500000E-01   9.816514E-01      Ni064                                                                                                   
        30             64              0        1.370000E+00   6.000000E-02   9.647888E-01      Zn064                                                                                                   
        30             68              0        3.500000E+00   1.500000E-01   1.000000E+00      Zn068                                                                                                   
        30             70              0        9.600000E-01   6.000000E-02   1.000000E+00      Zn070                                                                                                   
        31             71              0        3.230000E+01   2.300000E+00   1.000000E+00      Ga071                                                                                                   
        32             74              0        7.600000E-01   2.000000E-01   1.000000E+00      Ge074                                                                                                   
        32             76              0        1.860000E+00   2.400000E-01   1.000000E+00      Ge076                                                                                                   
        33             75              0        6.300000E+01   2.000000E+00   1.202290E+00      As075                                                                                                   
        34             74              0        5.760000E+02   2.200000E+01   9.713322E-01      Se074                                                                                                   
        34             79              0        1.076000E+02   0.000000E+00   1.000000E+00      Se079                                                                                                   
        34             80              0        1.050000E+00   1.000000E-02   1.000000E+00      Se080                                                                                                   
        35             79              0        1.202000E+02   7.200000E+00   1.000000E+00      Br079                                                                                                   
        35             81              0        4.600000E+01   2.600000E+00   1.000000E+00      Br081                                                                                                   
        36             80              0        5.740000E+01   5.600000E+00   1.000000E+00      Kr080                                                                                                   
        36             82              0        1.560000E+02   2.000000E+01   1.000000E+00      Kr082                                                                                                   
        36             84              0        2.430000E+00   2.000000E-01   1.000000E+00      Kr084                                                                                                   
        36             85              0        1.800000E+00   1.000000E+00   1.000000E+00      Kr085                                                                                                   
        37             85              0        6.830000E+00   2.200000E-01   9.192463E-01      Rb085                                                                                                   
        37             87              0        2.380000E+00   1.200000E-01   1.004220E+00      Rb087                                                                                                   
        38             84              0        9.650000E+00   4.900000E-01   1.023330E+00      Sr084                                                                                                   
        38             90              0        1.040000E-01   1.600000E-02   1.000000E+00      Sr090                                                                                                   
        40             88              0        1.521000E+04   6.700000E+02   1.000000E+00      Zr088                                                                                                   
        40             96              0        5.280000E+00   1.100000E-01   1.017341E+00      Zr096                                                                                                   
        41             93              0        8.370000E+00   3.700000E-01   9.905326E-01      Nb093                                                                                                   
        41             94              0        1.250000E+02   8.000000E+00   1.000000E+00      Nb094                                                                                                   
        42             98              0        6.700000E+00   3.000000E-01   9.668109E-01      Mo098                                                                                                   
        42            100              0        3.760000E+00   1.500000E-01   1.038674E+00      Mo100                                                                                                   
        43             99              0        3.580000E+02   2.000000E+01   1.000000E+00      Tc099                                                                                                   
        44            100              0        1.120000E+01   1.100000E+00   1.000000E+00      Ru100                                                                                                   
        44            101              0        1.110000E+02   1.000000E+01   1.000000E+00      Ru101                                                                                                   
        44            104              0        6.300000E+00   2.000000E-01   9.767442E-01      Ru104                                                                                                   
        44            106              0        2.000000E+00   6.000000E-01   1.000000E+00      Ru106                                                                                                   
        45            103              0        1.012000E+03   5.000000E+01   8.792354E-01      Rh103                                                                                                   
        45            105              0        1.700000E+04   3.000000E+03   1.000000E+00      Rh105                                                                                                   
        46            102              0        2.300000E+01   4.000000E+00   1.000000E+00      Pd102                                                                                                   
        46            106              0        7.500000E+00   3.000000E-01   1.000000E+00      Pd106                                                                                                   
        46            108              0        1.380000E+02   8.000000E+00   5.815914E-01      Pd108                                                                                                   
        46            110              0        3.000000E+00   3.000000E-01   1.000000E+00      Pd110                                                                                                   
        47            107              0        1.070000E+02   5.000000E+00   1.137693E+00      Ag107                                                                                                   
        47            110              1        6.440000E+01   7.000000E+00   1.000000E+00      Ag110m                                                                                                  
        47            111              0        1.050000E+02   2.000000E+01   1.000000E+00      Ag111                                                                                                   
        48            106              0        5.771000E+00   2.000000E-01   1.000000E+00      Cd106                                                                                                   
        48            108              0        1.636000E+01   5.000000E-01   1.000000E+00      Cd108                                                                                                   
        48            110              0        3.303800E+01   3.000000E+00   1.000000E+00      Cd110                                                                                                   
        48            111              0        4.986600E+01   4.000000E+00   1.000000E+00      Cd111                                                                                                   
        48            112              0        1.296000E+01   1.000000E+00   1.000000E+00      Cd112                                                                                                   
        48            113              0        3.999400E+02   7.000000E+00   1.000000E+00      Cd113                                                                                                   
        48            114              0        1.234600E+01   1.000000E+00   1.000000E+00      Cd114                                                                                                   
        48            116              0        1.774000E+00   2.000000E-01   1.000000E+00      Cd116                                                                                                   
        49            115              0        3.300000E+03   1.000000E+02   1.000000E+00      In115                                                                                                   
        50            112              0        2.740000E+01   1.700000E+00   1.046201E+00      Sn112                                                                                                   
        50            113              0        2.280000E+02   5.000000E+00   1.000000E+00      Sn113                                                                                                   
        50            122              0        8.400000E-01   5.000000E-02   1.000000E+00      Sn122                                                                                                   
        51            121              0        2.020000E+02   2.000000E+01   9.694294E-01      Sb121                                                                                                   
        52            126              0        8.000000E+00   6.000000E-01   1.000000E+00      Te126                                                                                                   
        52            130              0        4.200000E-01   2.000000E-02   1.000000E+00      Te130                                                                                                   
        53            125              0        1.373000E+04   2.000000E+03   1.000000E+00      I125                                                                                                    
        53            126              0        4.060000E+04   0.000000E+00   1.000000E+00      I126                                                                                                    
        53            127              0        1.620000E+02   8.000000E+00   1.210129E+00      I127                                                                                                    
        53            129              0        3.380000E+01   1.400000E+00   1.000000E+00      I129                                                                                                    
        54            124              0        3.600000E+03   7.000000E+02   1.000000E+00      Xe124                                                                                                   
        54            126              0        6.100000E+01   6.000000E+00   1.000000E+00      Xe126                                                                                                   
        54            129              0        2.600000E+02   1.500000E+01   1.000000E+00      Xe129                                                                                                   
        54            131              0        8.830000E+02   5.000000E+01   1.000000E+00      Xe131                                                                                                   
        54            132              0        5.000000E+00   6.000000E-01   1.000000E+00      Xe132                                                                                                   
        54            134              0        3.800000E-01   4.000000E-02   1.000000E+00      Xe134                                                                                                   
        54            136              0        7.400000E-01   2.100000E-01   1.000000E+00      Xe136                                                                                                   
        55            132              0        4.380000E+02   2.600000E+01   1.000000E+00      Cs132                                                                                                   
        55            133              0        4.380000E+02   2.600000E+01   1.203297E+00      Cs133                                                                                                   
        55            135              0        3.810000E+01   2.600000E+00   1.000000E+00      Cs135                                                                                                   
        56            130              0        1.760000E+02   7.000000E+00   1.042037E+00      Ba130                                                                                                   
        56            140              0        1.360000E+01   1.400000E+00   1.000000E+00      Ba140                                                                                                   
        57            138              0        4.090000E+02   9.000000E+01   1.000000E+00      La138                                                                                                   
        57            139              0        1.210000E+01   6.000000E-01   1.050347E+00      La139                                                                                                   
        57            140              0        6.900000E+01   4.000000E+00   1.000000E+00      La140                                                                                                   
        58            136              0        6.900000E+01   3.200000E+00   1.000000E+00      Ce136                                                                                                   
        58            138              0        1.060000E+01   5.000000E-01   1.000000E+00      Ce138                                                                                                   
        58            140              0        5.500000E-01   5.000000E-02   1.145833E+00      Ce140                                                                                                   
        58            142              0        1.150000E+00   5.000000E-02   9.829060E-01      Ce142                                                                                                   
        58            144              0        2.600000E+00   3.000000E-01   1.000000E+00      Ce144                                                                                                   
        59            141              0        1.590000E+01   6.000000E-01   1.000000E+00      Pr141                                                                                                   
        59            143              0        1.900000E+02   2.500000E+01   1.000000E+00      Pr143                                                                                                   
        60            145              0        2.240000E+02   2.000000E+01   1.000000E+00      Nd145                                                                                                   
        60            146              0        2.570000E+00   1.400000E-01   9.884616E-01      Nd146                                                                                                   
        60            148              0        1.430000E+01   1.300000E+00   1.141261E+00      Nd148                                                                                                   
        60            150              0        1.520000E+01   8.000000E-01   1.000000E+00      Nd150                                                                                                   
        61            148              1        3.600000E+03   2.400000E+03   1.000000E+00      Pm148m                                                                                                  
        62            144              0        2.380000E+00   1.700000E-01   1.000000E+00      Sm144                                                                                                   
        62            145              0        6.000000E+02   9.000000E+01   1.000000E+00      Sm145                                                                                                   
        62            146              0        6.000000E+02   9.000000E+01   1.000000E+00      Sm146                                                                                                   
        62            148              0        2.700000E+01   1.400000E+01   1.000000E+00      Sm148                                                                                                   
        62            154              0        3.600000E+01   4.000000E+00   1.085318E+00      Sm154                                                                                                   
        63            151              0        3.370000E+03   1.000000E+02   1.000000E+00      Eu151                                                                                                   
        64            152              0        4.230000E+02   2.800000E+01   7.243150E-01      Gd152                                                                                                   
        64            154              0        1.070000E+02   3.000000E+01   1.000000E+00      Gd154                                                                                                   
        64            158              0        7.300000E+01   7.000000E+00   1.117917E+00      Gd158                                                                                                   
        65            158              0        4.300000E+02   2.000000E+01   1.000000E+00      Tb158                                                                                                   
        65            159              0        4.300000E+02   2.000000E+01   1.001864E+00      Tb159                                                                                                   
        66            156              0        9.600000E+02   8.000000E+01   1.000000E+00      Dy156                                                                                                   
        66            158              0        1.200000E+02   2.000000E+01   1.000000E+00      Dy158                                                                                                   
        66            160              0        1.122000E+03   9.000000E+01   1.000000E+00      Dy160                                                                                                   
        66            162              0        2.350000E+03   3.000000E+02   1.000000E+00      Dy162                                                                                                   
        66            163              0        1.960000E+03   1.750000E+02   1.000000E+00      Dy163                                                                                                   
        66            165              0        2.200000E+04   3.000000E+03   1.000000E+00      Dy165                                                                                                   
        66            165              1        2.200000E+04   3.000000E+03   1.000000E+00      Dy165m                                                                                                  
        67            165              0        6.600000E+02   2.200000E+01   1.026439E+00      Ho165                                                                                                   
        68            162              0        4.800000E+02   5.000000E+01   1.000000E+00      Er162                                                                                                   
        68            164              0        1.050000E+02   1.000000E+01   1.000000E+00      Er164                                                                                                   
        68            166              0        1.100000E+02   7.000000E+00   1.000000E+00      Er166                                                                                                   
        68            167              0        2.985000E+03   7.000000E+01   1.000000E+00      Er167                                                                                                   
        68            168              0        3.840000E+01   5.000000E+00   1.000000E+00      Er168                                                                                                   
        68            170              0        4.450000E+01   4.000000E+00   1.123737E+00      Er170                                                                                                   
        70            168              0        1.968400E+04   5.000000E+02   1.379494E+00      Yb168                                                                                                   
        70            174              0        2.700000E+01   3.000000E+00   9.440559E-01      Yb174                                                                                                   
        71            173              0        1.254000E+03   7.500000E+01   1.000000E+00      Lu173                                                                                                   
        71            175              0        6.200000E+02   5.000000E+01   1.000000E+00      Lu175                                                                                                   
        72            174              0        3.390000E+02   1.500000E+01   7.543392E-01      Hf174                                                                                                   
        72            180              0        3.200000E+01   1.000000E+00   9.638554E-01      Hf180                                                                                                   
        72            182              0        5.850000E+03   6.600000E+02   1.000000E+00      Hf182                                                                                                   
        73            179              0        1.216000E+03   6.900000E+01   1.000000E+00      Ta179                                                                                                   
        73            181              0        6.550000E+02   2.000000E+01   9.660767E-01      Ta181                                                                                                   
        74            184              0        1.470000E+01   1.500000E+00   1.000000E+00      W184                                                                                                    
        74            186              0        4.800000E+02   1.500000E+01   1.010526E+00      W186                                                                                                    
        74            187              0        2.760000E+03   5.500000E+02   1.000000E+00      W187                                                                                                    
        75            185              0        1.739000E+03   5.000000E+01   1.000000E+00      Re185                                                                                                   
        76            184              0        6.010000E+02   5.100000E+01   3.723668E-01      Os184                                                                                                   
        76            190              0        3.000000E+01   2.000000E+00   3.896104E+00      Os190                                                                                                   
        77            191              0        3.550000E+03   1.000000E+02   1.000000E+00      Ir191                                                                                                   
        77            193              0        1.370000E+03   1.000000E+02   8.748404E-01      Ir193                                                                                                   
        78            190              0        7.200000E+01   1.000000E+01   1.000000E+00      Pt190                                                                                                   
        78            196              0        5.560000E+00   4.000000E-01   1.000000E+00      Pt196                                                                                                   
        78            198              0        5.500000E+01   2.000000E+00   9.598604E-01      Pt198                                                                                                   
        79            197              0        1.550000E+03   2.800000E+01   1.000129E+00      Au197                                                                                                   
        80            204              0        8.500000E-01   2.000000E-01   9.770115E-01      Hg204                                                                                                   
        81            203              0        3.980000E+01   2.000000E+00   1.000000E+00      Tl203                                                                                                   
        83            210              1        2.000000E-01   3.000000E-02   1.000000E+00      Bi210m                                                                                                  
        89            227              0        1.660000E+03   3.000000E+01   1.000000E+00      Ac227                                                                                                   
        90            230              0        9.930000E+02   3.000000E+01   1.000000E+00      Th230                                                                                                   
        90            232              0        8.330000E+01   1.500000E+00   9.869668E-01      Th232                                                                                                   
        90            233              0        1.500000E+03   1.500000E+02   1.000000E+00      Th233                                                                                                   
        91            231              0        5.250000E+02   6.000000E+01   1.000000E+00      Pa231                                                                                                   
        91            232              0        1.170000E+02   3.000000E+01   1.000000E+00      Pa232                                                                                                   
        91            233              0        8.600000E+02   3.500000E+01   1.000000E+00      Pa233                                                                                                   
        92            232              0        2.800000E+02   1.500000E+01   1.000000E+00      U232                                                                                                    
        92            233              0        1.380000E+02   6.000000E+00   1.000000E+00      U233                                                                                                    
        92            234              0        1.500000E+02   2.000000E+01   1.000000E+00      U234                                                                                                    
        92            235              0        1.460000E+02   6.000000E+00   1.000000E+00      U235                                                                                                    
        92            236              0        3.500000E+02   1.500000E+01   1.000000E+00      U236                                                                                                    
        92            237              0        1.200000E+03   2.000000E+02   1.000000E+00      U237                                                                                                    
        92            238              0        2.770000E+02   3.000000E+00   1.003623E+00      U238                                                                                                    
        92            239              0        2.500000E+01   1.500000E+01   1.000000E+00      U239                                                                                                    
        93            236              0        1.353000E+03   8.600000E+01   1.000000E+00      Np236                                                                                                   
        93            237              0        6.520000E+02   2.400000E+01   1.000000E+00      Np237                                                                                                   
        93            239              0        8.000000E+01   2.000000E+01   1.000000E+00      Np239                                                                                                   
        94            239              0        1.800000E+02   2.000000E+01   1.000000E+00      Pu239                                                                                                   
        94            240              0        8.478000E+03   2.000000E+02   1.000000E+00      Pu240                                                                                                   
        94            241              0        1.830000E+02   1.000000E+01   1.000000E+00      Pu241                                                                                                   
        94            242              0        1.300000E+02   3.000000E+01   1.000000E+00      Pu242                                                                                                   
        94            243              0        2.700000E+02   3.500000E+01   1.000000E+00      Pu243                                                                                                   
        94            244              0        5.000000E+01   2.900000E+00   1.000000E+00      Pu244                                                                                                   
        94            245              0        2.200000E+02   4.000000E+01   1.000000E+00      Pu245                                                                                                   
        95            241              0        1.425000E+03   1.000000E+02   1.000000E+00      Am241                                                                                                   
        95            243              0        1.820000E+03   7.000000E+01   1.000000E+00      Am243                                                                                                   
        96            242              0        1.100000E+02   2.000000E+01   1.000000E+00      Cm242                                                                                                   
        96            243              0        1.840000E+02   2.000000E+01   1.000000E+00      Cm243                                                                                                   
        96            244              0        6.550000E+02   3.000000E+01   1.000000E+00      Cm244                                                                                                   
        96            245              0        1.020000E+02   8.000000E+00   1.000000E+00      Cm245                                                                                                   
        96            246              0        1.210000E+02   7.000000E+00   1.000000E+00      Cm246                                                                                                   
        96            247              0        5.300000E+02   3.000000E+01   1.000000E+00      Cm247                                                                                                   
        96            248              0        2.700000E+02   1.500000E+01   1.000000E+00      Cm248                                                                                                   
        97            249              0        1.114000E+03   1.000000E+02   1.000000E+00      Bk249                                                                                                   
        98            249              0        7.650000E+02   3.500000E+01   1.000000E+00      Cf249                                                                                                   
        98            250              0        1.190000E+04   5.000000E+02   1.000000E+00      Cf250                                                                                                   
        98            251              0        1.600000E+03   3.000000E+01   1.000000E+00      Cf251                                                                                                   
        98            252              0        4.350000E+01   3.000000E+00   1.000000E+00      Cf252                                                                                                   
        98            253              0        1.300000E+01   3.000000E+00   1.000000E+00      Cf253                                                                                                   
        99            253              0        3.864000E+03   2.000000E+02   1.000000E+00      Es253                                                                                                   
        99            254              1        1.000000E+03   0.000000E+00   1.000000E+00      Es254m                                                                                                  
