# header: 
#   title: Ig resonance data
#   source: Resonancetables
#   date: 2025-08-25
# reaction: 
#   type: Ig
# quantity: 
#   type: resonance data
# datablock: 
#   columns: 12
#   entries: 464
##       Z              A            Liso           Value         dValue        Reference   Rel. dev. comp. Rel. dev. NDL Rel. dev. EXFOR Rel. dev. all  #Experiments      Nuclide
##      []             []             []            [eV]           [eV]            []             [%]            [%]            [%]            [%]            []             []
         1              1              0        1.490000E-01   1.000000E-03  JUKO                  0.00           0.00           0.00           0.08           0           H001  
         1              2              0        2.300000E-04   2.000000E-05  JUKO                  0.00           4.04           0.00           4.60           0           H002  
         2              3              0        3.600000E-04   1.800000E-04  Sukhoruchkin          0.00          19.90           0.00          34.04           0           He003 
         3              0              0        2.800000E+01   1.120000E+00  Macklin               0.00           0.00           0.00           0.00           1           Li000 
         3              6              0        1.740000E-02   1.400000E-03  Sukhoruchkin          0.29           0.00           0.00           0.29           0           Li006 
         3              7              0        2.045000E-02   0.000000E+00  Sukhoruchkin          3.65          49.92           0.00          40.88           0           Li007 
         4              9              0        4.520000E-03   2.200000E-04  Sukhoruchkin          8.65           8.14           0.00           8.46           0           Be009 
         5             10              0        2.200000E-01   9.000000E-02  Sukhoruchkin         25.71           0.00           0.00          25.71           0           B010  
         5             11              0        2.800000E-03   1.600000E-03  Sukhoruchkin         16.67           0.00           0.00          16.67           0           B011  
         6             12              0        1.970000E-03   6.000000E-05  Sukhoruchkin          3.68           7.34           0.00           7.15           0           C012  
         6             13              0        1.100000E-03   2.000000E-04  Sukhoruchkin          0.00           5.20           0.00          16.90           0           C013  
         7             14              0        3.380000E-02   2.400000E-03  Sukhoruchkin          3.15           6.29           0.00           5.58           0           N014  
         7             15              0        1.200000E-04   5.000000E-05  Sukhoruchkin          4.35          44.37           0.00          42.42           0           N015  
         8             16              0        7.400000E-04   2.300000E-04  Sukhoruchkin         46.53          49.95           0.00          56.19           0           O016  
         8             17              0        2.600000E-03   1.500000E-03  Sukhoruchkin         73.91           0.00           0.00          73.91           0           O017  
         8             18              0        8.100000E-04   4.000000E-05  Mughabghab-2018       0.00          50.89           9.98          44.95           3           O018  
         9             19              0        2.020000E-02   2.000000E-04  Kayzero               8.35           7.85           0.00          30.94           1           F019  
        10             20              0        1.770000E-02   3.000000E-03  Sukhoruchkin          0.00           3.50           0.00           2.95           0           Ne020 
        10             21              0        2.960000E-01   0.000000E+00  Sukhoruchkin          0.00          62.32           0.00          61.43           0           Ne021 
        10             22              0        2.200000E-02   3.000000E-03  Sukhoruchkin          0.00           3.13           0.00           2.95           0           Ne022 
        11             22              0        1.280000E+02   3.200000E+01  Sukhoruchkin          0.00           0.00           0.00          99.87           1           Na022 
        11             23              0        3.030000E-01   1.400000E-02  Kayzero               1.62           2.41         190.77         181.52          15           Na023 
        12              0              0        4.500000E-02   2.000000E-02  Tattersall            0.00           0.00          90.48          90.48           2           Mg000 
        12             24              0        3.100000E-02   3.000000E-03  Sukhoruchkin          8.82           6.17           0.00           7.35           0           Mg024 
        12             25              0        9.900000E-02   2.800000E-02  Sukhoruchkin         32.65           3.70           0.00          28.80           0           Mg025 
        12             26              0        2.400000E-02   1.000000E-03  Kayzero               9.72          18.88         136.14         140.51          10           Mg026 
        12             27              0        3.000000E-02   1.000000E-02  JUKO                  0.00           0.00           0.00           0.00           0           Mg027 
        13             27              0        1.610000E-01   1.000000E-03  Kayzero              13.04           2.27          25.47          23.46          10           Al027 
        14              0              0        5.000000E-01   2.000000E-02  Macklin               0.00           0.00           0.00           0.00           1           Si000 
        14             28              0        8.400000E-02   1.400000E-02  Sukhoruchkin          2.44           1.76           0.00           2.52           0           Si028 
        14             29              0        8.300000E-02   1.200000E-02  Sukhoruchkin          3.75           3.77           0.00           3.79           0           Si029 
        14             30              0        1.260000E-01   8.000000E-03  Kayzero              69.05          63.33          74.14          67.49           2           Si030 
        14             31              0        3.300000E-02   3.000000E-03  JUKO                  0.00           0.00           0.00           0.00           0           Si031 
        15             31              0        1.400000E-01   3.000000E-02  Sukhoruchkin         27.85          28.15           0.00          29.90           1           P031  
        16              0              0        6.000000E-01   2.400000E-02  Macklin               0.00           0.00           0.00           0.00           1           S000  
        16             32              0        2.500000E-01   9.000000E-03  Sukhoruchkin          0.81           1.43           0.00           1.32           0           S032  
        16             33              0        1.640000E-01   2.600000E-02  Sukhoruchkin         16.54          17.55           0.00          17.30           0           S033  
        16             34              0        1.010000E-01   5.000000E-03  Sukhoruchkin          2.42           7.60           0.00           6.77           0           S034  
        16             36              0        3.590000E-01   3.590000E-01  Kayzero              38.24          10.45           0.00          49.17           1           S036  
        17              0              0        1.200000E+01   4.800000E-01  Macklin               0.00           0.00           0.00           0.00           1           Cl000 
        17             35              0        1.790000E+01   3.000000E-01  Mughabghab-2018       0.26           0.65           0.00           0.54           0           Cl035 
        17             36              0        3.800000E+00   0.000000E+00  Mughabghab-2018       0.00           0.00           0.00           0.00           0           Cl036 
        17             37              0        2.890000E-01   6.000000E-03  Kayzero              13.70           1.65          32.11          25.73           5           Cl037 
        18             36              0        2.275000E+00   7.000000E-03  Sukhoruchkin          6.43           1.69           0.00           5.64           0           Ar036 
        18             40              0        4.050000E-01   4.050000E-01  Kayzero              13.54           1.78           0.00          16.23           1           Ar040 
        19              0              0        1.100000E+00   4.400000E-02  Macklin               0.00           0.00           0.00           0.00           1           K000  
        19             39              0        1.100000E+00   1.000000E-01  Mughabghab-2018       4.42           3.69           0.00           5.43           0           K039  
        19             40              0        1.300000E+01   4.000000E+00  Mughabghab-2018       0.00           0.00           0.00           0.00           0           K040  
        19             41              0        1.264000E+00   3.900000E-02  Kayzero              14.48          19.36          20.72          19.60           8           K041  
        20              0              0        2.000000E+00   8.000000E-02  Macklin               0.00           0.00           0.00           0.00           1           Ca000 
        20             40              0        2.130000E-01   1.700000E-02  Sukhoruchkin          1.62           4.19           0.00           3.66           0           Ca040 
        20             42              0        3.800000E-01   3.000000E-02  Sukhoruchkin          1.30           0.37           0.00           1.46           0           Ca042 
        20             43              0        5.800000E+00   1.100000E+00  Sukhoruchkin         19.22          13.16           0.00          15.61           0           Ca043 
        20             44              0        5.600000E-01   1.000000E-02  Mughabghab-2018      11.86           0.95          41.77          26.49           4           Ca044 
        20             46              0        9.350000E-01   7.090000E-01  Kayzero              33.18           4.30          49.21          49.52           2           Ca046 
        20             48              0        5.140000E-01   5.700000E-02  Kayzero              27.90           0.29          13.36          28.68           4           Ca048 
        21             45              0        1.130000E+01   1.000000E-01  Kayzero               2.82           0.95          26.85          17.31           6           Sc045 
        22              0              0        3.000000E+00   1.200000E-01  Macklin               0.00           0.00           0.00           0.00           1           Ti000 
        22             46              0        3.600000E-01   8.000000E-02  Sukhoruchkin          9.09           3.04           0.00           6.08           0           Ti046 
        22             47              0        1.360000E+00   1.600000E-01  Sukhoruchkin          4.90           6.16           0.00           5.85           0           Ti047 
        22             48              0        3.790000E+00   1.900000E-01  Sukhoruchkin          1.43           0.09           0.00           1.07           0           Ti048 
        22             49              0        9.300000E-01   1.700000E-01  Sukhoruchkin         12.68           3.65           0.00           9.97           0           Ti049 
        22             50              0        1.190000E-01   1.000000E-03  Kayzero              13.95           1.84         232.54         291.26           9           Ti050 
        23             50              0        5.929000E+01   0.000000E+00  Sukhoruchkin          0.25           0.00           0.00           0.25           0           V050  
        23             51              0        2.637000E+00   4.100000E-02  Kayzero               2.16           0.23          48.69          36.87          13           V051  
        24              0              0        1.900000E+00   7.600000E-02  Macklin               0.00           0.00           0.00           0.00           1           Cr000 
        24             50              0        8.000000E+00   2.000000E-01  Kayzero              21.84           4.00          24.38          23.15           8           Cr050 
        24             52              0        4.900000E-01   5.000000E-02  Sukhoruchkin          1.03           4.38           0.00           3.99           0           Cr052 
        24             53              0        8.400000E+00   1.500000E+00  Sukhoruchkin         18.84           5.01           0.00          13.16           0           Cr053 
        24             54              0        2.100000E-01   3.000000E-02  Sukhoruchkin          8.70           5.22           0.00           8.56           0           Cr054 
        25             53              0        4.510000E+01   1.100000E+00  Mughabghab-2018      20.11           0.00           0.00          17.00           1           Mn053 
        25             54              0        1.700000E+01   0.000000E+00  Mughabghab-2018       0.00           0.00           0.00           0.00           0           Mn054 
        25             55              0        1.390000E+01   4.000000E-01  Kayzero               1.68           6.75          23.84          20.46          24           Mn055 
        26              0              0        1.100000E+00   3.000000E-01  Carre                 0.00           0.00          45.29          45.29           3           Fe000 
        26             54              0        1.210000E+00   9.000000E-02  Sukhoruchkin          2.42           3.19           0.00          29.11           1           Fe054 
        26             55              0        6.000000E+00   1.000000E+00  JUKO                  0.00           0.00           0.00           0.00           0           Fe055 
        26             56              0        1.350000E+00   1.500000E-01  Sukhoruchkin          0.37           0.94           0.00          29.07           1           Fe056 
        26             57              0        1.450000E+00   1.200000E-01  Sukhoruchkin          2.03           2.29           0.00           2.25           0           Fe057 
        26             58              0        1.260000E+00   2.000000E-02  Kayzero               7.22           8.79          80.81          61.94           6           Fe058 
        26             59              0        6.000000E+00   1.000000E+00  JUKO                  0.00           0.00           0.00           0.00           0           Fe059 
        27             57              0        2.000000E+01   1.900000E+00  Mughabghab-2018       0.00           0.00           0.00           0.00           1           Co057 
        27             58              0        6.890000E+03   1.000000E+03  Mughabghab-2018       0.79           0.00           0.00           0.75           1           Co058 
        27             58              1        7.600000E+05   1.600000E+05  Kondurov              0.00           0.00          40.25          40.25           3           Co058m
        27             59              0        7.560000E+01   2.300000E+00  Kayzero               1.00           0.42          24.79          21.70          20           Co059 
        27             60              0        4.300000E+00   9.000000E-01  Mughabghab-2018       0.00           0.00           3.61           2.83           2           Co060 
        27             60              1        2.300000E+02   5.000000E+00  Mughabghab-2018       0.00           0.00           0.00           0.00           1           Co060m
        28              0              0        1.000000E+00   4.000000E-01  Carre                 0.00           0.00          99.62          99.62           3           Ni000 
        28             58              0        2.020000E+00   1.800000E-01  Sukhoruchkin          1.94           3.64           0.00           3.26           0           Ni058 
        28             59              0        1.270000E+02   8.000000E+00  Sukhoruchkin          4.15           0.00           0.00           4.15           0           Ni059 
        28             60              0        1.260000E+00   1.600000E-01  Sukhoruchkin          5.26           4.94           0.00           5.40           0           Ni060 
        28             61              0        2.400000E+00   4.000000E-01  Sukhoruchkin          6.67          16.71           0.00          14.99           0           Ni061 
        28             62              0        7.300000E+00   5.000000E-01  Sukhoruchkin          3.55           7.24          39.13          23.90           4           Ni062 
        28             63              0        9.000000E+00   2.000000E+00  Sukhoruchkin          0.00           0.00           0.00           0.00           0           Ni063 
        28             64              0        1.090000E+00   1.000000E-02  Kayzero              11.01           2.33          23.77          19.25           7           Ni064 
        28             65              0        1.000000E+01   1.000000E+00  JUKO                  0.00           0.00           0.00           0.00           0           Ni065 
        29              0              0        2.000000E+00   3.000000E-01  Markovic              0.00           0.00          34.33          34.33           7           Cu000 
        29             63              0        5.270000E+00   4.000000E-02  Kayzero               2.70           4.05          28.80          21.51          10           Cu063 
        29             65              0        2.110000E+00   2.000000E-02  Kayzero               2.14           9.44          27.82          20.74           7           Cu065 
        29             66              0        6.000000E+01   2.000000E+01  JUKO                  0.00           0.00           0.00           0.00           0           Cu066 
        30              0              0        1.180000E+00   1.600000E-01  Tattersall            0.00           0.00          25.79          25.79           2           Zn000 
        30             64              0        1.420000E+00   7.000000E-02  Kayzero               1.79           0.84          28.63          19.26           8           Zn064 
        30             65              0        3.000000E+01   4.000000E+00  JUKO                  0.00           0.00           0.00           0.00           0           Zn065 
        30             66              0        1.000000E+00   3.000000E-01  Sukhoruchkin          4.76           0.24           0.00           5.19           0           Zn066 
        30             67              0        2.440000E+01   2.400000E+00  Sukhoruchkin          0.83           2.21           0.00           2.22           0           Zn067 
        30             68              0        3.500000E+00   1.500000E-01  Mughabghab-2018       5.75           0.29         167.03          81.43           9           Zn068 
        30             70              0        9.600000E-01   6.000000E-02  Mughabghab-2018      59.27          93.59         103.15          87.86           4           Zn070 
        31             69              0        1.620000E+01   1.000000E+00  Sukhoruchkin          1.89           4.75          33.89          23.91           6           Ga069 
        31             71              0        3.230000E+01   2.300000E+00  Mughabghab-2018       2.12           6.27          30.95          23.48          10           Ga071 
        32             70              0        2.610000E+00   1.800000E-01  Sukhoruchkin          8.07           2.52           0.00           5.30           1           Ge070 
        32             72              0        9.000000E-01   8.000000E-02  Sukhoruchkin         11.11           0.00           0.00          11.11           0           Ge072 
        32             73              0        6.300000E+01   7.000000E+00  Sukhoruchkin         81.82           0.00           0.00          81.82           0           Ge073 
        32             74              0        7.600000E-01   2.000000E-01  Mughabghab-2018      18.19          18.10          24.90          24.41           5           Ge074 
        32             76              0        1.860000E+00   2.400000E-01  Mughabghab-2018      14.23          33.20          48.94          42.94           7           Ge076 
        33             75              0        5.240000E+01   1.500000E+00  Kayzero               7.67           0.98          24.06          19.11          14           As075 
        34             74              0        5.930000E+02   3.100000E+01  Kayzero               1.20           1.02          10.95           7.38           5           Se074 
        34             76              0        4.100000E+01   5.000000E-01  Sukhoruchkin          0.86          18.29           0.00          29.74           1           Se076 
        34             77              0        3.210000E+01   1.900000E+00  Sukhoruchkin         82.85           0.00           0.00          82.85           0           Se077 
        34             78              0        4.700000E+00   4.000000E-01  Sukhoruchkin          2.73           0.92           0.00           1.72           1           Se078 
        34             79              0        1.076000E+02   0.000000E+00  Mughabghab-2018       0.00           0.00           0.00           0.00           0           Se079 
        34             80              0        1.050000E+00   1.000000E-02  Mughabghab-2018      34.91           9.26          72.01          51.81           8           Se080 
        34             82              0        2.100000E-01   3.000000E-02  Sukhoruchkin         27.27           0.00           0.00          27.27           0           Se082 
        35             79              0        1.202000E+02   7.200000E+00  Mughabghab-2018       3.00           1.42          57.34          42.32          10           Br079 
        35             81              0        4.600000E+01   2.600000E+00  Mughabghab-2018       2.08           0.32          49.65          38.48          13           Br081 
        36             78              0        2.610000E+01   2.600000E+00  Sukhoruchkin         10.83           3.65           0.00           7.31           0           Kr078 
        36             80              0        5.740000E+01   5.600000E+00  Mughabghab-2018       2.80          25.05           0.00          18.50           1           Kr080 
        36             82              0        1.560000E+02   2.000000E+01  Mughabghab-2018       2.08          20.16           0.00          17.91           1           Kr082 
        36             83              0        1.880000E+02   2.700000E+01  Sukhoruchkin          8.99           8.23           0.00           8.66           0           Kr083 
        36             84              0        2.430000E+00   2.000000E-01  Mughabghab-2018       5.23          18.94           0.00          15.58           0           Kr084 
        36             85              0        1.800000E+00   1.000000E+00  Mughabghab-2018       0.00           0.00           0.00           0.00           1           Kr085 
        36             86              0        2.000000E-02   4.000000E-03  Sukhoruchkin          5.26          13.48           0.00          11.77           0           Kr086 
        37             85              0        7.430000E+00   2.000000E-01  Kayzero               4.85           8.39          83.28          60.73          10           Rb085 
        37             86              0        1.800000E+01   3.000000E+00  JUKO                  0.00           0.00           0.00           0.00           0           Rb086 
        37             87              0        2.370000E+00   7.000000E-02  Kayzero               5.87          17.74          14.88          14.18           3           Rb087 
        37             88              0        5.000000E-01   1.000000E-01  JUKO                  0.00           0.00           0.00           0.00           0           Rb088 
        38              0              0        1.600000E+01   6.400000E-01  Macklin               0.00           0.00           0.00           0.00           1           Sr000 
        38             84              0        9.430000E+00   1.900000E-01  Kayzero               8.59          38.81          73.25          55.38           9           Sr084 
        38             86              0        4.870000E+00   2.400000E-01  Sukhoruchkin          0.72           2.26          12.17          11.71           4           Sr086 
        38             87              0        1.210000E+02   3.000000E+01  Sukhoruchkin          1.68           5.93           0.00           5.23           0           Sr087 
        38             88              0        3.700000E-02   3.000000E-03  Sukhoruchkin         27.45           4.96           0.00          35.41           1           Sr088 
        38             90              0        1.040000E-01   1.600000E-02  Mughabghab-2018       0.00           0.00           7.56           6.80           2           Sr090 
        39             89              0        8.700000E-01   5.000000E-02  Sukhoruchkin          4.92           9.13          25.27          17.69           4           Y089  
        40              0              0        1.010000E+00   1.000000E-01  Kocic                 0.00           0.00          55.56          55.56           5           Zr000 
        40             88              0        1.521000E+04   6.700000E+02  Mughabghab-2018       0.00           0.00           0.00           0.00           0           Zr088 
        40             90              0        1.630000E-01   1.500000E-02  Sukhoruchkin          2.10           1.64           0.00           8.14           1           Zr090 
        40             91              0        6.100000E+00   4.000000E-01  Sukhoruchkin          2.87           7.81          18.70          10.88           2           Zr091 
        40             92              0        6.900000E-01   6.000000E-02  Sukhoruchkin          3.76          13.22           0.00          13.83           0           Zr092 
        40             93              0        1.780000E+01   5.000000E-01  Sukhoruchkin          0.85           1.39           0.00           5.31           1           Zr093 
        40             94              0        2.700000E-01   1.000000E-02  Kayzero               7.45           6.00          18.37          16.02          14           Zr094 
        40             96              0        5.190000E+00   1.700000E-01  Kayzero               0.97           4.78           6.01           5.17          11           Zr096 
        41             93              0        8.450000E+00   1.040000E+00  Kayzero               7.58           7.55          52.47          43.75          19           Nb093 
        41             94              0        1.250000E+02   8.000000E+00  Mughabghab-2018       0.00           0.00          12.28          10.61           2           Nb094 
        41             95              0        2.000000E+02   0.000000E+00  JUKO                  0.00           0.00           0.00           0.00           0           Nb095 
        42              0              0        2.700000E+01   2.000000E+00  Shwe                  0.00           0.00          43.78          43.78           8           Mo000 
        42             92              0        9.800000E-01   1.000000E-01  Sukhoruchkin          8.29           1.74           0.00           4.59           1           Mo092 
        42             94              0        1.460000E+00   1.700000E-01  Sukhoruchkin         13.18           3.42           0.00           7.64           1           Mo094 
        42             95              0        1.050000E+02   6.000000E+00  Sukhoruchkin          5.83           6.06           9.50           6.93           2           Mo095 
        42             96              0        1.750000E+01   2.900000E+00  Sukhoruchkin          1.45           1.98           0.00           2.43           1           Mo096 
        42             97              0        1.750000E+01   2.900000E+00  Sukhoruchkin         10.06           1.99           0.00           6.32           1           Mo097 
        42             98              0        6.930000E+00   4.500000E-01  Kayzero               2.02           3.34          60.45          53.91          15           Mo098 
        42            100              0        3.620000E+00   1.700000E-01  Kayzero               2.36           5.95          26.14          19.23          10           Mo100 
        43             99              0        3.580000E+02   2.000000E+01  Mughabghab-2018       4.76           1.91          48.09          28.31           5           Tc099 
        44             96              0        6.090000E+00   2.600000E-01  Kayzero               2.17          61.26          16.81          31.60           9           Ru096 
        44             99              0        1.710000E+02   2.000000E+01  Sukhoruchkin          2.70           0.00           0.00           7.91           1           Ru099 
        44            100              0        1.120000E+01   1.100000E+00  Mughabghab-2018       0.84          15.16           0.00          13.74           1           Ru100 
        44            101              0        1.110000E+02   1.000000E+01  Mughabghab-2018       4.15           3.87          15.45           9.27           2           Ru101 
        44            102              0        4.180000E+00   4.000000E-02  Kayzero              10.81           8.67           7.97           9.72          10           Ru102 
        44            103              0        4.700000E+01   3.600000E+01  Sukhoruchkin         80.77           0.00           0.00          63.11           1           Ru103 
        44            104              0        6.450000E+00   2.100000E-01  Kayzero               1.11           2.04          19.88          15.99          10           Ru104 
        44            106              0        2.000000E+00   6.000000E-01  Mughabghab-2018       0.00           0.00           0.00           0.00           1           Ru106 
        45            103              0        1.151000E+03   2.880000E+02  Kayzero               6.67           2.68          52.57          40.77          15           Rh103 
        45            105              0        1.700000E+04   3.000000E+03  Mughabghab-2018       0.00           0.00           0.00           0.00           1           Rh105 
        46              0              0        8.810000E+01   6.000000E+00  Lesage                0.00           0.00          39.27          39.27           4           Pd000 
        46            102              0        2.300000E+01   4.000000E+00  Mughabghab-2018      25.88          16.91           0.00          21.08           1           Pd102 
        46            104              0        2.110000E+01   2.000000E+00  Sukhoruchkin          5.24           1.69           0.00           3.78           0           Pd104 
        46            105              0        9.600000E+01   5.000000E+00  Sukhoruchkin          3.23           2.27           0.00           3.63           0           Pd105 
        46            106              0        7.500000E+00   3.000000E-01  Mughabghab-2018       6.66           3.53           0.00           6.72           0           Pd106 
        46            107              0        1.120000E+02   4.000000E+00  Sukhoruchkin          3.23           1.81           0.00          11.51           1           Pd107 
        46            108              0        2.372800E+02   4.280000E+00  Kayzero              20.86          15.52          77.23          52.99          10           Pd108 
        46            110              0        3.000000E+00   3.000000E-01  Mughabghab-2018       1.62           6.26         101.42          53.61           5           Pd110 
        47              0              0        7.520000E+02   4.000000E+01  Lesage                0.00           0.00          15.85          15.85           6           Ag000 
        47            107              0        9.405000E+01   6.400000E+00  Kayzero               6.11           2.77          43.60          30.79           9           Ag107 
        47            109              0        1.343000E+03   7.100000E+01  Kayzero               4.16           1.69         151.00         104.31          20           Ag109 
        47            110              0        3.100000E+01   4.000000E+00  JUKO                  0.00           0.00           0.00           0.00           0           Ag110 
        47            110              1        6.440000E+01   7.000000E+00  Mughabghab-2018      18.17           0.00           0.00          50.79           1           Ag110m
        47            111              0        1.050000E+02   2.000000E+01  Mughabghab-2018       0.00           0.00           0.00           0.00           1           Ag111 
        48            106              0        5.771000E+00   2.000000E-01  Mughabghab-2018      17.39          12.95           0.00          22.42           0           Cd106 
        48            108              0        1.636000E+01   5.000000E-01  Mughabghab-2018      19.14          15.04           0.00          21.56           1           Cd108 
        48            109              0        6.700000E+03   1.200000E+03  JUKO                  0.00           0.00           0.00           0.00           0           Cd109 
        48            110              0        3.303800E+01   3.000000E+00  Mughabghab-2018       8.56           7.32          39.71          59.67           3           Cd110 
        48            111              0        4.986600E+01   4.000000E+00  Mughabghab-2018       8.72           4.66           0.00           6.80           0           Cd111 
        48            112              0        1.296000E+01   1.000000E+00  Mughabghab-2018       2.25           0.46          18.28          48.71           2           Cd112 
        48            113              0        3.999400E+02   7.000000E+00  Mughabghab-2018       1.59           0.86           0.00           1.35           0           Cd113 
        48            114              0        1.234600E+01   1.000000E+00  Mughabghab-2018       0.84          14.24          96.38          60.06           8           Cd114 
        48            116              0        1.774000E+00   2.000000E-01  Mughabghab-2018       9.32           4.26           0.00          28.70           1           Cd116 
        49              0              0        3.235000E+03   2.000000E+02  Lesage                0.00           0.00           4.60           4.60           5           In000 
        49            113              0        3.330000E+02   3.000000E+01  Sukhoruchkin          1.99           0.38          81.77          69.34           5           In113 
        49            115              0        3.300000E+03   1.000000E+02  Mughabghab-2018       1.09           0.20          29.39          25.89          18           In115 
        50              0              0        8.500000E+00   2.000000E+00  Tattersall            0.00           0.00          32.81          32.81           2           Sn000 
        50            112              0        2.619000E+01   4.500000E-01  Kayzero               5.19           0.75         120.38         102.94          10           Sn112 
        50            113              0        2.280000E+02   5.000000E+00  Mughabghab-2018       2.47           0.00           0.00           2.47           0           Sn113 
        50            114              0        7.800000E+00   1.500000E+00  Sukhoruchkin         10.64           7.33           0.00           8.41           0           Sn114 
        50            115              0        2.100000E+01   5.000000E+00  Sukhoruchkin          6.46          19.53           0.00          16.96           0           Sn115 
        50            116              0        1.230000E+01   1.000000E+00  Sukhoruchkin          1.65           0.61          61.31          66.20           4           Sn116 
        50            117              0        1.760000E+01   2.400000E+00  Sukhoruchkin          5.71           1.03           0.00           4.47           0           Sn117 
        50            118              0        4.000000E+00   4.000000E-01  Sukhoruchkin          8.11          15.21           0.00          40.17           1           Sn118 
        50            119              0        5.600000E+00   1.500000E+00  Sukhoruchkin         31.76          15.58           0.00          24.47           0           Sn119 
        50            120              0        1.140000E+00   2.400000E-01  Sukhoruchkin          0.00           3.48           0.00           2.96           0           Sn120 
        50            122              0        8.400000E-01   5.000000E-02  Mughabghab-2018      10.23          22.08          42.94          32.93           7           Sn122 
        50            124              0        8.000000E+00   4.000000E-01  Sukhoruchkin          0.25           2.19          58.01          46.80          14           Sn124 
        51            121              0        2.083700E+02   8.050000E+00  Kayzero               1.33           1.93          36.47          27.54          11           Sb121 
        51            123              0        1.172600E+02   4.360000E+00  Kayzero               3.77          17.18          49.14          36.73          10           Sb123 
        51            124              0        1.020000E+04   8.700000E+02  Elgart                0.00           0.00           0.00           0.00           1           Sb124 
        52              0              0        3.600000E+01   1.440000E+00  Macklin               0.00           0.00           0.00           0.00           1           Te000 
        52            120              0        1.000000E+00   0.000000E+00  JUKO                  0.00          54.41           0.00          92.19           1           Te120 
        52            122              0        7.900000E+01   9.000000E+00  Sukhoruchkin         47.66           0.51          33.23          70.72           3           Te122 
        52            123              0        5.642000E+03   3.250000E+02  Sukhoruchkin          0.11           3.59           0.00           3.31           0           Te123 
        52            124              0        5.300000E+00   6.000000E-01  Sukhoruchkin          0.00           2.09          82.96          39.79           3           Te124 
        52            125              0        2.230000E+01   2.900000E+00  Sukhoruchkin          3.72           2.32           0.00           3.68           0           Te125 
        52            126              0        8.000000E+00   6.000000E-01  Mughabghab-2018       2.40           1.48         103.96          49.42           4           Te126 
        52            127              0        1.140000E+03   1.700000E+02  JUKO                  0.00           0.00           0.00           0.00           0           Te127 
        52            128              0        1.350000E+00   9.000000E-02  Sukhoruchkin          4.25           1.68          62.62          40.65           6           Te128 
        52            130              0        4.200000E-01   2.000000E-02  Mughabghab-2018       2.44          32.25          47.81          38.25           6           Te130 
        53            125              0        1.373000E+04   2.000000E+03  Mughabghab-2018       0.11           0.00           0.00           0.10           1           I125  
        53            126              0        4.060000E+04   0.000000E+00  Mughabghab-2018       0.00           0.00           0.00           0.00           1           I126  
        53            127              0        1.338700E+02   4.200000E+00  Kayzero               7.32           4.53          31.24          24.62          14           I127  
        53            128              0        1.000000E+01   0.000000E+00  JUKO                  0.00           0.00           0.00           0.00           0           I128  
        53            129              0        3.380000E+01   1.400000E+00  Mughabghab-2018       7.34           5.04          49.48          37.50          10           I129  
        53            130              0        8.000000E+00   0.000000E+00  JUKO                  0.00           0.00           0.00           0.00           0           I130  
        54            124              0        3.600000E+03   7.000000E+02  Mughabghab-2018       5.59           2.15          26.32          12.93           2           Xe124 
        54            126              0        6.100000E+01   6.000000E+00  Mughabghab-2018       4.49          38.45           0.00          30.31           1           Xe126 
        54            128              0        1.270000E+01   7.000000E-01  Sukhoruchkin          5.39           6.46           0.00           6.78           0           Xe128 
        54            129              0        2.600000E+02   1.500000E+01  Mughabghab-2018       1.29           6.84           0.00           5.81           1           Xe129 
        54            130              0        4.900000E+00   5.000000E-01  Sukhoruchkin          1.03          98.30           0.00         102.95           0           Xe130 
        54            131              0        8.830000E+02   5.000000E+01  Mughabghab-2018       0.37           0.00           0.00           3.12           1           Xe131 
        54            132              0        5.000000E+00   6.000000E-01  Mughabghab-2018       2.77          22.95          92.17          40.68           2           Xe132 
        54            134              0        3.800000E-01   4.000000E-02  Mughabghab-2018      10.35          27.48           0.00          35.16           1           Xe134 
        54            135              0        7.599000E+03   5.020000E+02  Sukhoruchkin          0.01           0.00           0.00           0.01           0           Xe135 
        54            136              0        7.400000E-01   2.100000E-01  Mughabghab-2018      52.38          82.83           0.00          71.19           0           Xe136 
        55            132              0        4.380000E+02   2.600000E+01  Mughabghab-2018       0.00           0.00           0.00           0.00           0           Cs132 
        55            133              0        3.640000E+02   1.100000E+01  Kayzero               7.35           4.91          76.01          60.05          23           Cs133 
        55            134              0        1.050000E+02   1.600000E+01  Sukhoruchkin         16.02           0.00           0.00          16.02           0           Cs134 
        55            135              0        3.810000E+01   2.600000E+00  Mughabghab-2018      14.48          15.28          23.00          19.76           4           Cs135 
        56              0              0        7.500000E+00   3.000000E-01  Macklin               0.00           0.00           0.00           0.00           1           Ba000 
        56            130              0        1.689000E+02   2.200000E+00  Kayzero               1.76           0.99          60.07          37.87           7           Ba130 
        56            132              0        5.400000E+01   1.100000E+01  Sukhoruchkin         21.35          25.09         107.36          51.72           3           Ba132 
        56            133              0        1.060000E+02   2.900000E+01  Sukhoruchkin          1.85           0.00           0.00           1.85           0           Ba133 
        56            134              0        2.200000E+01   2.900000E+00  Sukhoruchkin          2.33           4.99          36.67          21.47           3           Ba134 
        56            135              0        1.030000E+02   7.000000E+00  Sukhoruchkin          3.00          28.01           0.00          26.88           0           Ba135 
        56            136              0        1.870000E+00   2.600000E-01  Sukhoruchkin          4.76         111.64          64.62         115.77           2           Ba136 
        56            137              0        3.500000E+00   8.000000E-01  Sukhoruchkin         10.26         152.93           0.00         188.02           0           Ba137 
        56            138              0        3.600000E-01   1.000000E-02  Kayzero              12.30           9.90          18.91          17.35           9           Ba138 
        56            139              0        2.200000E+00   5.000000E-01  JUKO                  0.00           0.00           0.00           0.00           0           Ba139 
        56            140              0        1.360000E+01   1.400000E+00  Mughabghab-2018       0.00           0.00           0.00           0.00           1           Ba140 
        57              0              0        1.100000E+01   4.400000E-01  Macklin               0.00           0.00           0.00           0.00           1           La000 
        57            138              0        4.090000E+02   9.000000E+01  Mughabghab-2018       5.38           0.00           0.00           4.82           1           La138 
        57            139              0        1.152000E+01   7.000000E-02  Kayzero               2.50           1.01          27.75          22.27          17           La139 
        57            140              0        6.900000E+01   4.000000E+00  Mughabghab-2018       0.00           0.00           0.00           0.00           1           La140 
        58            136              0        6.900000E+01   3.200000E+00  Mughabghab-2018       5.07           6.80          84.06          31.80           2           Ce136 
        58            138              0        1.060000E+01   5.000000E-01  Mughabghab-2018      22.54          53.74          67.59          61.92           4           Ce138 
        58            140              0        4.800000E-01   1.000000E-02  Kayzero              21.46           7.27          20.36          26.39          10           Ce140 
        58            141              0        1.590000E+02   1.000000E+01  Sukhoruchkin          2.58           0.00           0.00           2.58           0           Ce141 
        58            142              0        1.170000E+00   1.000000E-02  Kayzero              11.89           4.62          26.90          23.80           5           Ce142 
        58            143              0        2.700000E+00   3.000000E-01  JUKO                  0.00           0.00           0.00           0.00           0           Ce143 
        58            144              0        2.600000E+00   3.000000E-01  Mughabghab-2018       0.00           0.00           0.00           0.00           1           Ce144 
        59            141              0        1.590000E+01   6.000000E-01  Mughabghab-2018       4.98           2.97          38.89          28.89          10           Pr141 
        59            142              0        9.000000E+00   1.000000E+00  JUKO                  0.00           0.00           0.00           0.00           0           Pr142 
        59            143              0        1.900000E+02   2.500000E+01  Mughabghab-2018      16.02           0.00           0.00          14.31           1           Pr143 
        60              0              0        3.200000E+01   1.000000E+00  Barry                 0.00           0.00           0.00           0.00           1           Nd000 
        60            142              0        6.200000E+00   1.000000E+00  Sukhoruchkin         69.15          15.59           0.00          87.85           0           Nd142 
        60            143              0        1.310000E+02   3.000000E+01  Sukhoruchkin          0.77           1.00           0.00          10.80           1           Nd143 
        60            144              0        4.500000E+00   5.000000E-01  Sukhoruchkin          3.45          14.18           0.00          14.27           1           Nd144 
        60            145              0        2.240000E+02   2.000000E+01  Mughabghab-2018       1.37           3.93          20.29          12.82           3           Nd145 
        60            146              0        2.600000E+00   6.000000E-02  Kayzero               5.39           6.87          28.25          20.09           8           Nd146 
        60            147              0        5.250000E+02   5.500000E+01  Sukhoruchkin          9.95           0.00           0.00           9.95           0           Nd147 
        60            148              0        1.253000E+01   4.200000E-01  Kayzero               9.16           5.69          16.91          13.36          10           Nd148 
        60            150              0        1.520000E+01   8.000000E-01  Mughabghab-2018       1.53          12.93          16.42          15.86           7           Nd150 
        61            147              0        2.205000E+03   1.030000E+02  Sukhoruchkin          3.40           1.66          31.44          34.35           7           Pm147 
        61            148              0        2.600000E+03   2.400000E+03  JUKO                  0.00           0.00           0.00          88.84           1           Pm148 
        61            148              1        3.600000E+03   2.400000E+03  Mughabghab-2018      14.19           0.00          79.78         110.34           2           Pm148m
        62            144              0        2.380000E+00   1.700000E-01  Mughabghab-2018      11.80          10.99           0.00          12.71           1           Sm144 
        62            145              0        6.000000E+02   9.000000E+01  Mughabghab-2018       0.00           0.00           0.00           0.00           1           Sm145 
        62            146              0        6.000000E+02   9.000000E+01  Mughabghab-2018       0.00           0.00           0.00           0.00           0           Sm146 
        62            147              0        7.780000E+02   3.000000E+01  Sukhoruchkin          0.06           0.83           3.25           9.67           3           Sm147 
        62            148              0        2.700000E+01   1.400000E+01  Mughabghab-2018      14.14           7.23           0.00          19.28           1           Sm148 
        62            149              0        3.433000E+03   2.010000E+02  Sukhoruchkin          0.63           0.99           0.00           8.87           1           Sm149 
        62            150              0        3.330000E+02   4.800000E+01  Sukhoruchkin          3.62           3.41           0.00           8.94           1           Sm150 
        62            151              0        3.439000E+03   1.570000E+02  Sukhoruchkin          4.59           2.18           0.00           4.15           1           Sm151 
        62            152              0        2.977000E+03   1.000000E+02  Sukhoruchkin          0.12           2.91          14.25          11.69          14           Sm152 
        62            154              0        3.317000E+01   2.760000E+00  Kayzero               3.47           0.48          50.59          25.71           2           Sm154 
        63              0              0        4.346000E+03   1.700000E+02  Kim                   0.00           0.00           0.00           0.00           1           Eu000 
        63            151              0        3.370000E+03   1.000000E+02  Mughabghab-2018       1.06           6.71          66.28          55.03          14           Eu151 
        63            152              0        2.308000E+03   4.260000E+02  Sukhoruchkin         18.72           0.00           0.00          18.72           0           Eu152 
        63            153              0        1.755000E+03   6.800000E+01  Kayzero              10.31           4.23          53.17          47.11           8           Eu153 
        63            154              0        1.300000E+03   3.040000E+02  Sukhoruchkin         23.69          13.93           0.00          20.65           0           Eu154 
        63            155              0        1.552000E+04   3.062000E+03  Sukhoruchkin         19.83           2.38           0.00          15.58           0           Eu155 
        64            152              0        5.840000E+02   9.400000E+01  Kayzero              72.61          28.07          19.52          73.28           2           Gd152 
        64            153              0        2.980000E+02   4.000000E+00  Sukhoruchkin          0.00           0.00           0.00           0.00           0           Gd153 
        64            154              0        1.070000E+02   3.000000E+01  Mughabghab-2018      31.40          11.42           0.00          25.09           1           Gd154 
        64            155              0        1.539000E+03   9.900000E+01  Sukhoruchkin          0.03           1.07           0.00           0.90           0           Gd155 
        64            156              0        1.080000E+02   1.500000E+01  Sukhoruchkin          1.89           2.46           0.00           2.75           1           Gd156 
        64            157              0        7.590000E+02   2.000000E+01  Sukhoruchkin          0.33           2.62           0.00           2.65           0           Gd157 
        64            158              0        6.530000E+01   2.300000E+00  Kayzero               6.37           3.82          20.12          20.31           5           Gd158 
        64            160              0        5.970000E+00   9.200000E-01  Kayzero              12.83          21.39           0.00          30.37           1           Gd160 
        65            158              0        4.300000E+02   2.000000E+01  Mughabghab-2018       0.00           0.00           0.00           0.00           0           Tb158 
        65            159              0        4.292000E+02   1.770000E+01  Kayzero               1.57           0.62          29.21          22.07           9           Tb159 
        65            160              0        3.477000E+03   3.700000E+02  Sukhoruchkin          0.00           0.00           0.00           0.00           0           Tb160 
        66              0              0        1.840000E+03   1.800000E+02  Scoville              0.00           0.00           0.00           0.00           1           Dy000 
        66            156              0        9.600000E+02   8.000000E+01  Mughabghab-2018       5.29           1.59           0.00           4.48           1           Dy156 
        66            158              0        1.200000E+02   2.000000E+01  Mughabghab-2018      28.78           0.00           0.00          27.86           1           Dy158 
        66            160              0        1.122000E+03   9.000000E+01  Mughabghab-2018       0.60           4.02          15.60           9.04           3           Dy160 
        66            161              0        1.079000E+03   7.900000E+01  Sukhoruchkin          0.05           3.87          22.34          16.59           2           Dy161 
        66            162              0        2.350000E+03   3.000000E+02  Mughabghab-2018       7.19           4.29          38.62          21.04           3           Dy162 
        66            163              0        1.960000E+03   1.750000E+02  Mughabghab-2018      13.82           2.22          16.27          14.30           3           Dy163 
        66            164              0        4.810000E+02   1.100000E+01  Kayzero              16.87           0.50          27.91          33.33           9           Dy164 
        66            165              0        2.200000E+04   3.000000E+03  Mughabghab-2018       0.00           0.00           0.00           0.00           1           Dy165 
        66            165              1        2.200000E+04   3.000000E+03  Mughabghab-2018       0.00           0.00           0.00           0.00           0           Dy165m
        67            165              0        6.430000E+02   2.600000E+01  Kayzero               2.10           0.51           4.73           3.91          13           Ho165 
        67            166              0        1.000000E+04   2.700000E+03  JUKO                  0.00           0.00           0.00           0.00           0           Ho166 
        67            166              1        6.770000E+02   5.870000E+02  Sukhoruchkin          0.00           0.00           0.00           0.00           0           Ho166m
        68            162              0        4.800000E+02   5.000000E+01  Mughabghab-2018       2.80           8.14           0.00           7.41           1           Er162 
        68            164              0        1.050000E+02   1.000000E+01  Mughabghab-2018      23.88          16.09           0.00          20.69           1           Er164 
        68            166              0        1.100000E+02   7.000000E+00  Mughabghab-2018       6.42           6.87           0.00          18.04           1           Er166 
        68            167              0        2.985000E+03   7.000000E+01  Mughabghab-2018       0.36           0.05           0.00           0.38           1           Er167 
        68            168              0        3.840000E+01   5.000000E+00  Mughabghab-2018       1.76           1.40          40.30          18.01           2           Er168 
        68            170              0        3.960000E+01   2.000000E+00  Kayzero               8.31           3.78          28.33          22.30           8           Er170 
        68            171              0        1.700000E+02   2.000000E+01  JUKO                  0.00           0.00           0.00           0.00           0           Er171 
        69            169              0        1.457000E+03   3.400000E+01  Kayzero               5.61           0.11          15.30          15.74          10           Tm169 
        69            170              0        5.095000E+02   0.000000E+00  Sukhoruchkin          5.11           0.00           0.00          60.16           1           Tm170 
        69            171              0        1.180000E+02   6.000000E+00  Sukhoruchkin          0.00          59.91          24.12          87.79           2           Tm171 
        70            168              0        1.426900E+04   0.000000E+00  Kayzero              15.09          14.79          32.76          29.52           9           Yb168 
        70            169              0        5.200000E+03   5.000000E+02  Sukhoruchkin          0.00           0.00           0.00           0.00           0           Yb169 
        70            170              0        3.100000E+02   3.000000E+01  Sukhoruchkin          0.00           0.67           0.00           4.93           1           Yb170 
        70            171              0        3.180000E+02   3.000000E+01  Sukhoruchkin          0.00           0.27           0.00           1.52           1           Yb171 
        70            172              0        2.500000E+01   3.000000E+00  Sukhoruchkin          0.00           0.50           0.00           4.00           1           Yb172 
        70            173              0        3.800000E+02   3.000000E+01  Sukhoruchkin          0.00           0.19           0.00           2.47           1           Yb173 
        70            174              0        2.860000E+01   7.000000E-01  Kayzero               2.53           0.85          47.91          47.22           9           Yb174 
        70            176              0        7.300000E+00   5.000000E-01  Kayzero               2.68           4.63          75.99          46.31           4           Yb176 
        71            173              0        1.254000E+03   7.500000E+01  Mughabghab-2018       0.00           0.00           0.00           0.00           0           Lu173 
        71            175              0        6.200000E+02   5.000000E+01  Mughabghab-2018       0.15           4.17          19.45          11.01           3           Lu175 
        71            176              0        3.699000E+03   9.900000E+01  Kayzero              66.58           0.43          99.29          83.53           2           Lu176 
        71            177              0        1.400000E+00   2.000000E-01  JUKO                  0.00           0.00           0.00           0.00           0           Lu177 
        72              0              0        1.959000E+03   2.000000E+00  Trbovich              0.00           0.00          20.39          20.39          10           Hf000 
        72            174              0        4.494000E+02   2.840000E+01  Kayzero              16.45          10.11           7.42          13.06           4           Hf174 
        72            176              0        6.940000E+02   1.920000E+02  Sukhoruchkin          1.00          18.65           1.39          14.19           2           Hf176 
        72            177              0        7.213000E+03   2.000000E+02  Sukhoruchkin          0.09           0.25          70.71          33.34           3           Hf177 
        72            178              0        1.871000E+03   2.000000E+01  Sukhoruchkin          0.24           2.27          65.39          35.38           4           Hf178 
        72            179              0        5.240000E+02   3.600000E+01  Sukhoruchkin          0.00           3.02         136.54          69.71           6           Hf179 
        72            180              0        3.320000E+01   1.700000E+00  Kayzero               4.88           9.31          15.89          13.80          12           Hf180 
        72            182              0        5.850000E+03   6.600000E+02  Mughabghab-2018       0.00          89.49           0.00         105.80           1           Hf182 
        73              0              0        6.990000E+02   4.000000E+01  Lesage                0.00           0.00          21.79          21.79           4           Ta000 
        73            179              0        1.216000E+03   6.900000E+01  Mughabghab-2018       0.00           0.00           0.00           0.00           1           Ta179 
        73            180              0        1.350000E+03   1.000000E+02  JUKO                  0.00           0.00           0.00           3.09           0           Ta180 
        73            180              1        1.346000E+03   1.000000E+02  Sukhoruchkin          0.00           0.00           0.00           6.38           0           Ta180m
        73            181              0        6.780000E+02   3.200000E+01  Kayzero               5.20           3.57          66.73          52.06          20           Ta181 
        73            182              0        1.057000E+03   6.000000E+01  Sukhoruchkin          5.70           0.00           0.00           5.70           0           Ta182 
        74              0              0        2.200000E+01   2.000000E+00  Kapchigashev          0.00           0.00          87.50          87.50           2           W000  
        74            180              0        2.503000E+02   0.000000E+00  Sukhoruchkin          7.82           5.86           0.00          23.93           1           W180  
        74            182              0        6.290000E+02   6.300000E+01  Sukhoruchkin          2.36           1.55           0.00           1.84           0           W182  
        74            183              0        3.390000E+02   2.800000E+01  Sukhoruchkin          2.31           3.21           0.00           3.09           0           W183  
        74            184              0        1.470000E+01   1.500000E+00  Mughabghab-2018       3.14           1.36          23.80          19.79           4           W184  
        74            185              0        1.160000E+02   0.000000E+00  Sukhoruchkin          0.00           7.69           0.00          30.91           1           W185  
        74            186              0        4.750000E+02   1.600000E+01  Kayzero               0.67           1.41          15.27          12.81          17           W186  
        74            187              0        2.760000E+03   5.500000E+02  Mughabghab-2018       0.00           0.00           0.00           0.00           1           W187  
        75              0              0        8.660000E+02   3.500000E+01  Pierce                0.00           0.00          10.37          10.37           6           Re000 
        75            185              0        1.739000E+03   5.000000E+01  Mughabghab-2018       0.23           0.18          19.25          14.29           8           Re185 
        75            187              0        3.010000E+02   2.000000E+01  Sukhoruchkin          0.17           1.16          39.83          28.24           7           Re187 
        76            184              0        1.614000E+03   8.100000E+02  Kayzero              50.87          29.03          79.06          59.93           3           Os184 
        76            186              0        2.540000E+02   3.000000E+01  Sukhoruchkin          0.00           9.75           0.00          10.15           0           Os186 
        76            187              0        5.070000E+02   7.000000E+01  Sukhoruchkin          0.00          28.05           0.00          23.20           0           Os187 
        76            188              0        1.520000E+02   2.000000E+01  Sukhoruchkin          0.00          17.84           0.00          15.63           0           Os188 
        76            189              0        6.600000E+02   0.000000E+00  Sukhoruchkin          0.00           1.84          43.04          58.56           2           Os189 
        76            190              0        7.700000E+00   1.000000E-01  Kayzero              42.28          17.18          41.42          36.66           5           Os190 
        76            191              0        1.700000E+02   3.000000E+01  JUKO                  0.00           0.00           0.00           0.00           0           Os191 
        76            192              0        7.460000E+00   3.800000E-01  Kayzero               3.03          24.59          25.36          26.45           3           Os192 
        77            191              0        3.550000E+03   1.000000E+02  Mughabghab-2018       3.07           1.90          37.98          30.01          10           Ir191 
        77            192              0        3.410000E+03   0.000000E+00  Sukhoruchkin          0.00           0.00           0.00           0.00           0           Ir192 
        77            193              0        1.566000E+03   6.100000E+01  Kayzero               6.18           8.45          53.53          40.00           7           Ir193 
        77            194              0        7.000000E+02   2.000000E+02  JUKO                  0.00           0.00           0.00           0.00           0           Ir194 
        78              0              0        1.410000E+02   8.000000E+00  Lesage                0.00           0.00          27.57          27.57           5           Pt000 
        78            190              0        7.200000E+01   1.000000E+01  Mughabghab-2018       0.00           9.66           0.00          29.45           1           Pt190 
        78            192              0        1.180000E+02   2.000000E+01  Sukhoruchkin          0.00           0.46           0.00           6.17           0           Pt192 
        78            194              0        4.000000E+00   0.000000E+00  Sukhoruchkin          0.00           0.00          64.55          46.33           3           Pt194 
        78            195              0        3.670000E+02   2.500000E+01  Sukhoruchkin          0.00           0.00           0.00           0.00           0           Pt195 
        78            196              0        5.560000E+00   4.000000E-01  Mughabghab-2018      11.18           4.54          12.87          13.57           4           Pt196 
        78            198              0        5.730000E+01   1.600000E+00  Kayzero               5.14           1.08          45.58          31.37           7           Pt198 
        78            199              0        7.000000E+00   0.000000E+00  JUKO                  0.00           0.00           0.00           0.00           0           Pt199 
        79            197              0        1.549800E+03   2.790000E+01  Kayzero               0.56           0.46          44.45          26.59           6           Au197 
        79            198              0        4.000000E+04   0.000000E+00  JUKO                  0.00           0.00           0.00          12.63           1           Au198 
        80              0              0        3.100000E+01   1.240000E+00  Macklin               0.00           0.00           0.00           0.00           1           Hg000 
        80            194              0        1.027000E+04   1.088120E+03  Dorsett               0.00           0.00          88.82          88.82           2           Hg194 
        80            196              0        4.200000E+02   2.700000E+01  Sukhoruchkin          4.87           0.82         103.27          76.18           6           Hg196 
        80            198              0        7.450000E+01   2.000000E+00  Sukhoruchkin          1.71           0.63           0.00          39.72           1           Hg198 
        80            199              0        4.390000E+02   2.000000E+01  Sukhoruchkin          0.57           0.08           0.00           0.44           0           Hg199 
        80            200              0        2.600000E+00   5.000000E-01  Sukhoruchkin         26.83           3.62           0.00          18.40           0           Hg200 
        80            201              0        3.300000E+01   3.000000E+00  Sukhoruchkin          4.76           2.85           0.00           6.17           0           Hg201 
        80            202              0        3.820000E+00   0.000000E+00  Kayzero              11.59           2.42          30.73          23.65           6           Hg202 
        80            204              0        8.700000E-01   0.000000E+00  Kayzero              60.59          98.30           0.00          77.34           1           Hg204 
        81            203              0        3.980000E+01   2.000000E+00  Mughabghab-2018       0.38           0.05          37.84          92.26           6           Tl203 
        81            204              0        9.400000E+01   1.900000E+01  Sukhoruchkin          0.00           0.00           0.00           0.00           0           Tl204 
        81            205              0        7.350000E-01   0.000000E+00  Sukhoruchkin          5.38           0.33          20.63          11.50           2           Tl205 
        82              0              0        5.000000E-02   3.000000E-02  Tattersall            0.00           0.00          33.33          33.33           2           Pb000 
        82            204              0        1.840000E+00   1.500000E-01  Sukhoruchkin          9.58          11.85           0.00          26.47           1           Pb204 
        82            205              0        2.000000E+00   0.000000E+00  JUKO                  0.00           0.00           0.00           0.00           0           Pb205 
        82            206              0        1.140000E-01   1.400000E-02  Sukhoruchkin         32.34           1.33           0.00          31.85           1           Pb206 
        82            207              0        3.900000E-01   4.000000E-02  Sukhoruchkin          9.86           4.55           0.00           6.47           1           Pb207 
        82            208              0        6.200000E-03   1.700000E-03  Sukhoruchkin         69.86          25.42           0.00          45.10           1           Pb208 
        83            209              0        2.100000E-01   3.000000E-02  Sukhoruchkin         20.00           8.85          95.37          60.01           3           Bi209 
        83            210              0        2.000000E-01   3.000000E-02  JUKO                  0.00           0.00           0.00           0.00           0           Bi210 
        83            210              1        2.000000E-01   3.000000E-02  Mughabghab-2018       0.00           0.00           0.00           0.00           1           Bi210m
        88            226              0        2.823000E+02   0.000000E+00  Sukhoruchkin          0.41           0.00           0.00           0.41           0           Ra226 
        89            227              0        1.660000E+03   3.000000E+01  Mughabghab-2018       0.00           0.00          32.41          26.16           4           Ac227 
        90            228              0        1.123000E+03   7.600000E+01  Sukhoruchkin          5.30           0.00           0.00           5.30           0           Th228 
        90            229              0        1.313000E+03   2.070000E+02  Sukhoruchkin         52.85           0.00           0.00          52.85           0           Th229 
        90            230              0        9.930000E+02   3.000000E+01  Mughabghab-2018       2.29           0.00           0.30           1.96           2           Th230 
        90            231              0        1.560000E+02   0.000000E+00  JUKO                  0.00           0.00           0.00           0.00           0           Th231 
        90            232              0        8.440000E+01   3.100000E+00  Kayzero               0.64           1.11          13.68          11.53          22           Th232 
        90            233              0        1.500000E+03   1.500000E+02  Mughabghab-2018       6.25           0.00          49.37          38.26           3           Th233 
        91            231              0        5.250000E+02   6.000000E+01  Mughabghab-2018       1.07           0.00           0.00          40.76           1           Pa231 
        91            232              0        1.170000E+02   3.000000E+01  Mughabghab-2018      17.01           0.00          99.78         198.50           2           Pa232 
        91            233              0        8.600000E+02   3.500000E+01  Mughabghab-2018       1.22           0.00          36.01          33.21          11           Pa233 
        92            232              0        2.800000E+02   1.500000E+01  Mughabghab-2018      27.19           0.00           0.00          23.36           1           U232  
        92            233              0        1.380000E+02   6.000000E+00  Mughabghab-2018       1.05           0.00          34.21          27.66           6           U233  
        92            234              0        1.500000E+02   2.000000E+01  Mughabghab-2018     103.29           0.00           0.00         103.29           0           U234  
        92            235              0        1.460000E+02   6.000000E+00  Mughabghab-2018      33.22           1.05           6.28          22.88           7           U235  
        92            236              0        3.500000E+02   1.500000E+01  Mughabghab-2018     135.99           0.00          18.47          50.25           8           U236  
        92            237              0        1.200000E+03   2.000000E+02  Mughabghab-2018      69.70           0.00           0.00          69.70           0           U237  
        92            238              0        2.760000E+02   4.000000E+00  Kayzero              57.74           0.30           2.72          24.34           9           U238  
        92            239              0        2.500000E+01   1.500000E+01  Mughabghab-2018       0.00           0.00           0.00           0.00           0           U239  
        93            235              0        1.350000E+03   3.000000E+02  JUKO                  0.00           0.00           0.00           0.00           0           Np235 
        93            236              0        1.353000E+03   8.600000E+01  Mughabghab-2018      63.12           0.00           0.00          63.12           0           Np236 
        93            237              0        6.520000E+02   2.400000E+01  Mughabghab-2018      69.97           0.00          13.84          35.10           8           Np237 
        93            238              0        2.010000E+02   1.990000E+02  Sukhoruchkin         62.92           0.00           0.00          62.92           0           Np238 
        93            239              0        8.000000E+01   2.000000E+01  Mughabghab-2018       0.00           0.00           0.00           0.00           0           Np239 
        94            236              0        2.480000E+02   1.610000E+02  Sukhoruchkin         59.94           0.00           0.00          59.94           0           Pu236 
        94            238              0        1.460000E+02   1.300000E+01  Sukhoruchkin          5.19           0.00           0.00         123.36           1           Pu238 
        94            239              0        1.800000E+02   2.000000E+01  Mughabghab-2018      22.11           0.00          27.55          35.81           4           Pu239 
        94            240              0        8.478000E+03   2.000000E+02  Mughabghab-2018      70.67           0.00           0.00          57.74           1           Pu240 
        94            241              0        1.830000E+02   1.000000E+01  Mughabghab-2018      58.89           0.00           0.00          62.55           1           Pu241 
        94            242              0        1.300000E+02   3.000000E+01  Mughabghab-2018     120.08           0.00           0.00          90.40           1           Pu242 
        94            243              0        2.700000E+02   3.500000E+01  Mughabghab-2018      34.15           0.00           0.00          34.15           0           Pu243 
        94            244              0        5.000000E+01   2.900000E+00  Mughabghab-2018       8.75           0.00           0.00          13.78           1           Pu244 
        94            245              0        2.200000E+02   4.000000E+01  Mughabghab-2018       0.00           0.00           0.00           0.00           0           Pu245 
        95            241              0        1.425000E+03   1.000000E+02  Mughabghab-2018      70.01           0.00          71.09          71.85          16           Am241 
        95            242              0        3.000000E+02   0.000000E+00  JUKO                  0.00           0.00           0.00           0.00           0           Am242 
        95            242              1        2.393000E+02   9.000000E-01  Sukhoruchkin          0.00           0.00           0.00           0.00           0           Am242m
        95            243              0        1.820000E+03   7.000000E+01  Mughabghab-2018       5.76           0.00          47.51          41.11          10           Am243 
        96            242              0        1.100000E+02   2.000000E+01  Mughabghab-2018       9.21           0.00           0.00           9.21           0           Cm242 
        96            243              0        1.840000E+02   2.000000E+01  Mughabghab-2018       6.46           0.00           0.00           6.13           1           Cm243 
        96            244              0        6.550000E+02   3.000000E+01  Mughabghab-2018      68.72           0.00           0.00          56.29           1           Cm244 
        96            245              0        1.020000E+02   8.000000E+00  Mughabghab-2018       2.98           0.00           3.35           3.16           2           Cm245 
        96            246              0        1.210000E+02   7.000000E+00  Mughabghab-2018      61.98           0.00           1.26          44.82           2           Cm246 
        96            247              0        5.300000E+02   3.000000E+01  Mughabghab-2018      19.29           0.00           0.00          19.31           1           Cm247 
        96            248              0        2.700000E+02   1.500000E+01  Mughabghab-2018      65.66           0.00          15.12          44.39           3           Cm248 
        97            249              0        1.114000E+03   1.000000E+02  Mughabghab-2018       0.90           0.00           0.00           1.07           1           Bk249 
        98            249              0        7.650000E+02   3.500000E+01  Mughabghab-2018      60.77           0.00           3.03          61.77           2           Cf249 
        98            250              0        1.190000E+04   5.000000E+02  Mughabghab-2018       1.20           0.00          39.76          25.99           2           Cf250 
        98            251              0        1.600000E+03   3.000000E+01  Mughabghab-2018      41.11           0.00           0.00          35.20           1           Cf251 
        98            252              0        4.350000E+01   3.000000E+00  Mughabghab-2018       1.97           0.00           4.19           3.64           2           Cf252 
        98            253              0        1.300000E+01   3.000000E+00  Mughabghab-2018      98.71           0.00           0.00          98.71           0           Cf253 
        98            254              0        2.800000E+01   0.000000E+00  JUKO                  0.00           0.00           0.00           0.00           0           Cf254 
        99            253              0        3.864000E+03   2.000000E+02  Mughabghab-2018       0.05           0.00          47.12          39.78           6           Es253 
        99            254              0        1.200000E+03   2.500000E+02  JUKO                  0.00           0.00         100.00         138.26           2           Es254 
        99            254              1        1.000000E+03   0.000000E+00  Mughabghab-2018       0.00           0.00           0.00           0.00           0           Es254m
       100            255              0        1.400000E+01   2.000000E+00  JUKO                  0.00           0.00           0.00           0.00           0           Fm255 
