# header:
#   title: Ig resonance data for tendl.2023
#   source: Resonancetables
#   date: 2025-05-27
# reaction:
#   type: Ig
# quantity:
#   type: resonance data
# datablock:
#   columns: 7
#   entries: 395
##       Z              A            Liso           Value         dValue          Ratio         Nuclide
##      []             []             []            [eV]           [eV]            []             []
         1              1              0        1.493080E-01   0.000000E+00   1.002067E+00      H001                                                                                                    
         1              2              0        2.411960E-04   0.000000E+00   1.048678E+00      H002                                                                                                    
         2              3              0        2.271410E-04   0.000000E+00   6.309472E-01      He003                                                                                                   
         3              6              0        1.732790E-02   0.000000E+00   9.958563E-01      Li006                                                                                                   
         3              7              0        2.043120E-02   0.000000E+00   9.990807E-01      Li007                                                                                                   
         4              9              0        4.516870E-03   0.000000E+00   9.993075E-01      Be009                                                                                                   
         5             10              0        1.779630E-01   0.000000E+00   8.089228E-01      B010                                                                                                    
         5             11              0        2.753700E-03   0.000000E+00   9.834643E-01      B011                                                                                                    
         6             12              0        1.852610E-03   0.000000E+00   9.404112E-01      C012                                                                                                    
         6             13              0        7.574920E-04   0.000000E+00   6.886291E-01      C013                                                                                                    
         7             14              0        3.371640E-02   0.000000E+00   9.975266E-01      N014                                                                                                    
         7             15              0        8.182610E-05   0.000000E+00   6.818842E-01      N015                                                                                                    
         8             16              0        2.163120E-04   0.000000E+00   2.923135E-01      O016                                                                                                    
         8             17              0        2.017560E-03   0.000000E+00   7.759846E-01      O017                                                                                                    
         8             18              0        7.801820E-05   0.000000E+00   9.631877E-02      O018                                                                                                    
         9             19              0        1.620850E-02   0.000000E+00   8.024010E-01      F019                                                                                                    
        10             20              0        1.732030E-02   0.000000E+00   9.785480E-01      Ne020                                                                                                   
        10             21              0        2.982050E-01   0.000000E+00   1.007449E+00      Ne021                                                                                                   
        10             22              0        2.278620E-02   0.000000E+00   1.035736E+00      Ne022                                                                                                   
        11             22              0        2.311980E+00   0.000000E+00   1.806234E-02      Na022                                                                                                   
        11             23              0        3.118010E-01   0.000000E+00   1.029046E+00      Na023                                                                                                   
        12             24              0        3.481160E-02   0.000000E+00   1.122955E+00      Mg024                                                                                                   
        12             25              0        1.062090E-01   0.000000E+00   1.072818E+00      Mg025                                                                                                   
        12             26              0        2.627440E-02   0.000000E+00   1.094767E+00      Mg026                                                                                                   
        13             27              0        1.296620E-01   0.000000E+00   8.053541E-01      Al027                                                                                                   
        14             28              0        8.371250E-02   0.000000E+00   9.965774E-01      Si028                                                                                                   
        14             29              0        8.325100E-02   0.000000E+00   1.003024E+00      Si029                                                                                                   
        14             30              0        5.818360E-01   0.000000E+00   4.617746E+00      Si030                                                                                                   
        15             31              0        8.162210E-02   0.000000E+00   5.830150E-01      P031                                                                                                    
        16             32              0        2.416350E-01   0.000000E+00   9.665400E-01      S032                                                                                                    
        16             33              0        2.319580E-01   0.000000E+00   1.414378E+00      S033                                                                                                    
        16             34              0        1.165540E-01   0.000000E+00   1.154000E+00      S034                                                                                                    
        16             36              0        1.063910E-01   0.000000E+00   2.963538E-01      S036                                                                                                    
        17             35              0        1.818520E+01   0.000000E+00   1.015933E+00      Cl035                                                                                                   
        17             36              0        4.877820E+00   0.000000E+00   1.283637E+00      Cl036                                                                                                   
        17             37              0        6.490810E-02   0.000000E+00   2.245955E-01      Cl037                                                                                                   
        18             36              0        2.362640E+00   0.000000E+00   1.038523E+00      Ar036                                                                                                   
        18             40              0        3.028850E-01   0.000000E+00   7.478642E-01      Ar040                                                                                                   
        19             39              0        1.038470E+00   0.000000E+00   9.440637E-01      K039                                                                                                    
        19             40              0        1.522210E+01   0.000000E+00   1.170931E+00      K040                                                                                                    
        19             41              0        1.434920E+00   0.000000E+00   1.135221E+00      K041                                                                                                    
        20             40              0        2.149110E-01   0.000000E+00   1.008972E+00      Ca040                                                                                                   
        20             42              0        3.760460E-01   0.000000E+00   9.895948E-01      Ca042                                                                                                   
        20             43              0        4.385350E+00   0.000000E+00   7.560948E-01      Ca043                                                                                                   
        20             44              0        4.160280E-01   0.000000E+00   7.429071E-01      Ca044                                                                                                   
        20             46              0        3.761700E-01   0.000000E+00   4.023209E-01      Ca046                                                                                                   
        20             48              0        4.868830E-01   0.000000E+00   9.472432E-01      Ca048                                                                                                   
        21             45              0        1.211040E+01   0.000000E+00   1.071717E+00      Sc045                                                                                                   
        22             46              0        3.580040E-01   0.000000E+00   9.944555E-01      Ti046                                                                                                   
        22             47              0        1.545070E+00   0.000000E+00   1.136081E+00      Ti047                                                                                                   
        22             48              0        3.780920E+00   0.000000E+00   9.976043E-01      Ti048                                                                                                   
        22             49              0        9.805040E-01   0.000000E+00   1.054305E+00      Ti049                                                                                                   
        22             50              0        9.164790E-02   0.000000E+00   7.701504E-01      Ti050                                                                                                   
        23             50              0        5.753690E+01   0.000000E+00   9.704317E-01      V050                                                                                                    
        23             51              0        2.561740E+00   0.000000E+00   9.714599E-01      V051                                                                                                    
        24             50              0        7.239060E+00   0.000000E+00   9.048825E-01      Cr050                                                                                                   
        24             52              0        3.652780E-01   0.000000E+00   7.454653E-01      Cr052                                                                                                   
        24             53              0        9.407440E+00   0.000000E+00   1.119933E+00      Cr053                                                                                                   
        24             54              0        2.092220E-01   0.000000E+00   9.962953E-01      Cr054                                                                                                   
        25             53              0        4.700600E+01   0.000000E+00   1.042262E+00      Mn053                                                                                                   
        25             54              0        1.712820E+01   0.000000E+00   1.007541E+00      Mn054                                                                                                   
        25             55              0        1.425040E+01   0.000000E+00   1.025209E+00      Mn055                                                                                                   
        26             54              0        1.209740E+00   0.000000E+00   9.997851E-01      Fe054                                                                                                   
        26             55              0        6.930370E+00   0.000000E+00   1.155062E+00      Fe055                                                                                                   
        26             56              0        1.375540E+00   0.000000E+00   1.018919E+00      Fe056                                                                                                   
        26             57              0        1.513860E+00   0.000000E+00   1.044041E+00      Fe057                                                                                                   
        26             58              0        1.272910E+00   0.000000E+00   1.010246E+00      Fe058                                                                                                   
        26             59              0        1.599620E+01   0.000000E+00   2.666033E+00      Fe059                                                                                                   
        27             57              0        4.730580E+01   0.000000E+00   2.365290E+00      Co057                                                                                                   
        27             58              0        1.806040E+03   0.000000E+00   2.621248E-01      Co058                                                                                                   
        27             59              0        7.553670E+01   0.000000E+00   9.991627E-01      Co059                                                                                                   
        27             60              0        4.981120E+00   0.000000E+00   1.158400E+00      Co060                                                                                                   
        28             58              0        2.206080E+00   0.000000E+00   1.092119E+00      Ni058                                                                                                   
        28             59              0        1.179950E+02   0.000000E+00   9.290945E-01      Ni059                                                                                                   
        28             60              0        1.230470E+00   0.000000E+00   9.765635E-01      Ni060                                                                                                   
        28             61              0        1.878400E+00   0.000000E+00   7.826666E-01      Ni061                                                                                                   
        28             62              0        7.262500E+00   0.000000E+00   9.948630E-01      Ni062                                                                                                   
        28             63              0        1.826390E+01   0.000000E+00   2.029322E+00      Ni063                                                                                                   
        28             64              0        8.139250E-01   0.000000E+00   7.467202E-01      Ni064                                                                                                   
        29             63              0        5.023500E+00   0.000000E+00   9.532258E-01      Cu063                                                                                                   
        29             65              0        2.054540E+00   0.000000E+00   9.737157E-01      Cu065                                                                                                   
        30             64              0        1.394940E+00   0.000000E+00   9.823521E-01      Zn064                                                                                                   
        30             65              0        1.174370E+02   0.000000E+00   3.914567E+00      Zn065                                                                                                   
        30             66              0        9.500840E-01   0.000000E+00   9.500840E-01      Zn066                                                                                                   
        30             67              0        2.546250E+01   0.000000E+00   1.043545E+00      Zn067                                                                                                   
        30             68              0        3.106480E+00   0.000000E+00   8.875657E-01      Zn068                                                                                                   
        30             70              0        9.493550E-01   0.000000E+00   9.889115E-01      Zn070                                                                                                   
        31             69              0        1.844100E+01   0.000000E+00   1.138333E+00      Ga069                                                                                                   
        31             71              0        2.865730E+01   0.000000E+00   8.872229E-01      Ga071                                                                                                   
        32             70              0        2.455720E+00   0.000000E+00   9.408889E-01      Ge070                                                                                                   
        32             72              0        1.353280E+00   0.000000E+00   1.503644E+00      Ge072                                                                                                   
        32             73              0        6.425390E+01   0.000000E+00   1.019903E+00      Ge073                                                                                                   
        32             74              0        6.828780E-01   0.000000E+00   8.985237E-01      Ge074                                                                                                   
        32             76              0        1.831460E+00   0.000000E+00   9.846559E-01      Ge076                                                                                                   
        33             75              0        6.258370E+01   0.000000E+00   1.194345E+00      As075                                                                                                   
        34             74              0        5.668870E+02   0.000000E+00   9.559646E-01      Se074                                                                                                   
        34             76              0        5.921270E+01   0.000000E+00   1.444212E+00      Se076                                                                                                   
        34             77              0        4.505570E+01   0.000000E+00   1.403604E+00      Se077                                                                                                   
        34             78              0        4.652940E+00   0.000000E+00   9.899873E-01      Se078                                                                                                   
        34             80              0        1.190030E+00   0.000000E+00   1.133362E+00      Se080                                                                                                   
        34             82              0        1.360540E-01   0.000000E+00   6.478762E-01      Se082                                                                                                   
        35             79              0        1.323410E+02   0.000000E+00   1.101007E+00      Br079                                                                                                   
        35             81              0        4.636820E+01   0.000000E+00   1.008004E+00      Br081                                                                                                   
        36             78              0        2.499140E+01   0.000000E+00   9.575249E-01      Kr078                                                                                                   
        36             80              0        3.541420E+01   0.000000E+00   6.169721E-01      Kr080                                                                                                   
        36             82              0        1.421150E+02   0.000000E+00   9.109936E-01      Kr082                                                                                                   
        36             83              0        1.707680E+02   0.000000E+00   9.083405E-01      Kr083                                                                                                   
        36             84              0        3.325300E+00   0.000000E+00   1.368436E+00      Kr084                                                                                                   
        36             85              0        2.410780E+00   0.000000E+00   1.339322E+00      Kr085                                                                                                   
        36             86              0        1.640470E-02   0.000000E+00   8.202350E-01      Kr086                                                                                                   
        37             85              0        7.322130E+00   0.000000E+00   9.854819E-01      Rb085                                                                                                   
        37             86              0        2.115270E+02   0.000000E+00   1.175150E+01      Rb086                                                                                                   
        37             87              0        1.857980E+00   0.000000E+00   7.839578E-01      Rb087                                                                                                   
        38             84              0        8.071850E+00   0.000000E+00   8.559756E-01      Sr084                                                                                                   
        38             86              0        5.040340E+00   0.000000E+00   1.034977E+00      Sr086                                                                                                   
        38             87              0        1.076210E+02   0.000000E+00   8.894297E-01      Sr087                                                                                                   
        38             88              0        2.912140E-02   0.000000E+00   7.870649E-01      Sr088                                                                                                   
        38             90              0        1.450880E-01   0.000000E+00   1.395077E+00      Sr090                                                                                                   
        39             89              0        9.575090E-01   0.000000E+00   1.100585E+00      Y089                                                                                                    
        40             90              0        1.574330E-01   0.000000E+00   9.658467E-01      Zr090                                                                                                   
        40             91              0        5.752200E+00   0.000000E+00   9.429836E-01      Zr091                                                                                                   
        40             92              0        4.978060E-01   0.000000E+00   7.214580E-01      Zr092                                                                                                   
        40             93              0        1.757810E+01   0.000000E+00   9.875337E-01      Zr093                                                                                                   
        40             94              0        2.672450E-01   0.000000E+00   9.897962E-01      Zr094                                                                                                   
        40             96              0        5.273670E+00   0.000000E+00   1.016121E+00      Zr096                                                                                                   
        41             93              0        8.967200E+00   0.000000E+00   1.061207E+00      Nb093                                                                                                   
        41             94              0        1.615080E+02   0.000000E+00   1.292064E+00      Nb094                                                                                                   
        41             95              0        3.538040E+01   0.000000E+00   1.769020E-01      Nb095                                                                                                   
        42             92              0        9.227110E-01   0.000000E+00   9.415419E-01      Mo092                                                                                                   
        42             94              0        1.403150E+00   0.000000E+00   9.610616E-01      Mo094                                                                                                   
        42             95              0        1.178380E+02   0.000000E+00   1.122267E+00      Mo095                                                                                                   
        42             96              0        1.824310E+01   0.000000E+00   1.042463E+00      Mo096                                                                                                   
        42             97              0        1.721280E+01   0.000000E+00   9.835885E-01      Mo097                                                                                                   
        42             98              0        6.288580E+00   0.000000E+00   9.074430E-01      Mo098                                                                                                   
        42            100              0        3.339230E+00   0.000000E+00   9.224393E-01      Mo100                                                                                                   
        43             99              0        3.132800E+02   0.000000E+00   8.750838E-01      Tc099                                                                                                   
        44             96              0        4.397500E+00   0.000000E+00   7.220854E-01      Ru096                                                                                                   
        44             99              0        1.797360E+02   0.000000E+00   1.051088E+00      Ru099                                                                                                   
        44            100              0        1.561480E+01   0.000000E+00   1.394179E+00      Ru100                                                                                                   
        44            101              0        1.120980E+02   0.000000E+00   1.009892E+00      Ru101                                                                                                   
        44            102              0        5.216360E+00   0.000000E+00   1.247933E+00      Ru102                                                                                                   
        44            103              0        5.076780E+01   0.000000E+00   1.080166E+00      Ru103                                                                                                   
        44            104              0        6.841210E+00   0.000000E+00   1.060653E+00      Ru104                                                                                                   
        44            106              0        4.090180E+00   0.000000E+00   2.045090E+00      Ru106                                                                                                   
        45            103              0        9.681140E+02   0.000000E+00   8.411069E-01      Rh103                                                                                                   
        45            105              0        1.447620E+04   0.000000E+00   8.515412E-01      Rh105                                                                                                   
        46            102              0        2.184430E+01   0.000000E+00   9.497522E-01      Pd102                                                                                                   
        46            104              0        2.102280E+01   0.000000E+00   9.963412E-01      Pd104                                                                                                   
        46            105              0        9.750380E+01   0.000000E+00   1.015665E+00      Pd105                                                                                                   
        46            106              0        8.066370E+00   0.000000E+00   1.075516E+00      Pd106                                                                                                   
        46            107              0        1.157850E+02   0.000000E+00   1.033795E+00      Pd107                                                                                                   
        46            108              0        1.734370E+02   0.000000E+00   7.309381E-01      Pd108                                                                                                   
        46            110              0        2.913040E+00   0.000000E+00   9.710133E-01      Pd110                                                                                                   
        47            107              0        9.935830E+01   0.000000E+00   1.056441E+00      Ag107                                                                                                   
        47            109              0        1.513710E+03   0.000000E+00   1.127111E+00      Ag109                                                                                                   
        47            110              1        8.304270E+01   0.000000E+00   1.289483E+00      Ag110m                                                                                                  
        47            111              0        6.686650E+01   0.000000E+00   6.368238E-01      Ag111                                                                                                   
        48            106              0        7.999990E+00   0.000000E+00   1.386240E+00      Cd106                                                                                                   
        48            108              0        1.550710E+01   0.000000E+00   9.478667E-01      Cd108                                                                                                   
        48            109              0        3.297420E+03   0.000000E+00   4.921522E-01      Cd109                                                                                                   
        48            110              0        3.142770E+01   0.000000E+00   9.512592E-01      Cd110                                                                                                   
        48            111              0        4.654550E+01   0.000000E+00   9.334115E-01      Cd111                                                                                                   
        48            112              0        1.319450E+01   0.000000E+00   1.018094E+00      Cd112                                                                                                   
        48            113              0        3.839850E+02   0.000000E+00   9.601065E-01      Cd113                                                                                                   
        48            114              0        1.217570E+01   0.000000E+00   9.862061E-01      Cd114                                                                                                   
        48            116              0        1.573610E+00   0.000000E+00   8.870406E-01      Cd116                                                                                                   
        49            113              0        3.290700E+02   0.000000E+00   9.881982E-01      In113                                                                                                   
        49            115              0        3.223520E+03   0.000000E+00   9.768242E-01      In115                                                                                                   
        50            112              0        3.011980E+01   0.000000E+00   1.150050E+00      Sn112                                                                                                   
        50            113              0        2.457310E+02   0.000000E+00   1.077768E+00      Sn113                                                                                                   
        50            114              0        7.701680E+00   0.000000E+00   9.873949E-01      Sn114                                                                                                   
        50            115              0        2.746560E+01   0.000000E+00   1.307886E+00      Sn115                                                                                                   
        50            116              0        1.236720E+01   0.000000E+00   1.005463E+00      Sn116                                                                                                   
        50            117              0        1.815800E+01   0.000000E+00   1.031705E+00      Sn117                                                                                                   
        50            118              0        3.862880E+00   0.000000E+00   9.657200E-01      Sn118                                                                                                   
        50            119              0        7.359750E+00   0.000000E+00   1.314241E+00      Sn119                                                                                                   
        50            120              0        1.121990E+00   0.000000E+00   9.842017E-01      Sn120                                                                                                   
        50            122              0        6.119940E-01   0.000000E+00   7.285643E-01      Sn122                                                                                                   
        50            124              0        8.219160E+00   0.000000E+00   1.027395E+00      Sn124                                                                                                   
        51            121              0        2.066750E+02   0.000000E+00   9.918655E-01      Sb121                                                                                                   
        51            123              0        1.279070E+02   0.000000E+00   1.090798E+00      Sb123                                                                                                   
        52            120              0        8.765000E+01   0.000000E+00   8.765000E+01      Te120                                                                                                   
        52            122              0        8.957040E+01   0.000000E+00   1.133803E+00      Te122                                                                                                   
        52            123              0        5.252670E+03   0.000000E+00   9.309943E-01      Te123                                                                                                   
        52            124              0        5.476810E+00   0.000000E+00   1.033360E+00      Te124                                                                                                   
        52            125              0        2.304510E+01   0.000000E+00   1.033413E+00      Te125                                                                                                   
        52            126              0        7.672620E+00   0.000000E+00   9.590775E-01      Te126                                                                                                   
        52            128              0        1.329640E+00   0.000000E+00   9.849185E-01      Te128                                                                                                   
        52            130              0        4.890560E-01   0.000000E+00   1.164419E+00      Te130                                                                                                   
        53            125              0        2.901650E+03   0.000000E+00   2.113365E-01      I125                                                                                                    
        53            126              0        5.667970E+03   0.000000E+00   1.396052E-01      I126                                                                                                    
        53            127              0        1.662420E+02   0.000000E+00   1.241817E+00      I127                                                                                                    
        53            129              0        2.968470E+01   0.000000E+00   8.782456E-01      I129                                                                                                    
        54            124              0        3.237150E+03   0.000000E+00   8.992083E-01      Xe124                                                                                                   
        54            126              0        2.908550E+01   0.000000E+00   4.768115E-01      Xe126                                                                                                   
        54            128              0        1.066810E+01   0.000000E+00   8.400079E-01      Xe128                                                                                                   
        54            129              0        2.658600E+02   0.000000E+00   1.022538E+00      Xe129                                                                                                   
        54            130              0        4.744680E+00   0.000000E+00   9.683020E-01      Xe130                                                                                                   
        54            131              0        8.835950E+02   0.000000E+00   1.000674E+00      Xe131                                                                                                   
        54            132              0        6.257850E+00   0.000000E+00   1.251570E+00      Xe132                                                                                                   
        54            134              0        1.376280E+00   0.000000E+00   3.621789E+00      Xe134                                                                                                   
        54            136              0        7.531200E-01   0.000000E+00   1.017730E+00      Xe136                                                                                                   
        55            132              0        4.569680E+02   0.000000E+00   1.043306E+00      Cs132                                                                                                   
        55            133              0        4.056090E+02   0.000000E+00   1.114311E+00      Cs133                                                                                                   
        55            134              0        2.007920E+02   0.000000E+00   1.912305E+00      Cs134                                                                                                   
        55            135              0        4.201470E+01   0.000000E+00   1.102748E+00      Cs135                                                                                                   
        56            130              0        1.783990E+02   0.000000E+00   1.056240E+00      Ba130                                                                                                   
        56            132              0        5.808840E+01   0.000000E+00   1.075711E+00      Ba132                                                                                                   
        56            133              0        1.818540E+02   0.000000E+00   1.715604E+00      Ba133                                                                                                   
        56            134              0        2.190790E+01   0.000000E+00   9.958136E-01      Ba134                                                                                                   
        56            135              0        1.001430E+02   0.000000E+00   9.722621E-01      Ba135                                                                                                   
        56            136              0        1.807150E+00   0.000000E+00   9.663904E-01      Ba136                                                                                                   
        56            137              0        4.462120E+00   0.000000E+00   1.274891E+00      Ba137                                                                                                   
        56            138              0        2.888920E-01   0.000000E+00   8.024778E-01      Ba138                                                                                                   
        56            140              0        9.537300E-01   0.000000E+00   7.012720E-02      Ba140                                                                                                   
        57            138              0        4.830730E+02   0.000000E+00   1.181108E+00      La138                                                                                                   
        57            139              0        1.129490E+01   0.000000E+00   9.804600E-01      La139                                                                                                   
        57            140              0        1.164180E+02   0.000000E+00   1.687217E+00      La140                                                                                                   
        58            136              0        8.493720E+01   0.000000E+00   1.230974E+00      Ce136                                                                                                   
        58            138              0        1.751580E+01   0.000000E+00   1.652434E+00      Ce138                                                                                                   
        58            140              0        2.940740E-01   0.000000E+00   6.126541E-01      Ce140                                                                                                   
        58            141              0        1.587090E+02   0.000000E+00   9.981698E-01      Ce141                                                                                                   
        58            142              0        9.189940E-01   0.000000E+00   7.854650E-01      Ce142                                                                                                   
        58            143              0        8.641920E+00   0.000000E+00   3.200711E+00      Ce143                                                                                                   
        58            144              0        4.536130E+00   0.000000E+00   1.744665E+00      Ce144                                                                                                   
        59            141              0        1.701270E+01   0.000000E+00   1.069981E+00      Pr141                                                                                                   
        59            143              0        1.678180E+02   0.000000E+00   8.832526E-01      Pr143                                                                                                   
        60            142              0        6.202500E+00   0.000000E+00   1.000403E+00      Nd142                                                                                                   
        60            143              0        1.308020E+02   0.000000E+00   9.984885E-01      Nd143                                                                                                   
        60            144              0        5.478990E+00   0.000000E+00   1.217553E+00      Nd144                                                                                                   
        60            145              0        2.268910E+02   0.000000E+00   1.012906E+00      Nd145                                                                                                   
        60            146              0        3.273660E+00   0.000000E+00   1.259100E+00      Nd146                                                                                                   
        60            147              0        5.394860E+02   0.000000E+00   1.027592E+00      Nd147                                                                                                   
        60            148              0        1.511590E+01   0.000000E+00   1.206377E+00      Nd148                                                                                                   
        60            150              0        1.444490E+01   0.000000E+00   9.503223E-01      Nd150                                                                                                   
        61            147              0        2.118730E+03   0.000000E+00   9.608753E-01      Pm147                                                                                                   
        61            148              0        2.531050E+03   0.000000E+00   9.734808E-01      Pm148                                                                                                   
        61            148              1        2.205570E+03   0.000000E+00   6.126584E-01      Pm148m                                                                                                  
        62            144              0        2.244770E+00   0.000000E+00   9.431806E-01      Sm144                                                                                                   
        62            145              0        1.811150E+03   0.000000E+00   3.018583E+00      Sm145                                                                                                   
        62            147              0        7.807600E+02   0.000000E+00   1.003548E+00      Sm147                                                                                                   
        62            148              0        3.729260E+01   0.000000E+00   1.381207E+00      Sm148                                                                                                   
        62            149              0        3.443610E+03   0.000000E+00   1.003091E+00      Sm149                                                                                                   
        62            150              0        3.722260E+02   0.000000E+00   1.117796E+00      Sm150                                                                                                   
        62            151              0        3.307870E+03   0.000000E+00   9.618698E-01      Sm151                                                                                                   
        62            152              0        2.977860E+03   0.000000E+00   1.000289E+00      Sm152                                                                                                   
        62            154              0        3.618740E+01   0.000000E+00   1.090968E+00      Sm154                                                                                                   
        63            151              0        3.768840E+03   0.000000E+00   1.118350E+00      Eu151                                                                                                   
        63            152              0        4.244150E+03   0.000000E+00   1.838886E+00      Eu152                                                                                                   
        63            153              0        1.550630E+03   0.000000E+00   8.835499E-01      Eu153                                                                                                   
        63            154              0        1.766690E+03   0.000000E+00   1.358992E+00      Eu154                                                                                                   
        63            155              0        1.627580E+04   0.000000E+00   1.048698E+00      Eu155                                                                                                   
        64            152              0        5.476980E+02   0.000000E+00   9.378390E-01      Gd152                                                                                                   
        64            153              0        6.312850E+02   0.000000E+00   2.118406E+00      Gd153                                                                                                   
        64            154              0        2.284340E+02   0.000000E+00   2.134897E+00      Gd154                                                                                                   
        64            155              0        1.534180E+03   0.000000E+00   9.968681E-01      Gd155                                                                                                   
        64            156              0        1.046740E+02   0.000000E+00   9.692037E-01      Gd156                                                                                                   
        64            157              0        7.685410E+02   0.000000E+00   1.012571E+00      Gd157                                                                                                   
        64            158              0        6.875470E+01   0.000000E+00   1.052905E+00      Gd158                                                                                                   
        64            160              0        7.976030E+00   0.000000E+00   1.336018E+00      Gd160                                                                                                   
        65            159              0        4.069280E+02   0.000000E+00   9.481081E-01      Tb159                                                                                                   
        65            160              0        5.619730E+03   0.000000E+00   1.616258E+00      Tb160                                                                                                   
        66            156              0        1.025830E+03   0.000000E+00   1.068573E+00      Dy156                                                                                                   
        66            158              0        1.984800E+02   0.000000E+00   1.654000E+00      Dy158                                                                                                   
        66            160              0        1.107970E+03   0.000000E+00   9.874955E-01      Dy160                                                                                                   
        66            161              0        1.084710E+03   0.000000E+00   1.005292E+00      Dy161                                                                                                   
        66            162              0        2.740980E+03   0.000000E+00   1.166374E+00      Dy162                                                                                                   
        66            163              0        1.493110E+03   0.000000E+00   7.617908E-01      Dy163                                                                                                   
        66            164              0        3.425490E+02   0.000000E+00   7.121601E-01      Dy164                                                                                                   
        67            165              0        6.889530E+02   0.000000E+00   1.071467E+00      Ho165                                                                                                   
        67            166              0        4.142650E+04   0.000000E+00   4.142650E+00      Ho166                                                                                                   
        67            166              1        1.231370E+03   0.000000E+00   1.818863E+00      Ho166m                                                                                                  
        68            162              0        3.984890E+02   0.000000E+00   8.301855E-01      Er162                                                                                                   
        68            164              0        1.211150E+02   0.000000E+00   1.153476E+00      Er164                                                                                                   
        68            166              0        1.117850E+02   0.000000E+00   1.016227E+00      Er166                                                                                                   
        68            167              0        2.996670E+03   0.000000E+00   1.003909E+00      Er167                                                                                                   
        68            168              0        3.849690E+01   0.000000E+00   1.002523E+00      Er168                                                                                                   
        68            170              0        4.408000E+01   0.000000E+00   1.113131E+00      Er170                                                                                                   
        69            169              0        1.627390E+03   0.000000E+00   1.116946E+00      Tm169                                                                                                   
        69            170              0        6.178880E+02   0.000000E+00   1.212734E+00      Tm170                                                                                                   
        69            171              0        2.067890E+02   0.000000E+00   1.752449E+00      Tm171                                                                                                   
        70            168              0        1.480100E+04   0.000000E+00   1.037284E+00      Yb168                                                                                                   
        70            169              0        2.784350E+03   0.000000E+00   5.354519E-01      Yb169                                                                                                   
        70            170              0        3.151740E+02   0.000000E+00   1.016690E+00      Yb170                                                                                                   
        70            171              0        3.275270E+02   0.000000E+00   1.029959E+00      Yb171                                                                                                   
        70            172              0        2.690660E+01   0.000000E+00   1.076264E+00      Yb172                                                                                                   
        70            173              0        3.860840E+02   0.000000E+00   1.016011E+00      Yb173                                                                                                   
        70            174              0        2.584330E+01   0.000000E+00   9.036119E-01      Yb174                                                                                                   
        70            176              0        6.318420E+00   0.000000E+00   8.655369E-01      Yb176                                                                                                   
        71            173              0        1.656980E+03   0.000000E+00   1.321356E+00      Lu173                                                                                                   
        71            175              0        6.742740E+02   0.000000E+00   1.087539E+00      Lu175                                                                                                   
        71            176              0        9.326980E+02   0.000000E+00   2.521487E-01      Lu176                                                                                                   
        71            177              0        3.281590E+03   0.000000E+00   2.343993E+03      Lu177                                                                                                   
        72            174              0        3.530550E+02   0.000000E+00   7.856141E-01      Hf174                                                                                                   
        72            176              0        7.109850E+02   0.000000E+00   1.024474E+00      Hf176                                                                                                   
        72            177              0        7.194320E+03   0.000000E+00   9.974102E-01      Hf177                                                                                                   
        72            178              0        1.886080E+03   0.000000E+00   1.008060E+00      Hf178                                                                                                   
        72            179              0        5.227930E+02   0.000000E+00   9.976966E-01      Hf179                                                                                                   
        72            180              0        3.173590E+01   0.000000E+00   9.559006E-01      Hf180                                                                                                   
        72            182              0        1.186570E+03   0.000000E+00   2.028325E-01      Hf182                                                                                                   
        73            179              0        3.601630E+03   0.000000E+00   2.961867E+00      Ta179                                                                                                   
        73            180              1        1.574740E+03   0.000000E+00   1.169941E+00      Ta180m                                                                                                  
        73            181              0        6.648020E+02   0.000000E+00   9.805339E-01      Ta181                                                                                                   
        73            182              0        5.022500E+02   0.000000E+00   4.751656E-01      Ta182                                                                                                   
        74            180              0        2.133750E+02   0.000000E+00   8.524770E-01      W180                                                                                                    
        74            182              0        6.018970E+02   0.000000E+00   9.569109E-01      W182                                                                                                    
        74            183              0        3.672410E+02   0.000000E+00   1.083307E+00      W183                                                                                                    
        74            184              0        1.611700E+01   0.000000E+00   1.096395E+00      W184                                                                                                    
        74            185              0        1.432400E+02   0.000000E+00   1.234828E+00      W185                                                                                                    
        74            186              0        4.608310E+02   0.000000E+00   9.701705E-01      W186                                                                                                    
        75            185              0        1.738990E+03   0.000000E+00   9.999942E-01      Re185                                                                                                   
        75            187              0        3.023350E+02   0.000000E+00   1.004435E+00      Re187                                                                                                   
        76            184              0        8.414630E+02   0.000000E+00   5.213525E-01      Os184                                                                                                   
        76            186              0        1.992110E+02   0.000000E+00   7.842953E-01      Os186                                                                                                   
        76            187              0        3.062340E+02   0.000000E+00   6.040118E-01      Os187                                                                                                   
        76            188              0        1.072920E+02   0.000000E+00   7.058684E-01      Os188                                                                                                   
        76            189              0        7.716370E+02   0.000000E+00   1.169147E+00      Os189                                                                                                   
        76            190              0        3.713590E+01   0.000000E+00   4.822844E+00      Os190                                                                                                   
        76            191              0        4.489340E+02   0.000000E+00   2.640788E+00      Os191                                                                                                   
        76            192              0        6.139700E+00   0.000000E+00   8.230160E-01      Os192                                                                                                   
        77            191              0        3.322600E+03   0.000000E+00   9.359437E-01      Ir191                                                                                                   
        77            192              0        2.211220E+03   0.000000E+00   6.484516E-01      Ir192                                                                                                   
        77            193              0        1.372030E+03   0.000000E+00   8.761367E-01      Ir193                                                                                                   
        78            190              0        1.790570E+02   0.000000E+00   2.486903E+00      Pt190                                                                                                   
        78            192              0        1.354930E+02   0.000000E+00   1.148246E+00      Pt192                                                                                                   
        78            194              0        7.957720E+00   0.000000E+00   1.989430E+00      Pt194                                                                                                   
        78            195              0        3.751980E+02   0.000000E+00   1.022338E+00      Pt195                                                                                                   
        78            196              0        5.866980E+00   0.000000E+00   1.055212E+00      Pt196                                                                                                   
        78            198              0        4.906850E+01   0.000000E+00   8.563438E-01      Pt198                                                                                                   
        79            197              0        1.544410E+03   0.000000E+00   9.965221E-01      Au197                                                                                                   
        79            198              0        1.443200E+04   0.000000E+00   3.608000E-01      Au198                                                                                                   
        80            196              0        4.289820E+02   0.000000E+00   1.021386E+00      Hg196                                                                                                   
        80            198              0        7.930910E+01   0.000000E+00   1.064552E+00      Hg198                                                                                                   
        80            199              0        4.538580E+02   0.000000E+00   1.033845E+00      Hg199                                                                                                   
        80            200              0        2.868640E+00   0.000000E+00   1.103323E+00      Hg200                                                                                                   
        80            201              0        3.598460E+01   0.000000E+00   1.090442E+00      Hg201                                                                                                   
        80            202              0        3.045670E+00   0.000000E+00   7.972958E-01      Hg202                                                                                                   
        80            204              0        4.078370E-01   0.000000E+00   4.687782E-01      Hg204                                                                                                   
        81            203              0        3.991040E+01   0.000000E+00   1.002774E+00      Tl203                                                                                                   
        81            204              0        1.072790E+02   0.000000E+00   1.141266E+00      Tl204                                                                                                   
        81            205              0        7.501860E-01   0.000000E+00   1.020661E+00      Tl205                                                                                                   
        82            204              0        2.271260E+00   0.000000E+00   1.234380E+00      Pb204                                                                                                   
        82            205              0        3.200230E+01   0.000000E+00   1.600115E+01      Pb205                                                                                                   
        82            206              0        1.121710E-01   0.000000E+00   9.839562E-01      Pb206                                                                                                   
        82            207              0        3.674510E-01   0.000000E+00   9.421821E-01      Pb207                                                                                                   
        82            208              0        1.665600E-03   0.000000E+00   2.686452E-01      Pb208                                                                                                   
        83            209              0        1.755050E-01   0.000000E+00   8.357381E-01      Bi209                                                                                                   
        83            210              0        2.263120E+00   0.000000E+00   1.131560E+01      Bi210                                                                                                   
        83            210              1        6.031130E-01   0.000000E+00   3.015565E+00      Bi210m                                                                                                  
        88            226              0        2.962740E+02   0.000000E+00   1.049501E+00      Ra226                                                                                                   
        89            227              0        3.389900E+02   0.000000E+00   2.042108E-01      Ac227                                                                                                   
        90            228              0        6.202040E+02   0.000000E+00   5.522742E-01      Th228                                                                                                   
        90            229              0        1.084970E+03   0.000000E+00   8.263290E-01      Th229                                                                                                   
        90            230              0        9.774030E+02   0.000000E+00   9.842930E-01      Th230                                                                                                   
        90            232              0        8.432050E+01   0.000000E+00   9.990581E-01      Th232                                                                                                   
        91            231              0        5.613830E+02   0.000000E+00   1.069301E+00      Pa231                                                                                                   
        91            232              0        1.296380E+02   0.000000E+00   1.108017E+00      Pa232                                                                                                   
        91            233              0        8.107110E+02   0.000000E+00   9.426872E-01      Pa233                                                                                                   
        92            232              0        1.726790E+02   0.000000E+00   6.167107E-01      U232                                                                                                    
        92            233              0        1.387130E+02   0.000000E+00   1.005167E+00      U233                                                                                                    
        92            234              0        6.587570E+02   0.000000E+00   4.391714E+00      U234                                                                                                    
        92            235              0        1.429800E+02   0.000000E+00   9.793150E-01      U235                                                                                                    
        92            236              0        3.417810E+02   0.000000E+00   9.765171E-01      U236                                                                                                    
        92            237              0        2.806220E+03   0.000000E+00   2.338517E+00      U237                                                                                                    
        92            238              0        2.749670E+02   0.000000E+00   9.962573E-01      U238                                                                                                    
        93            236              0        1.293480E+02   0.000000E+00   9.560090E-02      Np236                                                                                                   
        93            237              0        6.569010E+02   0.000000E+00   1.007517E+00      Np237                                                                                                   
        93            238              0        1.793490E+02   0.000000E+00   8.922836E-01      Np238                                                                                                   
        94            236              0        7.189790E+01   0.000000E+00   2.899109E-01      Pu236                                                                                                   
        94            238              0        1.473860E+02   0.000000E+00   1.009493E+00      Pu238                                                                                                   
        94            239              0        1.800500E+02   0.000000E+00   1.000278E+00      Pu239                                                                                                   
        94            240              0        8.483400E+03   0.000000E+00   1.000637E+00      Pu240                                                                                                   
        94            241              0        1.804220E+02   0.000000E+00   9.859126E-01      Pu241                                                                                                   
        94            242              0        1.121620E+03   0.000000E+00   8.627846E+00      Pu242                                                                                                   
        94            244              0        4.573100E+01   0.000000E+00   9.146200E-01      Pu244                                                                                                   
        95            241              0        1.595100E+03   0.000000E+00   1.119368E+00      Am241                                                                                                   
        95            242              1        2.433820E+02   0.000000E+00   1.017058E+00      Am242m                                                                                                  
        95            243              0        2.040610E+03   0.000000E+00   1.121214E+00      Am243                                                                                                   
        96            242              0        9.647140E+01   0.000000E+00   8.770127E-01      Cm242                                                                                                   
        96            243              0        2.133330E+02   0.000000E+00   1.159418E+00      Cm243                                                                                                   
        96            244              0        6.257640E+02   0.000000E+00   9.553648E-01      Cm244                                                                                                   
        96            245              0        1.006400E+02   0.000000E+00   9.866667E-01      Cm245                                                                                                   
        96            246              0        1.147460E+02   0.000000E+00   9.483141E-01      Cm246                                                                                                   
        96            247              0        6.261650E+02   0.000000E+00   1.181443E+00      Cm247                                                                                                   
        96            248              0        2.696370E+02   0.000000E+00   9.986556E-01      Cm248                                                                                                   
        97            249              0        1.195510E+03   0.000000E+00   1.073169E+00      Bk249                                                                                                   
        98            249              0        5.668630E+02   0.000000E+00   7.409974E-01      Cf249                                                                                                   
        98            250              0        1.179760E+04   0.000000E+00   9.913949E-01      Cf250                                                                                                   
        98            251              0        6.385920E+02   0.000000E+00   3.991200E-01      Cf251                                                                                                   
        98            252              0        5.455710E+01   0.000000E+00   1.254186E+00      Cf252                                                                                                   
        98            253              0        5.861090E+01   0.000000E+00   4.508531E+00      Cf253                                                                                                   
        98            254              0        3.652350E+01   0.000000E+00   1.304411E+00      Cf254                                                                                                   
        99            253              0        2.351550E+02   0.000000E+00   6.085792E-02      Es253                                                                                                   
        99            254              0        4.025210E+02   0.000000E+00   3.354342E-01      Es254                                                                                                   
        99            254              1        1.017140E+02   0.000000E+00   1.017140E-01      Es254m                                                                                                  
