# header: 
#   title: Ig resonance data for tendl.2025
#   source: Resonancetables
#   date: 2025-08-25
# reaction: 
#   type: Ig
# quantity: 
#   type: resonance data
# datablock: 
#   columns: 7
#   entries: 276
##       Z              A            Liso           Value         dValue          Ratio         Nuclide
##      []             []             []            [eV]           [eV]            []             [%]
         3              7              0        2.533780E-05   0.000000E+00         0.0012      Li007
         4              9              0        3.731980E-03   0.000000E+00         0.8257      Be009
         6             12              0        1.748930E-03   0.000000E+00         0.8878      C012
         6             13              0        7.800890E-04   0.000000E+00         0.7092      C013
         7             14              0        3.920790E-02   0.000000E+00         1.1600      N014
         7             15              0        1.527550E-05   0.000000E+00         0.1273      N015
         8             16              0        2.686060E-04   0.000000E+00         0.3630      O016
         8             18              0        1.180960E-04   0.000000E+00         0.1458      O018
         9             19              0        1.679420E-02   0.000000E+00         0.8314      F019
        10             20              0        1.733040E-02   0.000000E+00         0.9791      Ne020
        10             21              0        2.972140E-01   0.000000E+00         1.0041      Ne021
        10             22              0        2.292880E-02   0.000000E+00         1.0422      Ne022
        11             23              0        3.117900E-01   0.000000E+00         1.0290      Na023
        12             24              0        3.521540E-02   0.000000E+00         1.1360      Mg024
        12             25              0        1.062240E-01   0.000000E+00         1.0730      Mg025
        12             26              0        2.788910E-02   0.000000E+00         1.1620      Mg026
        13             27              0        1.295830E-01   0.000000E+00         0.8049      Al027
        14             28              0        8.369740E-02   0.000000E+00         0.9964      Si028
        14             29              0        8.343780E-02   0.000000E+00         1.0053      Si029
        14             30              0        5.818000E-01   0.000000E+00         4.6175      Si030
        15             31              0        8.225840E-02   0.000000E+00         0.5876      P031
        16             32              0        2.420480E-01   0.000000E+00         0.9682      S032
        16             33              0        2.322520E-01   0.000000E+00         1.4162      S033
        16             34              0        1.169920E-01   0.000000E+00         1.1583      S034
        16             36              0        1.062110E-01   0.000000E+00         0.2959      S036
        17             35              0        1.818580E+01   0.000000E+00         1.0160      Cl035
        17             37              0        1.964550E-01   0.000000E+00         0.6798      Cl037
        18             36              0        2.364620E+00   0.000000E+00         1.0394      Ar036
        18             40              0        3.027860E-01   0.000000E+00         0.7476      Ar040
        19             39              0        9.357000E-01   0.000000E+00         0.8506      K039
        19             41              0        1.433090E+00   0.000000E+00         1.1338      K041
        20             40              0        2.150180E-01   0.000000E+00         1.0095      Ca040
        20             42              0        3.769170E-01   0.000000E+00         0.9919      Ca042
        20             43              0        4.370120E+00   0.000000E+00         0.7535      Ca043
        20             44              0        4.155740E-01   0.000000E+00         0.7421      Ca044
        20             46              0        3.764650E-01   0.000000E+00         0.4026      Ca046
        20             48              0        4.868910E-01   0.000000E+00         0.9473      Ca048
        21             45              0        1.210980E+01   0.000000E+00         1.0717      Sc045
        22             46              0        3.469650E-01   0.000000E+00         0.9638      Ti046
        22             47              0        1.546850E+00   0.000000E+00         1.1374      Ti047
        22             48              0        3.790180E+00   0.000000E+00         1.0000      Ti048
        22             49              0        9.816540E-01   0.000000E+00         1.0555      Ti049
        22             50              0        9.177690E-02   0.000000E+00         0.7712      Ti050
        23             51              0        2.565140E+00   0.000000E+00         0.9727      V051
        24             50              0        8.112490E+00   0.000000E+00         1.0141      Cr050
        24             52              0        5.042000E-01   0.000000E+00         1.0290      Cr052
        24             53              0        9.207040E+00   0.000000E+00         1.0961      Cr053
        24             54              0        2.098960E-01   0.000000E+00         0.9995      Cr054
        25             55              0        1.424980E+01   0.000000E+00         1.0252      Mn055
        26             54              0        1.228420E+00   0.000000E+00         1.0152      Fe054
        26             56              0        1.359270E+00   0.000000E+00         1.0069      Fe056
        26             57              0        1.513800E+00   0.000000E+00         1.0440      Fe057
        26             58              0        1.272860E+00   0.000000E+00         1.0102      Fe058
        27             59              0        7.553390E+01   0.000000E+00         0.9991      Co059
        28             58              0        2.108520E+00   0.000000E+00         1.0438      Ni058
        28             60              0        1.230290E+00   0.000000E+00         0.9764      Ni060
        28             61              0        1.877550E+00   0.000000E+00         0.7823      Ni061
        28             62              0        7.265390E+00   0.000000E+00         0.9953      Ni062
        28             64              0        8.139180E-01   0.000000E+00         0.7467      Ni064
        29             63              0        5.039920E+00   0.000000E+00         0.9563      Cu063
        29             65              0        2.053850E+00   0.000000E+00         0.9734      Cu065
        30             64              0        1.392230E+00   0.000000E+00         0.9804      Zn064
        30             66              0        9.551770E-01   0.000000E+00         0.9552      Zn066
        30             67              0        2.548250E+01   0.000000E+00         1.0444      Zn067
        30             68              0        3.103270E+00   0.000000E+00         0.8866      Zn068
        30             70              0        9.480680E-01   0.000000E+00         0.9876      Zn070
        31             69              0        1.841520E+01   0.000000E+00         1.1367      Ga069
        31             71              0        2.868220E+01   0.000000E+00         0.8880      Ga071
        32             70              0        2.462580E+00   0.000000E+00         0.9435      Ge070
        32             74              0        8.260710E-01   0.000000E+00         1.0869      Ge074
        32             76              0        1.820280E+00   0.000000E+00         0.9786      Ge076
        33             75              0        6.253420E+01   0.000000E+00         1.1934      As075
        34             74              0        5.679490E+02   0.000000E+00         0.9578      Se074
        34             76              0        5.915980E+01   0.000000E+00         1.4429      Se076
        34             78              0        4.606230E+00   0.000000E+00         0.9800      Se078
        34             80              0        1.159910E+00   0.000000E+00         1.1047      Se080
        35             79              0        1.326340E+02   0.000000E+00         1.1034      Br079
        35             81              0        4.670030E+01   0.000000E+00         1.0152      Br081
        36             78              0        2.372890E+01   0.000000E+00         0.9092      Kr078
        36             80              0        3.679170E+01   0.000000E+00         0.6410      Kr080
        36             82              0        1.414070E+02   0.000000E+00         0.9065      Kr082
        36             83              0        1.655170E+02   0.000000E+00         0.8804      Kr083
        36             84              0        2.091660E+00   0.000000E+00         0.8608      Kr084
        36             86              0        1.633010E-02   0.000000E+00         0.8165      Kr086
        37             85              0        7.358440E+00   0.000000E+00         0.9904      Rb085
        37             87              0        1.852530E+00   0.000000E+00         0.7817      Rb087
        38             84              0        2.173060E+01   0.000000E+00         2.3044      Sr084
        38             86              0        5.031610E+00   0.000000E+00         1.0332      Sr086
        38             87              0        1.076040E+02   0.000000E+00         0.8893      Sr087
        38             88              0        3.003700E-02   0.000000E+00         0.8118      Sr088
        39             89              0        9.475490E-01   0.000000E+00         1.0891      Y089
        40             90              0        1.601510E-01   0.000000E+00         0.9825      Zr090
        40             91              0        5.740280E+00   0.000000E+00         0.9410      Zr091
        40             92              0        4.977610E-01   0.000000E+00         0.7214      Zr092
        40             93              0        1.755670E+01   0.000000E+00         0.9863      Zr093
        40             94              0        2.657910E-01   0.000000E+00         0.9844      Zr094
        40             96              0        5.268370E+00   0.000000E+00         1.0151      Zr096
        41             93              0        8.967030E+00   0.000000E+00         1.0612      Nb093
        42             92              0        9.203190E-01   0.000000E+00         0.9391      Mo092
        42             94              0        1.346750E+00   0.000000E+00         0.9224      Mo094
        42             95              0        1.180730E+02   0.000000E+00         1.1245      Mo095
        42             96              0        1.823040E+01   0.000000E+00         1.0417      Mo096
        42             97              0        1.746880E+01   0.000000E+00         0.9982      Mo097
        42             98              0        6.305700E+00   0.000000E+00         0.9099      Mo098
        42            100              0        3.332850E+00   0.000000E+00         0.9207      Mo100
        43             99              0        3.130970E+02   0.000000E+00         0.8746      Tc099
        44             96              0        1.641400E+00   0.000000E+00         0.2695      Ru096
        44            100              0        1.488320E+01   0.000000E+00         1.3289      Ru100
        44            101              0        1.126470E+02   0.000000E+00         1.0148      Ru101
        44            102              0        5.268060E+00   0.000000E+00         1.2603      Ru102
        44            104              0        6.880270E+00   0.000000E+00         1.0667      Ru104
        45            103              0        9.671900E+02   0.000000E+00         0.8403      Rh103
        46            102              0        2.151520E+01   0.000000E+00         0.9354      Pd102
        46            104              0        2.114780E+01   0.000000E+00         1.0023      Pd104
        46            105              0        9.832060E+01   0.000000E+00         1.0242      Pd105
        46            106              0        8.330260E+00   0.000000E+00         1.1107      Pd106
        46            107              0        1.155090E+02   0.000000E+00         1.0313      Pd107
        46            108              0        1.733700E+02   0.000000E+00         0.7307      Pd108
        46            110              0        2.762950E+00   0.000000E+00         0.9210      Pd110
        47            107              0        9.884130E+01   0.000000E+00         1.0509      Ag107
        47            109              0        1.519800E+03   0.000000E+00         1.1316      Ag109
        48            106              0        7.803440E+00   0.000000E+00         1.3522      Cd106
        48            108              0        1.959330E+01   0.000000E+00         1.1976      Cd108
        48            110              0        3.323630E+01   0.000000E+00         1.0060      Cd110
        48            111              0        4.950080E+01   0.000000E+00         0.9927      Cd111
        48            112              0        1.325810E+01   0.000000E+00         1.0230      Cd112
        48            113              0        3.840320E+02   0.000000E+00         0.9602      Cd113
        48            114              0        1.235210E+01   0.000000E+00         1.0005      Cd114
        48            116              0        1.798650E+00   0.000000E+00         1.0139      Cd116
        49            113              0        3.288460E+02   0.000000E+00         0.9875      In113
        49            115              0        3.204150E+03   0.000000E+00         0.9710      In115
        50            112              0        2.999130E+01   0.000000E+00         1.1451      Sn112
        50            114              0        7.352560E+00   0.000000E+00         0.9426      Sn114
        50            115              0        2.468680E+01   0.000000E+00         1.1756      Sn115
        50            116              0        1.232190E+01   0.000000E+00         1.0018      Sn116
        50            117              0        1.803020E+01   0.000000E+00         1.0244      Sn117
        50            118              0        3.867950E+00   0.000000E+00         0.9670      Sn118
        50            119              0        7.238860E+00   0.000000E+00         1.2927      Sn119
        50            120              0        1.108210E+00   0.000000E+00         0.9721      Sn120
        50            122              0        5.851140E-01   0.000000E+00         0.6966      Sn122
        50            124              0        8.219310E+00   0.000000E+00         1.0274      Sn124
        51            121              0        2.063110E+02   0.000000E+00         0.9901      Sb121
        51            123              0        1.283580E+02   0.000000E+00         1.0946      Sb123
        52            120              0        2.742400E+01   0.000000E+00        27.4240      Te120
        52            122              0        8.976180E+01   0.000000E+00         1.1362      Te122
        52            123              0        5.252690E+03   0.000000E+00         0.9310      Te123
        52            124              0        5.499900E+00   0.000000E+00         1.0377      Te124
        52            125              0        2.318790E+01   0.000000E+00         1.0398      Te125
        52            126              0        7.676170E+00   0.000000E+00         0.9595      Te126
        52            128              0        1.310350E+00   0.000000E+00         0.9706      Te128
        52            130              0        4.868020E-01   0.000000E+00         1.1591      Te130
        53            127              0        1.666320E+02   0.000000E+00         1.2447      I127
        53            129              0        2.958640E+01   0.000000E+00         0.8753      I129
        54            124              0        3.111850E+03   0.000000E+00         0.8644      Xe124
        54            126              0        2.926140E+01   0.000000E+00         0.4797      Xe126
        54            128              0        1.082190E+01   0.000000E+00         0.8521      Xe128
        54            129              0        2.661130E+02   0.000000E+00         1.0235      Xe129
        54            130              0        4.464780E+00   0.000000E+00         0.9112      Xe130
        54            132              0        5.439150E+00   0.000000E+00         1.0878      Xe132
        54            134              0        8.582640E-01   0.000000E+00         2.2586      Xe134
        54            136              0        7.518290E-01   0.000000E+00         1.0160      Xe136
        55            133              0        4.056830E+02   0.000000E+00         1.1145      Cs133
        55            135              0        4.181870E+01   0.000000E+00         1.0976      Cs135
        56            130              0        1.778140E+02   0.000000E+00         1.0528      Ba130
        56            132              0        6.443150E+01   0.000000E+00         1.1932      Ba132
        56            134              0        2.186220E+01   0.000000E+00         0.9937      Ba134
        56            135              0        9.981120E+01   0.000000E+00         0.9690      Ba135
        56            136              0        1.797270E+00   0.000000E+00         0.9611      Ba136
        56            137              0        4.475350E+00   0.000000E+00         1.2787      Ba137
        56            138              0        2.884310E-01   0.000000E+00         0.8012      Ba138
        57            139              0        1.129480E+01   0.000000E+00         0.9805      La139
        58            136              0        7.822100E+01   0.000000E+00         1.1336      Ce136
        58            138              0        1.264300E+01   0.000000E+00         1.1927      Ce138
        58            140              0        2.940720E-01   0.000000E+00         0.6127      Ce140
        58            142              0        9.388160E-01   0.000000E+00         0.8024      Ce142
        59            141              0        1.699980E+01   0.000000E+00         1.0692      Pr141
        60            142              0        6.196950E+00   0.000000E+00         0.9995      Nd142
        60            143              0        1.307890E+02   0.000000E+00         0.9984      Nd143
        60            144              0        5.459090E+00   0.000000E+00         1.2131      Nd144
        60            145              0        2.268680E+02   0.000000E+00         1.0128      Nd145
        60            146              0        3.218340E+00   0.000000E+00         1.2378      Nd146
        60            148              0        1.510010E+01   0.000000E+00         1.2051      Nd148
        60            150              0        1.450500E+01   0.000000E+00         0.9543      Nd150
        61            147              0        2.121870E+03   0.000000E+00         0.9623      Pm147
        62            144              0        2.226620E+00   0.000000E+00         0.9356      Sm144
        62            147              0        7.808170E+02   0.000000E+00         1.0036      Sm147
        62            148              0        4.102020E+01   0.000000E+00         1.5193      Sm148
        62            149              0        3.439200E+03   0.000000E+00         1.0018      Sm149
        62            150              0        3.400200E+02   0.000000E+00         1.0211      Sm150
        62            151              0        3.328520E+03   0.000000E+00         0.9679      Sm151
        62            152              0        2.978120E+03   0.000000E+00         1.0004      Sm152
        62            154              0        3.669550E+01   0.000000E+00         1.1063      Sm154
        63            151              0        3.765510E+03   0.000000E+00         1.1174      Eu151
        63            153              0        1.552890E+03   0.000000E+00         0.8848      Eu153
        63            154              0        1.815900E+03   0.000000E+00         1.3968      Eu154
        63            155              0        1.627900E+04   0.000000E+00         1.0489      Eu155
        64            152              0        5.491230E+02   0.000000E+00         0.9403      Gd152
        64            154              0        2.292090E+02   0.000000E+00         2.1421      Gd154
        64            155              0        1.532970E+03   0.000000E+00         0.9961      Gd155
        64            156              0        1.044680E+02   0.000000E+00         0.9673      Gd156
        64            157              0        7.788120E+02   0.000000E+00         1.0261      Gd157
        64            158              0        6.888690E+01   0.000000E+00         1.0549      Gd158
        64            160              0        7.947090E+00   0.000000E+00         1.3312      Gd160
        65            159              0        4.137720E+02   0.000000E+00         0.9641      Tb159
        66            156              0        1.003180E+03   0.000000E+00         1.0450      Dy156
        66            160              0        1.107980E+03   0.000000E+00         0.9875      Dy160
        66            161              0        1.085580E+03   0.000000E+00         1.0061      Dy161
        66            162              0        2.740810E+03   0.000000E+00         1.1663      Dy162
        66            163              0        1.493680E+03   0.000000E+00         0.7621      Dy163
        66            164              0        3.425080E+02   0.000000E+00         0.7121      Dy164
        67            165              0        6.890700E+02   0.000000E+00         1.0716      Ho165
        68            162              0        3.966360E+02   0.000000E+00         0.8263      Er162
        68            164              0        1.151840E+02   0.000000E+00         1.0970      Er164
        68            166              0        1.115770E+02   0.000000E+00         1.0143      Er166
        68            167              0        2.996350E+03   0.000000E+00         1.0038      Er167
        68            168              0        3.861640E+01   0.000000E+00         1.0056      Er168
        68            170              0        4.444780E+01   0.000000E+00         1.1224      Er170
        69            169              0        1.628170E+03   0.000000E+00         1.1175      Tm169
        69            171              0        4.033890E+02   0.000000E+00         3.4186      Tm171
        70            168              0        1.747950E+04   0.000000E+00         1.2250      Yb168
        70            170              0        3.167680E+02   0.000000E+00         1.0218      Yb170
        70            171              0        3.287260E+02   0.000000E+00         1.0337      Yb171
        70            172              0        2.728690E+01   0.000000E+00         1.0915      Yb172
        70            173              0        3.859490E+02   0.000000E+00         1.0157      Yb173
        70            174              0        2.593090E+01   0.000000E+00         0.9067      Yb174
        70            176              0        6.368480E+00   0.000000E+00         0.8724      Yb176
        71            175              0        6.743080E+02   0.000000E+00         1.0876      Lu175
        71            176              0        9.315610E+02   0.000000E+00         0.2518      Lu176
        72            174              0        3.365920E+02   0.000000E+00         0.7490      Hf174
        72            176              0        7.113300E+02   0.000000E+00         1.0250      Hf176
        72            177              0        7.195050E+03   0.000000E+00         0.9975      Hf177
        72            178              0        1.886130E+03   0.000000E+00         1.0081      Hf178
        72            179              0        5.233280E+02   0.000000E+00         0.9987      Hf179
        72            180              0        3.162660E+01   0.000000E+00         0.9526      Hf180
        72            182              0        1.186540E+03   0.000000E+00         0.2028      Hf182
        73            180              1        1.546310E+03   0.000000E+00         1.1488      Ta180m
        73            181              0        6.645010E+02   0.000000E+00         0.9801      Ta181
        74            180              0        2.150400E+02   0.000000E+00         0.8591      W180
        74            182              0        6.018960E+02   0.000000E+00         0.9569      W182
        74            183              0        3.656130E+02   0.000000E+00         1.0785      W183
        74            184              0        1.612650E+01   0.000000E+00         1.0970      W184
        74            185              0        1.996650E+02   0.000000E+00         1.7212      W185
        74            186              0        4.585500E+02   0.000000E+00         0.9654      W186
        75            185              0        1.737940E+03   0.000000E+00         0.9994      Re185
        75            187              0        3.028610E+02   0.000000E+00         1.0062      Re187
        76            184              0        7.519930E+02   0.000000E+00         0.4659      Os184
        76            186              0        1.992630E+02   0.000000E+00         0.7845      Os186
        76            187              0        3.045150E+02   0.000000E+00         0.6006      Os187
        76            188              0        1.073380E+02   0.000000E+00         0.7062      Os188
        76            189              0        7.781740E+02   0.000000E+00         1.1791      Os189
        76            190              0        3.534460E+01   0.000000E+00         4.5902      Os190
        76            192              0        6.192630E+00   0.000000E+00         0.8301      Os192
        77            191              0        3.322290E+03   0.000000E+00         0.9359      Ir191
        77            193              0        1.368750E+03   0.000000E+00         0.8740      Ir193
        78            190              0        1.313710E+02   0.000000E+00         1.8246      Pt190
        78            192              0        1.353900E+02   0.000000E+00         1.1474      Pt192
        78            196              0        5.694160E+00   0.000000E+00         1.0241      Pt196
        78            198              0        4.905650E+01   0.000000E+00         0.8561      Pt198
        79            197              0        1.544940E+03   0.000000E+00         0.9969      Au197
        80            196              0        4.254490E+02   0.000000E+00         1.0130      Hg196
        80            198              0        7.561010E+01   0.000000E+00         1.0149      Hg198
        80            199              0        4.393380E+02   0.000000E+00         1.0008      Hg199
        80            200              0        2.796180E+00   0.000000E+00         1.0755      Hg200
        80            201              0        3.566220E+01   0.000000E+00         1.0807      Hg201
        80            202              0        3.028600E+00   0.000000E+00         0.7928      Hg202
        80            204              0        4.113570E-01   0.000000E+00         0.4728      Hg204
        81            203              0        3.999520E+01   0.000000E+00         1.0049      Tl203
        81            205              0        7.381020E-01   0.000000E+00         1.0042      Tl205
        82            204              0        2.361500E+00   0.000000E+00         1.2834      Pb204
        82            206              0        1.116040E-01   0.000000E+00         0.9790      Pb206
        82            207              0        3.659660E-01   0.000000E+00         0.9384      Pb207
        82            208              0        2.148340E-03   0.000000E+00         0.3465      Pb208
        83            209              0        1.720960E-01   0.000000E+00         0.8195      Bi209
        90            232              0        8.198880E+01   0.000000E+00         0.9714      Th232
        92            235              0        1.429800E+02   0.000000E+00         0.9793      U235
        92            238              0        2.749660E+02   0.000000E+00         0.9963      U238
