# header: 
#   title: D0 resonance data for cendl3.2
#   source: Resonancetables
#   date: 2025-10-02
# reaction: 
#   type: D0
# quantity: 
#   type: resonance data
# datablock: 
#   columns: 7
#   entries: 190
##       Z              A            Liso           Value         dValue          Ratio         Nuclide
##      []             []             []            [eV]           [eV]            []             [%]
        11             23              0        3.500000E+05   0.000000E+00         3.5000      Na023
        13             27              0        6.500000E+04   0.000000E+00         1.1818      Al027
        14             28              0        2.500000E+05   0.000000E+00         0.7530      Si028
        14             29              0        4.333330E+05   0.000000E+00         2.2452      Si029
        14             30              0        1.500000E+06   0.000000E+00         6.6667      Si030
        16             32              0        3.914620E+04   0.000000E+00         0.2060      S032
        16             33              0        4.333330E+04   0.000000E+00         2.0635      S033
        16             34              0        2.400000E+05   0.000000E+00         2.1818      S034
        20             40              0        4.545450E+04   0.000000E+00         1.0101      Ca040
        22             46              0        3.025000E+04   0.000000E+00         1.2100      Ti046
        22             47              0        3.225810E+03   0.000000E+00         1.8433      Ti047
        22             48              0        2.857140E+04   0.000000E+00         1.3736      Ti048
        22             49              0        7.500000E+03   0.000000E+00         1.8750      Ti049
        22             50              0        3.000000E+05   0.000000E+00        12.0482      Ti050
        24             50              0        1.875000E+04   0.000000E+00         1.5000      Cr050
        24             52              0        6.000000E+04   0.000000E+00         1.8750      Cr052
        24             53              0        9.230770E+03   0.000000E+00         1.3777      Cr053
        24             54              0        4.285710E+04   0.000000E+00         0.8571      Cr054
        25             55              0        2.272730E+03   0.000000E+00         0.9881      Mn055
        26             54              0        2.272730E+04   0.000000E+00         1.1086      Fe054
        26             56              0        2.656250E+04   0.000000E+00         1.0458      Fe056
        26             57              0        1.000000E+04   0.000000E+00         1.4184      Fe057
        26             58              0        2.692310E+04   0.000000E+00         1.2464      Fe058
        27             59              0        9.638550E+02   0.000000E+00         0.6647      Co059
        28             58              0        1.331150E+04   0.000000E+00         0.9934      Ni058
        28             60              0        1.551720E+04   0.000000E+00         1.1244      Ni060
        28             61              0        2.333330E+03   0.000000E+00         1.1111      Ni061
        28             62              0        2.142860E+04   0.000000E+00         1.3393      Ni062
        28             64              0        2.222220E+04   0.000000E+00         0.9416      Ni064
        29             63              0        5.437160E+02   0.000000E+00         0.7767      Cu063
        29             65              0        7.773440E+02   0.000000E+00         0.5980      Cu065
        30             64              0        3.714290E+03   0.000000E+00         1.6149      Zn064
        30             66              0        4.516130E+03   0.000000E+00         0.9775      Zn066
        30             67              0        4.117650E+02   0.000000E+00         1.1129      Zn067
        30             68              0        6.111110E+03   0.000000E+00         1.0991      Zn068
        30             70              0        7.000000E+03   0.000000E+00         1.0736      Zn070
        31             69              0        3.470590E+02   0.000000E+00         1.0983      Ga069
        31             71              0        2.666670E+02   0.000000E+00         0.7018      Ga071
        32             70              0        1.968180E+03   0.000000E+00         1.6822      Ge070
        32             72              0        3.400000E+03   0.000000E+00         2.2667      Ge072
        32             73              0        1.865960E+02   0.000000E+00         3.0096      Ge073
        32             74              0        7.466670E+03   0.000000E+00         2.4889      Ge074
        32             76              0        6.587500E+03   0.000000E+00         1.4639      Ge076
        33             75              0        4.948980E+01   0.000000E+00         0.5499      As075
        34             74              0        5.200000E+02   0.000000E+00         1.5294      Se074
        34             76              0        8.181820E+02   0.000000E+00         1.2587      Se076
        34             77              0        1.285710E+02   0.000000E+00         1.0714      Se077
        34             78              0        1.714290E+03   0.000000E+00         1.1429      Se078
        34             80              0        2.500000E+03   0.000000E+00         1.0417      Se080
        34             82              0        1.000000E+04   0.000000E+00         2.0000      Se082
        36             83              0        2.720000E+02   0.000000E+00         1.3600      Kr083
        36             84              0        5.263160E+03   0.000000E+00         1.3158      Kr084
        36             86              0        3.760000E+04   0.000000E+00         1.2966      Kr086
        37             85              0        1.597740E+02   0.000000E+00         0.9289      Rb085
        37             87              0        1.557500E+03   0.000000E+00         0.9555      Rb087
        38             88              0        3.000000E+04   0.000000E+00         1.2658      Sr088
        39             89              0        4.545450E+03   0.000000E+00         1.2285      Y089
        40             90              0        9.000000E+03   0.000000E+00         1.5000      Zr090
        40             91              0        1.040000E+03   0.000000E+00         1.8909      Zr091
        40             92              0        5.916670E+03   0.000000E+00         1.6905      Zr092
        40             93              0        8.500000E+02   0.000000E+00         2.8146      Zr093
        40             94              0        5.350000E+03   0.000000E+00         1.3375      Zr094
        40             96              0        1.428570E+04   0.000000E+00         1.0989      Zr096
        41             93              0        5.263160E+01   0.000000E+00         0.5599      Nb093
        42             92              0        2.777780E+03   0.000000E+00         1.0288      Mo092
        42             94              0        2.222220E+03   0.000000E+00         1.6835      Mo094
        42             95              0        1.124380E+02   0.000000E+00         1.3881      Mo095
        42             96              0        1.357140E+03   0.000000E+00         1.2925      Mo096
        42             97              0        8.000000E+01   0.000000E+00         1.3333      Mo097
        42             98              0        2.000000E+03   0.000000E+00         2.0000      Mo098
        42            100              0        8.387100E+02   0.000000E+00         1.3528      Mo100
        43             99              0        3.035250E+01   0.000000E+00         2.1680      Tc099
        44             99              0        2.564100E+01   0.000000E+00         1.0256      Ru099
        44            100              0        6.605560E+02   0.000000E+00         1.9147      Ru100
        44            101              0        2.631580E+01   0.000000E+00         1.4620      Ru101
        44            102              0        5.826090E+02   0.000000E+00         2.0807      Ru102
        44            103              0        5.000000E+01   0.000000E+00         5.5556      Ru103
        44            104              0        2.316670E+02   0.000000E+00         0.7240      Ru104
        45            103              0        2.632350E+01   0.000000E+00         0.8226      Rh103
        46            105              0        1.045150E+01   0.000000E+00         1.0147      Pd105
        46            108              0        2.619050E+02   0.000000E+00         1.4390      Pd108
        47            107              0        2.442330E+01   0.000000E+00         0.8723      Ag107
        47            109              0        2.468130E+01   0.000000E+00         1.3712      Ag109
        48            113              0        3.780070E+01   0.000000E+00         1.5242      Cd113
        49            113              0        2.305560E+01   0.000000E+00         2.1547      In113
        49            115              0        9.803920E+00   0.000000E+00         1.0320      In115
        50            112              0        1.875000E+02   0.000000E+00         1.1867      Sn112
        50            114              0        6.250000E+02   0.000000E+00         2.1853      Sn114
        50            115              0        3.166670E+02   0.000000E+00         6.8841      Sn115
        50            116              0        6.666670E+02   0.000000E+00         1.4815      Sn116
        50            117              0        5.465120E+01   0.000000E+00         0.8959      Sn117
        50            118              0        8.000000E+02   0.000000E+00         1.1429      Sn118
        50            119              0        1.300000E+02   0.000000E+00         1.4444      Sn119
        50            120              0        2.916670E+03   0.000000E+00         2.3333      Sn120
        50            122              0        9.666670E+03   0.000000E+00         3.2658      Sn122
        51            121              0        1.739130E+01   0.000000E+00         1.3378      Sb121
        51            123              0        2.777780E+01   0.000000E+00         1.1574      Sb123
        52            130              0        3.100000E+04   0.000000E+00        20.6667      Te130
        53            127              0        1.123600E+01   0.000000E+00         0.7491      I127
        53            129              0        2.734680E+01   0.000000E+00         1.3673      I129
        54            124              0        8.666670E+01   0.000000E+00         2.0155      Xe124
        54            129              0        5.694440E+01   0.000000E+00         1.4985      Xe129
        54            131              0        8.966360E+01   0.000000E+00         1.8299      Xe131
        54            132              0        8.800000E+02   0.000000E+00         1.1733      Xe132
        54            134              0        1.000000E+04   0.000000E+00        12.5000      Xe134
        55            133              0        2.713810E+01   0.000000E+00         1.2923      Cs133
        55            134              0        2.983330E+01   0.000000E+00         1.8646      Cs134
        56            130              0        7.179490E+01   0.000000E+00         1.2378      Ba130
        56            134              0        5.565790E+02   0.000000E+00         1.5002      Ba134
        56            135              0        2.950490E+01   0.000000E+00         0.7376      Ba135
        56            136              0        2.299330E+03   0.000000E+00         1.9003      Ba136
        56            137              0        2.701140E+02   0.000000E+00         0.7718      Ba137
        56            138              0        7.692310E+03   0.000000E+00         0.4114      Ba138
        57            139              0        2.352940E+02   0.000000E+00         1.0695      La139
        58            136              0        1.100000E+02   0.000000E+00         1.8333      Ce136
        58            140              0        5.128210E+03   0.000000E+00         1.6543      Ce140
        58            141              0        2.000000E+01   0.000000E+00         0.3077      Ce141
        58            142              0        9.375000E+02   0.000000E+00         0.8523      Ce142
        59            141              0        6.609470E+01   0.000000E+00         0.6009      Pr141
        60            142              0        1.181820E+03   0.000000E+00         1.1474      Nd142
        60            143              0        4.517090E+01   0.000000E+00         1.1887      Nd143
        60            144              0        5.714290E+02   0.000000E+00         1.2698      Nd144
        60            145              0        2.787260E+01   0.000000E+00         1.6396      Nd145
        60            146              0        3.703700E+02   0.000000E+00         1.0893      Nd146
        60            147              0        5.866660E+00   0.000000E+00         1.4667      Nd147
        60            148              0        1.600000E+02   0.000000E+00         1.0323      Nd148
        60            150              0        1.801320E+02   0.000000E+00         1.0917      Nd150
        61            147              0        4.857140E+00   0.000000E+00         0.9341      Pm147
        62            144              0        8.333330E+02   0.000000E+00         1.0823      Sm144
        62            147              0        7.741940E+00   0.000000E+00         1.3582      Sm147
        62            148              0        1.122450E+02   0.000000E+00         1.7268      Sm148
        62            149              0        3.312100E+00   0.000000E+00         1.3800      Sm149
        62            150              0        7.690000E+01   0.000000E+00         1.6717      Sm150
        62            151              0        2.300000E+00   0.000000E+00         1.6429      Sm151
        62            152              0        5.714770E+01   0.000000E+00         1.2423      Sm152
        62            154              0        1.200000E+02   0.000000E+00         1.0526      Sm154
        63            151              0        1.111110E+00   0.000000E+00         1.5221      Eu151
        63            153              0        1.408700E+00   0.000000E+00         1.2806      Eu153
        63            154              0        1.447370E+00   0.000000E+00         1.5732      Eu154
        63            155              0        5.940000E+00   0.000000E+00         1.3814      Eu155
        64            152              0        2.333330E+01   0.000000E+00         1.6667      Gd152
        64            154              0        1.864860E+01   0.000000E+00         1.2861      Gd154
        64            155              0        1.893750E+00   0.000000E+00         1.1140      Gd155
        64            156              0        2.515910E+01   0.000000E+00         0.8386      Gd156
        64            157              0        5.236210E+00   0.000000E+00         1.0686      Gd157
        64            158              0        9.536230E+01   0.000000E+00         1.1630      Gd158
        64            160              0        2.112000E+02   0.000000E+00         1.1733      Gd160
        66            164              0        2.191780E+02   0.000000E+00         1.4612      Dy164
        67            165              0        5.060730E+00   0.000000E+00         1.2049      Ho165
        72            174              0        2.555560E+01   0.000000E+00         1.4198      Hf174
        72            176              0        5.142860E+01   0.000000E+00         1.7143      Hf176
        72            177              0        3.910610E+00   0.000000E+00         1.6294      Hf177
        72            178              0        9.130430E+01   0.000000E+00         1.6018      Hf178
        72            179              0        7.894740E+00   0.000000E+00         1.7162      Hf179
        72            180              0        1.176470E+02   0.000000E+00         1.2516      Hf180
        73            181              0        5.000000E+00   0.000000E+00         1.1905      Ta181
        74            180              0        2.750000E+01   0.000000E+00         1.3750      W180
        74            182              0        6.849310E+01   0.000000E+00         1.1416      W182
        74            183              0        1.327590E+01   0.000000E+00         1.1063      W183
        74            184              0        1.315790E+02   0.000000E+00         1.7544      W184
        74            186              0        1.166670E+02   0.000000E+00         1.1785      W186
        79            197              0        1.915710E+01   0.000000E+00         1.2359      Au197
        82            204              0        2.380950E+03   0.000000E+00         1.1338      Pb204
        82            206              0        2.571430E+04   0.000000E+00         0.8571      Pb206
        82            207              0        5.277780E+04   0.000000E+00         1.7593      Pb207
        82            208              0        5.000000E+05   0.000000E+00         5.5556      Pb208
        83            209              0        4.000000E+03   0.000000E+00         0.8989      Bi209
        90            232              0        1.659750E+01   0.000000E+00         1.0059      Th232
        92            232              0        5.388890E+00   0.000000E+00         1.1715      U232
        92            233              0        8.141110E-01   0.000000E+00         1.5656      U233
        92            234              0        1.282050E+01   0.000000E+00         1.1447      U234
        92            235              0        7.111250E-01   0.000000E+00         1.5803      U235
        92            236              0        1.875000E+01   0.000000E+00         1.3393      U236
        92            237              0        4.878050E+00   0.000000E+00         1.3937      U237
        92            238              0        2.232140E+01   0.000000E+00         1.0996      U238
        93            236              0        9.263890E-01   0.000000E+00         1.5440      Np236
        93            237              0        7.598780E-01   0.000000E+00         1.3331      Np237
        93            238              0        9.728150E-01   0.000000E+00         2.3727      Np238
        94            236              0        9.999990E+00   0.000000E+00         2.0000      Pu236
        94            238              0        1.538460E+01   0.000000E+00         1.8536      Pu238
        94            239              0        2.597400E+00   0.000000E+00         1.1806      Pu239
        94            240              0        2.142860E+01   0.000000E+00         1.6484      Pu240
        94            241              0        1.276600E+00   0.000000E+00         1.3727      Pu241
        94            242              0        1.493940E+01   0.000000E+00         1.1066      Pu242
        94            244              0        1.311580E+01   0.000000E+00         0.6903      Pu244
        95            241              0        7.936510E-01   0.000000E+00         1.3684      Am241
        95            242              0        4.134610E-01   0.000000E+00         1.5313      Am242
        95            243              0        1.054850E+00   0.000000E+00         1.4450      Am243
        97            249              0        1.875000E+00   0.000000E+00         1.7045      Bk249
        98            249              0        1.346150E+00   0.000000E+00         1.7712      Cf249
