# header: 
#   title: D0 resonance data for endfb8.1
#   source: Resonancetables
#   date: 2025-08-25
# reaction: 
#   type: D0
# quantity: 
#   type: resonance data
# datablock: 
#   columns: 7
#   entries: 294
##       Z              A            Liso           Value         dValue          Ratio         Nuclide
##      []             []             []            [eV]           [eV]            []             [%]
        11             23              0        2.497000E+05   0.000000E+00         2.4970      Na023
        13             27              0        6.500000E+04   0.000000E+00         1.1818      Al027
        16             32              0        3.914620E+04   0.000000E+00         0.2060      S032
        16             33              0        4.333330E+04   0.000000E+00         2.0635      S033
        16             34              0        2.400000E+05   0.000000E+00         2.1818      S034
        17             37              0        4.000000E+04   0.000000E+00         2.6667      Cl037
        18             40              0        6.240580E+04   0.000000E+00         1.2001      Ar040
        19             39              0        1.176470E+04   0.000000E+00         0.9050      K039
        19             41              0        2.380950E+04   0.000000E+00         2.3809      K041
        20             42              0        1.250000E+04   0.000000E+00         0.6250      Ca042
        20             43              0        2.000000E+03   0.000000E+00         1.1111      Ca043
        20             44              0        2.941180E+04   0.000000E+00         1.2204      Ca044
        21             45              0        1.384860E+03   0.000000E+00         1.0653      Sc045
        22             46              0        3.027330E+04   0.000000E+00         1.2109      Ti046
        22             47              0        2.582760E+03   0.000000E+00         1.4759      Ti047
        22             48              0        2.857140E+04   0.000000E+00         1.3736      Ti048
        22             49              0        7.534380E+03   0.000000E+00         1.8836      Ti049
        22             50              0        2.935000E+05   0.000000E+00        11.7871      Ti050
        23             49              0        7.899340E+02   0.000000E+00         0.4488      V049
        23             50              0        2.833330E+03   0.000000E+00         1.4167      V050
        24             50              0        1.283610E+04   0.000000E+00         1.0269      Cr050
        24             52              0        3.177780E+04   0.000000E+00         0.9931      Cr052
        24             53              0        6.266670E+03   0.000000E+00         0.9353      Cr053
        24             54              0        5.560000E+04   0.000000E+00         1.1120      Cr054
        25             55              0        2.840910E+03   0.000000E+00         1.2352      Mn055
        26             56              0        2.656250E+04   0.000000E+00         1.0458      Fe056
        26             58              0        2.916670E+04   0.000000E+00         1.3503      Fe058
        27             59              0        1.265820E+03   0.000000E+00         0.8730      Co059
        28             58              0        1.331150E+04   0.000000E+00         0.9934      Ni058
        28             59              0        2.000000E+03   0.000000E+00         1.0000      Ni059
        28             60              0        1.355930E+04   0.000000E+00         0.9826      Ni060
        28             61              0        2.192310E+03   0.000000E+00         1.0440      Ni061
        28             62              0        2.068970E+04   0.000000E+00         1.2931      Ni062
        28             63              0        4.019670E+03   0.000000E+00         0.9136      Ni063
        28             64              0        2.513640E+04   0.000000E+00         1.0651      Ni064
        30             64              0        3.714290E+03   0.000000E+00         1.6149      Zn064
        30             66              0        4.516130E+03   0.000000E+00         0.9775      Zn066
        30             67              0        4.117650E+02   0.000000E+00         1.1129      Zn067
        30             68              0        6.111110E+03   0.000000E+00         1.0991      Zn068
        30             70              0        7.000000E+03   0.000000E+00         1.0736      Zn070
        31             69              0        4.090910E+02   0.000000E+00         1.2946      Ga069
        31             71              0        2.666670E+02   0.000000E+00         0.7018      Ga071
        32             70              0        1.555560E+03   0.000000E+00         1.3295      Ge070
        32             72              0        1.714290E+03   0.000000E+00         1.1429      Ge072
        32             73              0        1.961360E+02   0.000000E+00         3.1635      Ge073
        32             74              0        2.000000E+03   0.000000E+00         0.6667      Ge074
        32             76              0        4.285710E+03   0.000000E+00         0.9524      Ge076
        33             75              0        4.948980E+01   0.000000E+00         0.5499      As075
        34             74              0        5.200000E+02   0.000000E+00         1.5294      Se074
        34             76              0        8.181820E+02   0.000000E+00         1.2587      Se076
        34             77              0        1.285710E+02   0.000000E+00         1.0714      Se077
        34             78              0        1.714290E+03   0.000000E+00         1.1429      Se078
        34             80              0        2.500000E+03   0.000000E+00         1.0417      Se080
        34             82              0        1.000000E+04   0.000000E+00         2.0000      Se082
        35             79              0        2.791880E+01   0.000000E+00         0.5940      Br079
        35             81              0        2.162160E+02   0.000000E+00         2.1622      Br081
        36             78              0        4.000000E+02   0.000000E+00         1.6000      Kr078
        36             80              0        5.000000E+02   0.000000E+00         1.7857      Kr080
        36             83              0        2.720000E+02   0.000000E+00         1.3600      Kr083
        36             84              0        4.000000E+03   0.000000E+00         1.0000      Kr084
        36             86              0        3.064520E+04   0.000000E+00         1.0567      Kr086
        37             85              0        2.171280E+02   0.000000E+00         1.2624      Rb085
        37             87              0        1.557500E+03   0.000000E+00         0.9555      Rb087
        38             84              0        4.857140E+02   0.000000E+00         1.5179      Sr084
        38             86              0        3.000000E+03   0.000000E+00         1.1538      Sr086
        38             87              0        1.257140E+02   0.000000E+00         0.4335      Sr087
        39             89              0        5.000000E+03   0.000000E+00         1.3514      Y089
        40             90              0        8.333330E+03   0.000000E+00         1.3889      Zr090
        40             91              0        6.081400E+02   0.000000E+00         1.1057      Zr091
        40             92              0        9.307690E+03   0.000000E+00         2.6593      Zr092
        40             93              0        5.230770E+02   0.000000E+00         1.7320      Zr093
        40             94              0        5.258820E+03   0.000000E+00         1.3147      Zr094
        40             96              0        1.371430E+04   0.000000E+00         1.0549      Zr096
        41             93              0        5.263160E+01   0.000000E+00         0.5599      Nb093
        42             92              0        2.857140E+03   0.000000E+00         1.0582      Mo092
        42             94              0        2.222220E+03   0.000000E+00         1.6835      Mo094
        42             95              0        1.019620E+02   0.000000E+00         1.2588      Mo095
        42             96              0        1.357140E+03   0.000000E+00         1.2925      Mo096
        42             97              0        8.000000E+01   0.000000E+00         1.3333      Mo097
        42             98              0        2.000000E+03   0.000000E+00         2.0000      Mo098
        42            100              0        8.387100E+02   0.000000E+00         1.3528      Mo100
        43             99              0        2.328470E+01   0.000000E+00         1.6632      Tc099
        44             99              0        2.564100E+01   0.000000E+00         1.0256      Ru099
        44            100              0        1.090910E+03   0.000000E+00         3.1621      Ru100
        44            101              0        2.525370E+01   0.000000E+00         1.4030      Ru101
        44            102              0        5.826090E+02   0.000000E+00         2.0807      Ru102
        44            103              0        5.000000E+01   0.000000E+00         5.5556      Ru103
        44            104              0        2.316670E+02   0.000000E+00         0.7240      Ru104
        46            104              0        9.375000E+02   0.000000E+00         3.1250      Pd104
        46            105              0        1.466790E+01   0.000000E+00         1.4241      Pd105
        46            106              0        6.666670E+02   0.000000E+00         3.0722      Pd106
        46            107              0        1.694920E+01   0.000000E+00         1.5408      Pd107
        46            108              0        2.619050E+02   0.000000E+00         1.4390      Pd108
        46            110              0        7.555560E+02   0.000000E+00         2.7475      Pd110
        47            107              0        3.217820E+01   0.000000E+00         1.1492      Ag107
        47            109              0        3.157430E+01   0.000000E+00         1.7541      Ag109
        48            106              0        4.000000E+02   0.000000E+00         2.4242      Cd106
        48            108              0        3.333330E+02   0.000000E+00         2.7778      Cd108
        48            110              0        3.181820E+02   0.000000E+00         2.0528      Cd110
        48            111              0        2.948720E+01   0.000000E+00         1.0921      Cd111
        48            112              0        2.875000E+02   0.000000E+00         1.5132      Cd112
        48            113              0        3.246750E+01   0.000000E+00         1.3092      Cd113
        48            114              0        4.705880E+02   0.000000E+00         2.2409      Cd114
        48            116              0        9.500000E+02   0.000000E+00         1.3494      Cd116
        49            113              0        1.383330E+01   0.000000E+00         1.2928      In113
        49            115              0        1.600000E+01   0.000000E+00         1.6842      In115
        50            112              0        1.875000E+02   0.000000E+00         1.1867      Sn112
        50            114              0        5.000000E+02   0.000000E+00         1.7483      Sn114
        50            115              0        3.000000E+02   0.000000E+00         6.5217      Sn115
        50            116              0        9.090910E+02   0.000000E+00         2.0202      Sn116
        50            117              0        7.187500E+01   0.000000E+00         1.1783      Sn117
        50            118              0        1.000000E+03   0.000000E+00         1.4286      Sn118
        50            119              0        1.083330E+02   0.000000E+00         1.2037      Sn119
        50            120              0        1.666670E+03   0.000000E+00         1.3333      Sn120
        50            122              0        4.545450E+03   0.000000E+00         1.5356      Sn122
        50            124              0        9.264710E+03   0.000000E+00         1.8529      Sn124
        51            121              0        3.103450E+01   0.000000E+00         2.3873      Sb121
        51            123              0        4.153850E+01   0.000000E+00         1.7308      Sb123
        52            122              0        1.746030E+02   0.000000E+00         1.1959      Te122
        52            123              0        4.761900E+01   0.000000E+00         1.8972      Te123
        52            124              0        3.947370E+02   0.000000E+00         1.7943      Te124
        52            125              0        1.383930E+02   0.000000E+00         3.2184      Te125
        52            126              0        1.236360E+03   0.000000E+00         1.9318      Te126
        52            128              0        3.214290E+03   0.000000E+00         2.1287      Te128
        52            130              0        3.100000E+04   0.000000E+00        20.6667      Te130
        53            127              0        1.947120E+01   0.000000E+00         1.2981      I127
        53            129              0        4.146340E+01   0.000000E+00         2.0732      I129
        54            124              0        1.450000E+02   0.000000E+00         3.3721      Xe124
        54            126              0        7.781670E+02   0.000000E+00         7.2052      Xe126
        54            128              0        2.692310E+02   0.000000E+00         1.0769      Xe128
        54            129              0        6.029410E+01   0.000000E+00         1.5867      Xe129
        54            130              0        2.352940E+02   0.000000E+00         1.3523      Xe130
        54            131              0        8.966360E+01   0.000000E+00         1.8299      Xe131
        54            132              0        8.000000E+02   0.000000E+00         1.0667      Xe132
        54            134              0        1.000000E+04   0.000000E+00        12.5000      Xe134
        55            133              0        2.649010E+01   0.000000E+00         1.2614      Cs133
        55            134              0        3.857140E+01   0.000000E+00         2.4107      Cs134
        55            135              0        4.400000E+01   0.000000E+00         0.8627      Cs135
        56            130              0        7.179490E+01   0.000000E+00         1.2378      Ba130
        56            132              0        1.300000E+02   0.000000E+00         1.1818      Ba132
        56            133              0        6.120000E+01   0.000000E+00         3.0600      Ba133
        56            134              0        3.776790E+02   0.000000E+00         1.0180      Ba134
        56            135              0        5.402300E+01   0.000000E+00         1.3506      Ba135
        56            136              0        1.842110E+03   0.000000E+00         1.5224      Ba136
        56            137              0        2.763950E+02   0.000000E+00         0.7897      Ba137
        56            138              0        1.750000E+04   0.000000E+00         0.9358      Ba138
        57            138              0        4.125000E+01   0.000000E+00         1.2891      La138
        57            139              0        2.352940E+02   0.000000E+00         1.0695      La139
        58            136              0        1.100000E+02   0.000000E+00         1.8333      Ce136
        58            138              0        1.427140E+02   0.000000E+00         0.7319      Ce138
        58            139              0        3.762500E+01   0.000000E+00         0.0108      Ce139
        58            140              0        4.878050E+03   0.000000E+00         1.5736      Ce140
        58            141              0        7.000000E+01   0.000000E+00         1.0769      Ce141
        58            142              0        1.529410E+03   0.000000E+00         1.3904      Ce142
        59            141              0        1.273420E+02   0.000000E+00         1.1577      Pr141
        59            143              0        9.375000E+01   0.000000E+00         1.1867      Pr143
        60            142              0        1.185260E+03   0.000000E+00         1.1507      Nd142
        60            143              0        4.547930E+01   0.000000E+00         1.1968      Nd143
        60            144              0        5.250000E+02   0.000000E+00         1.1667      Nd144
        60            145              0        2.064940E+01   0.000000E+00         1.2147      Nd145
        60            146              0        3.800000E+02   0.000000E+00         1.1176      Nd146
        60            147              0        1.800000E+01   0.000000E+00         4.5000      Nd147
        60            148              0        2.089740E+02   0.000000E+00         1.3482      Nd148
        60            150              0        2.067160E+02   0.000000E+00         1.2528      Nd150
        61            147              0        4.857140E+00   0.000000E+00         0.9341      Pm147
        62            144              0        6.625000E+02   0.000000E+00         0.8604      Sm144
        62            147              0        9.466670E+00   0.000000E+00         1.6608      Sm147
        62            148              0        1.015560E+02   0.000000E+00         1.5624      Sm148
        62            149              0        3.310190E+00   0.000000E+00         1.3792      Sm149
        62            150              0        7.476190E+01   0.000000E+00         1.6253      Sm150
        62            151              0        2.487400E+00   0.000000E+00         1.7767      Sm151
        62            152              0        5.988370E+01   0.000000E+00         1.3018      Sm152
        62            154              0        1.529410E+02   0.000000E+00         1.3416      Sm154
        63            151              0        1.111110E+00   0.000000E+00         1.5221      Eu151
        63            152              0        7.560970E-01   0.000000E+00         1.3502      Eu152
        63            153              0        1.400000E+00   0.000000E+00         1.2727      Eu153
        63            154              0        1.447370E+00   0.000000E+00         1.5732      Eu154
        63            155              0        5.940000E+00   0.000000E+00         1.3814      Eu155
        64            152              0        2.076560E+01   0.000000E+00         1.4833      Gd152
        64            153              0        1.466670E+01   0.000000E+00         4.8889      Gd153
        64            154              0        1.703700E+01   0.000000E+00         1.1750      Gd154
        64            155              0        2.014290E+00   0.000000E+00         1.1849      Gd155
        64            156              0        3.374240E+01   0.000000E+00         1.1247      Gd156
        64            157              0        5.196610E+00   0.000000E+00         1.0605      Gd157
        64            158              0        1.313160E+02   0.000000E+00         1.6014      Gd158
        64            160              0        2.552630E+02   0.000000E+00         1.4181      Gd160
        65            158              0        1.152640E+00   0.000000E+00         0.3049      Tb158
        65            159              0        5.429860E+00   0.000000E+00         1.4214      Tb159
        65            160              0        4.500000E+00   0.000000E+00         3.4615      Tb160
        65            161              0        2.940020E+00   0.000000E+00         2.2616      Tb161
        66            156              0        5.055560E+00   0.000000E+00         1.8056      Dy156
        66            158              0        4.310000E+01   0.000000E+00         1.9591      Dy158
        66            160              0        3.125000E+01   0.000000E+00         1.1574      Dy160
        66            161              0        3.636360E+00   0.000000E+00         1.5151      Dy161
        66            162              0        7.462690E+01   0.000000E+00         1.2037      Dy162
        66            163              0        7.751940E+00   0.000000E+00         1.1400      Dy163
        66            164              0        1.750000E+02   0.000000E+00         1.1667      Dy164
        67            165              0        5.060730E+00   0.000000E+00         1.2049      Ho165
        68            162              0        1.562500E+01   0.000000E+00         2.2645      Er162
        68            164              0        4.705880E+01   0.000000E+00         2.2409      Er164
        68            166              0        4.385960E+01   0.000000E+00         1.1542      Er166
        68            167              0        6.529850E+00   0.000000E+00         1.5547      Er167
        68            168              0        1.293510E+02   0.000000E+00         1.2935      Er168
        68            170              0        1.666670E+02   0.000000E+00         1.1338      Er170
        69            169              0        1.013020E+01   0.000000E+00         1.1918      Tm169
        69            170              0        7.466670E+00   0.000000E+00         1.9145      Tm170
        69            171              0        6.256270E+00   0.000000E+00         0.4171      Tm171
        70            168              0        4.750000E+01   0.000000E+00         5.9375      Yb168
        70            169              0        2.300000E+00   0.000000E+00         1.4375      Yb169
        70            170              0        6.363640E+01   0.000000E+00         1.8182      Yb170
        70            171              0        1.017960E+01   0.000000E+00         1.4753      Yb171
        70            172              0        7.777780E+01   0.000000E+00         1.0234      Yb172
        70            173              0        1.090910E+01   0.000000E+00         1.4545      Yb173
        70            174              0        2.142860E+02   0.000000E+00         1.1161      Yb174
        70            176              0        2.941180E+02   0.000000E+00         1.2255      Yb176
        71            175              0        4.281250E+00   0.000000E+00         1.2409      Lu175
        71            176              0        2.040000E+00   0.000000E+00         1.2671      Lu176
        72            174              0        2.444440E+01   0.000000E+00         1.3580      Hf174
        72            176              0        4.375000E+01   0.000000E+00         1.4583      Hf176
        72            177              0        2.688170E+00   0.000000E+00         1.1201      Hf177
        72            178              0        7.142860E+01   0.000000E+00         1.2531      Hf178
        72            179              0        5.102040E+00   0.000000E+00         1.1091      Hf179
        72            180              0        1.923080E+02   0.000000E+00         2.0458      Hf180
        73            180              0        1.716670E+00   0.000000E+00         1.4306      Ta180
        73            181              0        4.577060E+00   0.000000E+00         1.0898      Ta181
        73            182              0        4.375000E+00   0.000000E+00         1.2500      Ta182
        74            180              0        2.500000E+01   0.000000E+00         1.2500      W180
        74            185              0        1.166670E+01   0.000000E+00         1.2545      W185
        75            185              0        4.201680E+00   0.000000E+00         1.3554      Re185
        75            187              0        5.361930E+00   0.000000E+00         1.3749      Re187
        76            186              0        2.881360E+01   0.000000E+00         0.9936      Os186
        76            187              0        5.747130E+00   0.000000E+00         1.1269      Os187
        76            188              0        5.000000E+01   0.000000E+00         1.0638      Os188
        76            189              0        3.815000E+00   0.000000E+00         1.1221      Os189
        76            190              0        8.888890E+01   0.000000E+00         1.2698      Os190
        76            192              0        2.400000E+02   0.000000E+00         2.0870      Os192
        77            191              0        3.477270E+00   0.000000E+00         1.3909      Ir191
        77            192              0        8.237570E-01   0.000000E+00         1.6475      Ir192
        77            193              0        8.157900E+00   0.000000E+00         1.4065      Ir193
        78            192              0        1.567280E+02   0.000000E+00         4.9913      Pt192
        78            194              0        2.112740E+02   0.000000E+00         2.5765      Pt194
        78            195              0        1.705570E+01   0.000000E+00         0.9475      Pt195
        78            196              0        3.409520E+02   0.000000E+00         0.9741      Pt196
        78            198              0        3.264530E+02   0.000000E+00         0.9602      Pt198
        79            197              0        1.639340E+01   0.000000E+00         1.0576      Au197
        80            198              0        1.147850E+02   0.000000E+00         1.0932      Hg198
        80            199              0        1.210000E+02   0.000000E+00         1.5125      Hg199
        80            200              0        2.860000E+03   0.000000E+00         4.7667      Hg200
        80            201              0        1.255830E+02   0.000000E+00         1.3954      Hg201
        81            203              0        6.739290E+02   0.000000E+00         1.4339      Tl203
        81            205              0        2.885000E+03   0.000000E+00         0.7212      Tl205
        82            204              0        2.380950E+03   0.000000E+00         1.1338      Pb204
        82            206              0        2.571430E+04   0.000000E+00         0.8571      Pb206
        82            207              0        3.400000E+04   0.000000E+00         1.1333      Pb207
        82            208              0        2.500000E+05   0.000000E+00         2.7778      Pb208
        83            209              0        4.000000E+03   0.000000E+00         0.8989      Bi209
        88            226              0        3.125000E+01   0.000000E+00         1.0081      Ra226
        90            228              0        1.300000E+01   0.000000E+00         2.6000      Th228
        90            229              0        7.999990E-01   0.000000E+00         1.2903      Th229
        90            230              0        1.923080E+01   0.000000E+00         2.0032      Th230
        90            232              0        1.659750E+01   0.000000E+00         1.0059      Th232
        91            231              0        8.796990E-01   0.000000E+00         1.7249      Pa231
        91            232              0        6.774190E-01   0.000000E+00         1.6129      Pa232
        91            233              0        1.184440E+00   0.000000E+00         1.5185      Pa233
        92            232              0        5.405410E+00   0.000000E+00         1.1751      U232
        92            233              0        8.218280E-01   0.000000E+00         1.5804      U233
        92            234              0        1.282050E+01   0.000000E+00         1.1447      U234
        92            235              0        7.100030E-01   0.000000E+00         1.5778      U235
        92            236              0        1.875000E+01   0.000000E+00         1.3393      U236
        92            237              0        4.878050E+00   0.000000E+00         1.3937      U237
        92            238              0        2.237140E+01   0.000000E+00         1.1020      U238
        93            236              0        1.023810E+00   0.000000E+00         1.7063      Np236
        93            237              0        7.598780E-01   0.000000E+00         1.3331      Np237
        93            238              0        4.433330E-01   0.000000E+00         1.0813      Np238
        94            236              0        9.999990E+00   0.000000E+00         2.0000      Pu236
        94            238              0        1.000000E+01   0.000000E+00         1.2048      Pu238
        94            240              0        1.344340E+01   0.000000E+00         1.0341      Pu240
        94            241              0        1.276600E+00   0.000000E+00         1.3727      Pu241
        94            242              0        1.809800E+01   0.000000E+00         1.3406      Pu242
        94            244              0        2.230770E+01   0.000000E+00         1.1741      Pu244
        95            241              0        7.936510E-01   0.000000E+00         1.3684      Am241
        95            242              0        4.134610E-01   0.000000E+00         1.5313      Am242
        95            243              0        7.936510E-01   0.000000E+00         1.0872      Am243
        96            242              0        2.500000E+01   0.000000E+00         1.7857      Cm242
        96            243              0        9.615380E-01   0.000000E+00         1.3935      Cm243
        96            244              0        1.515150E+01   0.000000E+00         1.2840      Cm244
        96            245              0        1.176470E+00   0.000000E+00         1.4892      Cm245
        96            246              0        2.500000E+01   0.000000E+00         0.8333      Cm246
        96            247              0        1.428570E+00   0.000000E+00         1.1905      Cm247
        96            248              0        4.687500E+01   0.000000E+00         1.5625      Cm248
        97            249              0        1.875000E+00   0.000000E+00         1.7045      Bk249
        98            249              0        1.590910E+00   0.000000E+00         2.0933      Cf249
        98            250              0        5.000000E+00   0.000000E+00         0.4167      Cf250
        98            252              0        2.857140E+01   0.000000E+00         1.0582      Cf252
