# header: 
#   title: D0 resonance data for jeff4.0
#   source: Resonancetables
#   date: 2025-12-18
# reaction: 
#   type: D0
# quantity: 
#   type: resonance data
# datablock: 
#   columns: 7
#   entries: 301
##       Z              A            Liso           Value         dValue          Ratio         Nuclide
##      []             []             []            [eV]           [eV]            []             [%]
        11             23              0        2.296500E+05   0.000000E+00         2.2965      Na023
        12             25              0        3.545040E+04   0.000000E+00         0.7090      Mg025
        12             26              0        2.513190E+05   0.000000E+00         1.1968      Mg026
        13             27              0        6.500010E+04   0.000000E+00         1.1818      Al027
        15             31              0        4.950110E+05   0.000000E+00         9.9002      P031
        16             32              0        4.800500E+05   0.000000E+00         2.5266      S032
        16             33              0        2.451960E+04   0.000000E+00         1.1676      S033
        16             34              0        2.400000E+05   0.000000E+00         2.1818      S034
        17             37              0        4.000000E+04   0.000000E+00         2.6667      Cl037
        18             40              0        6.428580E+04   0.000000E+00         1.2363      Ar040
        19             39              0        8.045830E+03   0.000000E+00         0.6189      K039
        19             40              0        3.117410E+02   0.000000E+00         0.3711      K040
        19             41              0        2.016680E+04   0.000000E+00         2.0167      K041
        20             40              0        4.185720E+04   0.000000E+00         0.9302      Ca040
        20             42              0        1.111120E+04   0.000000E+00         0.5556      Ca042
        20             43              0        1.723330E+03   0.000000E+00         0.9574      Ca043
        20             44              0        2.000010E+04   0.000000E+00         0.8299      Ca044
        21             45              0        1.374040E+03   0.000000E+00         1.0570      Sc045
        22             46              0        2.800080E+04   0.000000E+00         1.1200      Ti046
        22             47              0        2.423500E+03   0.000000E+00         1.3849      Ti047
        22             48              0        2.857210E+04   0.000000E+00         1.3737      Ti048
        22             49              0        7.710030E+03   0.000000E+00         1.9275      Ti049
        22             50              0        3.139270E+04   0.000000E+00         1.2608      Ti050
        23             49              0        1.096260E+03   0.000000E+00         0.6229      V049
        23             50              0        2.734070E+03   0.000000E+00         1.3670      V050
        23             51              0        4.250020E+03   0.000000E+00         1.0625      V051
        24             50              0        1.283610E+04   0.000000E+00         1.0269      Cr050
        24             52              0        3.177780E+04   0.000000E+00         0.9931      Cr052
        24             53              0        6.266670E+03   0.000000E+00         0.9353      Cr053
        24             54              0        5.560000E+04   0.000000E+00         1.1120      Cr054
        25             55              0        2.840910E+03   0.000000E+00         1.2352      Mn055
        26             56              0        2.656250E+04   0.000000E+00         1.0458      Fe056
        26             58              0        2.916670E+04   0.000000E+00         1.3503      Fe058
        27             59              0        1.265820E+03   0.000000E+00         0.8730      Co059
        28             58              0        1.329530E+04   0.000000E+00         0.9922      Ni058
        28             59              0        1.720000E+04   0.000000E+00         8.6000      Ni059
        28             60              0        1.355930E+04   0.000000E+00         0.9826      Ni060
        28             61              0        1.865160E+03   0.000000E+00         0.8882      Ni061
        28             62              0        2.146430E+04   0.000000E+00         1.3415      Ni062
        28             63              0        1.889360E+03   0.000000E+00         0.4294      Ni063
        28             64              0        2.513640E+04   0.000000E+00         1.0651      Ni064
        30             64              0        3.512300E+03   0.000000E+00         1.5271      Zn064
        30             66              0        5.384620E+03   0.000000E+00         1.1655      Zn066
        30             67              0        6.422020E+02   0.000000E+00         1.7357      Zn067
        30             68              0        6.111110E+03   0.000000E+00         1.0991      Zn068
        30             70              0        6.000000E+03   0.000000E+00         0.9202      Zn070
        31             69              0        4.038330E+02   0.000000E+00         1.2780      Ga069
        31             71              0        3.458710E+02   0.000000E+00         0.9102      Ga071
        32             70              0        1.555560E+03   0.000000E+00         1.3295      Ge070
        32             72              0        1.016150E+03   0.000000E+00         0.6774      Ge072
        32             73              0        8.322430E+01   0.000000E+00         1.3423      Ge073
        32             74              0        1.974190E+03   0.000000E+00         0.6581      Ge074
        32             76              0        3.946820E+03   0.000000E+00         0.8771      Ge076
        33             75              0        1.350120E+02   0.000000E+00         1.5001      As075
        34             74              0        2.577140E+02   0.000000E+00         0.7580      Se074
        34             76              0        8.181820E+02   0.000000E+00         1.2587      Se076
        34             77              0        6.303230E+01   0.000000E+00         0.5253      Se077
        34             78              0        3.115460E+03   0.000000E+00         2.0770      Se078
        34             80              0        2.830500E+03   0.000000E+00         1.1794      Se080
        34             82              0        8.330040E+03   0.000000E+00         1.6660      Se082
        35             79              0        6.856780E+01   0.000000E+00         1.4589      Br079
        35             81              0        2.141320E+02   0.000000E+00         2.1413      Br081
        36             78              0        2.391100E+02   0.000000E+00         0.9564      Kr078
        36             80              0        3.613780E+02   0.000000E+00         1.2906      Kr080
        36             82              0        8.236840E+02   0.000000E+00         0.6643      Kr082
        36             83              0        1.283710E+02   0.000000E+00         0.6419      Kr083
        36             84              0        6.926380E+02   0.000000E+00         0.1732      Kr084
        36             86              0        3.507410E+04   0.000000E+00         1.2095      Kr086
        37             85              0        2.365970E+02   0.000000E+00         1.3756      Rb085
        37             87              0        4.142060E+03   0.000000E+00         2.5411      Rb087
        38             84              0        1.700480E+02   0.000000E+00         0.5314      Sr084
        38             86              0        8.600300E+02   0.000000E+00         0.3308      Sr086
        38             87              0        1.526200E+02   0.000000E+00         0.5263      Sr087
        38             88              0        3.000000E+04   0.000000E+00         1.2658      Sr088
        39             89              0        3.703700E+03   0.000000E+00         1.0010      Y089
        40             90              0        7.407440E+03   0.000000E+00         1.2346      Zr090
        40             91              0        6.000300E+02   0.000000E+00         1.0910      Zr091
        40             92              0        9.230850E+03   0.000000E+00         2.6374      Zr092
        40             93              0        4.534000E+02   0.000000E+00         1.5013      Zr093
        40             94              0        5.584440E+03   0.000000E+00         1.3961      Zr094
        40             96              0        1.333370E+04   0.000000E+00         1.0257      Zr096
        41             93              0        1.093750E+02   0.000000E+00         1.1636      Nb093
        42             92              0        2.882930E+03   0.000000E+00         1.0678      Mo092
        42             94              0        2.894430E+03   0.000000E+00         2.1927      Mo094
        42             95              0        1.032260E+02   0.000000E+00         1.2744      Mo095
        42             96              0        1.821100E+03   0.000000E+00         1.7344      Mo096
        42             97              0        8.000400E+01   0.000000E+00         1.3334      Mo097
        42             98              0        2.133330E+03   0.000000E+00         2.1333      Mo098
        42            100              0        8.413230E+02   0.000000E+00         1.3570      Mo100
        43             99              0        1.694940E+01   0.000000E+00         1.2107      Tc099
        44             99              0        1.400850E+01   0.000000E+00         0.5603      Ru099
        44            100              0        4.975090E+02   0.000000E+00         1.4421      Ru100
        44            101              0        2.797300E+01   0.000000E+00         1.5541      Ru101
        44            102              0        7.025260E+02   0.000000E+00         2.5090      Ru102
        44            103              0        2.561540E+01   0.000000E+00         2.8462      Ru103
        44            104              0        6.591670E+02   0.000000E+00         2.0599      Ru104
        46            104              0        2.611690E+02   0.000000E+00         0.8706      Pd104
        46            105              0        1.565650E+01   0.000000E+00         1.5200      Pd105
        46            106              0        4.860000E+02   0.000000E+00         2.2396      Pd106
        46            107              0        1.785890E+01   0.000000E+00         1.6235      Pd107
        46            108              0        1.880400E+02   0.000000E+00         1.0332      Pd108
        46            110              0        8.465000E+02   0.000000E+00         3.0782      Pd110
        47            107              0        2.573900E+01   0.000000E+00         0.9193      Ag107
        47            109              0        2.519860E+01   0.000000E+00         1.3999      Ag109
        48            106              0        1.503880E+02   0.000000E+00         0.9114      Cd106
        48            108              0        1.312610E+02   0.000000E+00         1.0938      Cd108
        48            110              0        2.187660E+02   0.000000E+00         1.4114      Cd110
        48            111              0        3.956900E+01   0.000000E+00         1.4655      Cd111
        48            112              0        3.579690E+02   0.000000E+00         1.8840      Cd112
        48            113              0        8.614780E+00   0.000000E+00         0.3474      Cd113
        48            114              0        4.444720E+02   0.000000E+00         2.1165      Cd114
        48            116              0        1.416430E+03   0.000000E+00         2.0120      Cd116
        49            113              0        1.383330E+01   0.000000E+00         1.2928      In113
        49            115              0        1.005030E+01   0.000000E+00         1.0579      In115
        50            112              0        1.661920E+02   0.000000E+00         1.0518      Sn112
        50            114              0        2.249370E+02   0.000000E+00         0.7865      Sn114
        50            115              0        3.092860E+01   0.000000E+00         0.6724      Sn115
        50            116              0        8.059730E+02   0.000000E+00         1.7911      Sn116
        50            117              0        7.088570E+01   0.000000E+00         1.1621      Sn117
        50            118              0        1.002500E+03   0.000000E+00         1.4321      Sn118
        50            119              0        1.045830E+02   0.000000E+00         1.1620      Sn119
        50            120              0        1.440420E+03   0.000000E+00         1.1523      Sn120
        50            122              0        9.535500E+03   0.000000E+00         3.2215      Sn122
        50            124              0        8.333380E+03   0.000000E+00         1.6667      Sn124
        51            121              0        3.075290E+01   0.000000E+00         2.3656      Sb121
        51            123              0        4.113850E+01   0.000000E+00         1.7141      Sb123
        52            122              0        2.777920E+02   0.000000E+00         1.9027      Te122
        52            123              0        3.966670E+01   0.000000E+00         1.5803      Te123
        52            124              0        3.274620E+02   0.000000E+00         1.4885      Te124
        52            125              0        6.820180E+01   0.000000E+00         1.5861      Te125
        52            126              0        1.202100E+03   0.000000E+00         1.8783      Te126
        52            128              0        3.636830E+03   0.000000E+00         2.4085      Te128
        52            130              0        6.987320E+03   0.000000E+00         4.6582      Te130
        53            127              0        1.928850E+01   0.000000E+00         1.2859      I127
        53            129              0        4.001180E+01   0.000000E+00         2.0006      I129
        54            124              0        1.547240E+01   0.000000E+00         0.3598      Xe124
        54            126              0        8.745430E+01   0.000000E+00         0.8098      Xe126
        54            128              0        2.745400E+02   0.000000E+00         1.0982      Xe128
        54            129              0        2.915000E+02   0.000000E+00         7.6711      Xe129
        54            130              0        2.225620E+02   0.000000E+00         1.2791      Xe130
        54            131              0        6.844740E+01   0.000000E+00         1.3969      Xe131
        54            132              0        4.143080E+02   0.000000E+00         0.5524      Xe132
        54            134              0        1.092400E+03   0.000000E+00         1.3655      Xe134
        55            133              0        2.649010E+01   0.000000E+00         1.2614      Cs133
        55            134              0        3.432400E+01   0.000000E+00         2.1453      Cs134
        55            135              0        7.194140E+01   0.000000E+00         1.4106      Cs135
        56            130              0        7.500000E+01   0.000000E+00         1.2931      Ba130
        56            132              0        1.162930E+02   0.000000E+00         1.0572      Ba132
        56            133              0        1.623530E+01   0.000000E+00         0.8118      Ba133
        56            134              0        4.417080E+02   0.000000E+00         1.1906      Ba134
        56            135              0        5.100000E+01   0.000000E+00         1.2750      Ba135
        56            136              0        1.279810E+03   0.000000E+00         1.0577      Ba136
        56            137              0        4.527880E+02   0.000000E+00         1.2937      Ba137
        56            138              0        2.003370E+04   0.000000E+00         1.0713      Ba138
        57            138              0        2.100000E+01   0.000000E+00         0.6562      La138
        57            139              0        2.436030E+02   0.000000E+00         1.1073      La139
        58            136              0        3.808700E+01   0.000000E+00         0.6348      Ce136
        58            138              0        1.880710E+02   0.000000E+00         0.9645      Ce138
        58            139              0        2.931250E+01   0.000000E+00         0.0084      Ce139
        58            140              0        2.166380E+03   0.000000E+00         0.6988      Ce140
        58            141              0        5.057020E+01   0.000000E+00         0.7780      Ce141
        58            142              0        9.370830E+02   0.000000E+00         0.8519      Ce142
        59            141              0        1.207590E+02   0.000000E+00         1.0978      Pr141
        59            143              0        2.807690E+01   0.000000E+00         0.3554      Pr143
        60            142              0        1.000500E+03   0.000000E+00         0.9714      Nd142
        60            143              0        4.546280E+01   0.000000E+00         1.1964      Nd143
        60            144              0        5.828240E+02   0.000000E+00         1.2952      Nd144
        60            145              0        2.229810E+01   0.000000E+00         1.3117      Nd145
        60            146              0        4.445000E+02   0.000000E+00         1.3074      Nd146
        60            147              0        4.779040E+00   0.000000E+00         1.1948      Nd147
        60            148              0        2.313080E+02   0.000000E+00         1.4923      Nd148
        60            150              0        2.067310E+02   0.000000E+00         1.2529      Nd150
        61            147              0        8.554050E+00   0.000000E+00         1.6450      Pm147
        62            144              0        6.667220E+02   0.000000E+00         0.8659      Sm144
        62            147              0        2.050520E+01   0.000000E+00         3.5974      Sm147
        62            148              0        9.974760E+01   0.000000E+00         1.5346      Sm148
        62            149              0        2.896910E+00   0.000000E+00         1.2070      Sm149
        62            150              0        9.741920E+01   0.000000E+00         2.1178      Sm150
        62            151              0        1.953220E+00   0.000000E+00         1.3952      Sm151
        62            152              0        5.863220E+01   0.000000E+00         1.2746      Sm152
        62            154              0        1.492650E+02   0.000000E+00         1.3093      Sm154
        63            151              0        1.209880E+00   0.000000E+00         1.6574      Eu151
        63            152              0        9.999990E-01   0.000000E+00         1.7857      Eu152
        63            153              0        1.641670E+00   0.000000E+00         1.4924      Eu153
        63            154              0        1.030040E+00   0.000000E+00         1.1196      Eu154
        63            155              0        4.180830E+00   0.000000E+00         0.9723      Eu155
        64            152              0        2.111900E+01   0.000000E+00         1.5085      Gd152
        64            153              0        2.566670E+01   0.000000E+00         8.5556      Gd153
        64            154              0        2.513890E+01   0.000000E+00         1.7337      Gd154
        64            156              0        3.650820E+01   0.000000E+00         1.2169      Gd156
        64            158              0        1.296100E+02   0.000000E+00         1.5806      Gd158
        64            160              0        2.684170E+02   0.000000E+00         1.4912      Gd160
        65            158              0        3.267310E-01   0.000000E+00         0.0864      Tb158
        65            159              0        5.398190E+00   0.000000E+00         1.4131      Tb159
        65            160              0        8.973510E-01   0.000000E+00         0.6903      Tb160
        66            156              0        6.427620E+00   0.000000E+00         2.2956      Dy156
        66            158              0        2.211310E+01   0.000000E+00         1.0051      Dy158
        66            160              0        3.117190E+01   0.000000E+00         1.1545      Dy160
        66            161              0        3.956350E+00   0.000000E+00         1.6485      Dy161
        66            162              0        7.291190E+01   0.000000E+00         1.1760      Dy162
        66            163              0        8.901790E+00   0.000000E+00         1.3091      Dy163
        66            164              0        1.794900E+02   0.000000E+00         1.1966      Dy164
        67            165              0        4.991900E+00   0.000000E+00         1.1885      Ho165
        68            162              0        7.826170E+00   0.000000E+00         1.1342      Er162
        68            164              0        2.223250E+01   0.000000E+00         1.0587      Er164
        68            166              0        4.110310E+01   0.000000E+00         1.0817      Er166
        68            167              0        6.294780E+00   0.000000E+00         1.4988      Er167
        68            168              0        1.486300E+02   0.000000E+00         1.4863      Er168
        68            170              0        1.816360E+02   0.000000E+00         1.2356      Er170
        69            169              0        1.050280E+01   0.000000E+00         1.2356      Tm169
        69            170              0        4.588020E+00   0.000000E+00         1.1764      Tm170
        69            171              0        2.727270E+01   0.000000E+00         1.8182      Tm171
        70            168              0        7.673820E+00   0.000000E+00         0.9592      Yb168
        70            169              0        1.945750E+00   0.000000E+00         1.2161      Yb169
        70            170              0        4.469540E+01   0.000000E+00         1.2770      Yb170
        70            171              0        1.008980E+01   0.000000E+00         1.4623      Yb171
        70            172              0        7.388100E+01   0.000000E+00         0.9721      Yb172
        70            173              0        1.089090E+01   0.000000E+00         1.4521      Yb173
        70            174              0        2.144290E+02   0.000000E+00         1.1168      Yb174
        70            176              0        1.250000E+02   0.000000E+00         0.5208      Yb176
        71            173              0        2.133330E+00   0.000000E+00         1.8391      Lu173
        71            175              0        6.633330E+00   0.000000E+00         1.9227      Lu175
        71            176              0        2.583330E+00   0.000000E+00         1.6046      Lu176
        72            174              0        2.272730E+01   0.000000E+00         1.2626      Hf174
        72            176              0        4.285710E+01   0.000000E+00         1.4286      Hf176
        72            177              0        3.048780E+00   0.000000E+00         1.2703      Hf177
        72            178              0        1.137500E+00   0.000000E+00         0.0200      Hf178
        72            179              0        4.651160E+00   0.000000E+00         1.0111      Hf179
        72            180              0        1.666670E+02   0.000000E+00         1.7731      Hf180
        73            180              0        1.700000E+00   0.000000E+00         1.4167      Ta180
        73            181              0        4.577060E+00   0.000000E+00         1.0898      Ta181
        73            182              0        5.333330E+00   0.000000E+00         1.5238      Ta182
        74            180              0        2.500000E+01   0.000000E+00         1.2500      W180
        74            185              0        6.384040E+00   0.000000E+00         0.6865      W185
        75            185              0        4.201470E+00   0.000000E+00         1.3553      Re185
        75            187              0        5.348530E+00   0.000000E+00         1.3714      Re187
        76            186              0        2.702700E+01   0.000000E+00         0.9320      Os186
        76            187              0        6.263050E+00   0.000000E+00         1.2280      Os187
        76            188              0        4.556820E+01   0.000000E+00         0.9695      Os188
        76            189              0        3.425240E+00   0.000000E+00         1.0074      Os189
        76            190              0        7.517730E+01   0.000000E+00         1.0740      Os190
        76            192              0        6.686670E+02   0.000000E+00         5.8145      Os192
        77            191              0        3.600000E+00   0.000000E+00         1.4400      Ir191
        77            192              0        1.907610E+00   0.000000E+00         3.8152      Ir192
        77            193              0        8.131580E+00   0.000000E+00         1.4020      Ir193
        78            192              0        2.058790E+01   0.000000E+00         0.6557      Pt192
        78            194              0        2.255270E+02   0.000000E+00         2.7503      Pt194
        78            195              0        8.645580E-02   0.000000E+00         0.0048      Pt195
        78            196              0        3.478760E+02   0.000000E+00         0.9939      Pt196
        78            198              0        3.264530E+02   0.000000E+00         0.9602      Pt198
        79            197              0        1.639340E+01   0.000000E+00         1.0576      Au197
        80            198              0        1.045000E+02   0.000000E+00         0.9952      Hg198
        80            199              0        7.796930E+01   0.000000E+00         0.9746      Hg199
        80            200              0        1.834170E+03   0.000000E+00         3.0570      Hg200
        80            201              0        1.143330E+02   0.000000E+00         1.2704      Hg201
        81            203              0        7.130870E+02   0.000000E+00         1.5172      Tl203
        81            205              0        2.885000E+03   0.000000E+00         0.7212      Tl205
        82            204              0        1.744190E+03   0.000000E+00         0.8306      Pb204
        82            206              0        2.484850E+04   0.000000E+00         0.8283      Pb206
        82            207              0        3.090910E+04   0.000000E+00         1.0303      Pb207
        82            208              0        5.000000E+05   0.000000E+00         5.5556      Pb208
        83            209              0        4.651160E+03   0.000000E+00         1.0452      Bi209
        88            226              0        3.014450E+01   0.000000E+00         0.9724      Ra226
        90            228              0        5.308250E+00   0.000000E+00         1.0617      Th228
        90            229              0        1.100710E+00   0.000000E+00         1.7753      Th229
        90            230              0        2.088890E+01   0.000000E+00         2.1759      Th230
        90            232              0        1.659750E+01   0.000000E+00         1.0059      Th232
        91            231              0        8.796990E-01   0.000000E+00         1.7249      Pa231
        91            232              0        6.774190E-01   0.000000E+00         1.6129      Pa232
        91            233              0        1.184440E+00   0.000000E+00         1.5185      Pa233
        92            232              0        5.405410E+00   0.000000E+00         1.1751      U232
        92            233              0        8.246530E-01   0.000000E+00         1.5859      U233
        92            234              0        1.229510E+01   0.000000E+00         1.0978      U234
        92            235              0        7.102270E-01   0.000000E+00         1.5783      U235
        92            236              0        1.673640E+01   0.000000E+00         1.1955      U236
        92            237              0        4.878050E+00   0.000000E+00         1.3937      U237
        92            238              0        2.237140E+01   0.000000E+00         1.1020      U238
        93            236              0        1.023810E+00   0.000000E+00         1.7063      Np236
        93            237              0        9.433960E-01   0.000000E+00         1.6551      Np237
        93            238              0        4.237290E-01   0.000000E+00         1.0335      Np238
        94            236              0        9.999990E+00   0.000000E+00         2.0000      Pu236
        94            238              0        1.000000E+01   0.000000E+00         1.2048      Pu238
        94            239              0        2.389800E+00   0.000000E+00         1.0863      Pu239
        94            240              0        1.344340E+01   0.000000E+00         1.0341      Pu240
        94            241              0        1.276600E+00   0.000000E+00         1.3727      Pu241
        94            242              0        1.282050E+01   0.000000E+00         0.9497      Pu242
        94            244              0        2.230770E+01   0.000000E+00         1.1741      Pu244
        95            241              0        7.142860E-01   0.000000E+00         1.2315      Am241
        95            242              0        4.134610E-01   0.000000E+00         1.5313      Am242
        95            243              0        1.038960E+00   0.000000E+00         1.4232      Am243
        96            242              0        2.500000E+01   0.000000E+00         1.7857      Cm242
        96            243              0        9.615380E-01   0.000000E+00         1.3935      Cm243
        96            244              0        1.515150E+01   0.000000E+00         1.2840      Cm244
        96            245              0        1.176470E+00   0.000000E+00         1.4892      Cm245
        96            246              0        2.000000E+01   0.000000E+00         0.6667      Cm246
        96            247              0        1.428570E+00   0.000000E+00         1.1905      Cm247
        96            248              0        4.687500E+01   0.000000E+00         1.5625      Cm248
        97            249              0        1.875000E+00   0.000000E+00         1.7045      Bk249
        98            249              0        1.590910E+00   0.000000E+00         2.0933      Cf249
        98            250              0        5.000000E+00   0.000000E+00         0.4167      Cf250
        98            252              0        2.857140E+01   0.000000E+00         1.0582      Cf252
