# header: 
#   title: D0 resonance data for jendl5.0
#   source: Resonancetables
#   date: 2025-12-03
# reaction: 
#   type: D0
# quantity: 
#   type: resonance data
# datablock: 
#   columns: 7
#   entries: 304
##       Z              A            Liso           Value         dValue          Ratio         Nuclide
##      []             []             []            [eV]           [eV]            []             [%]
        13             27              0        7.000000E+04   0.000000E+00         1.2727      Al027
        14             28              0        2.500000E+05   0.000000E+00         0.7530      Si028
        14             29              0        4.333330E+05   0.000000E+00         2.2452      Si029
        14             30              0        1.500000E+06   0.000000E+00         6.6667      Si030
        15             31              0        2.264620E+04   0.000000E+00         0.4529      P031
        16             32              0        3.914620E+04   0.000000E+00         0.2060      S032
        16             33              0        4.333330E+04   0.000000E+00         2.0635      S033
        16             34              0        2.400000E+05   0.000000E+00         2.1818      S034
        17             37              0        4.000000E+04   0.000000E+00         2.6667      Cl037
        18             40              0        6.240580E+04   0.000000E+00         1.2001      Ar040
        19             39              0        1.176470E+04   0.000000E+00         0.9050      K039
        19             41              0        2.380950E+04   0.000000E+00         2.3809      K041
        20             40              0        4.545450E+04   0.000000E+00         1.0101      Ca040
        20             42              0        1.250000E+04   0.000000E+00         0.6250      Ca042
        20             43              0        1.818180E+03   0.000000E+00         1.0101      Ca043
        20             44              0        2.941180E+04   0.000000E+00         1.2204      Ca044
        21             45              0        1.369860E+03   0.000000E+00         1.0537      Sc045
        22             46              0        3.027330E+04   0.000000E+00         1.2109      Ti046
        22             47              0        2.758620E+03   0.000000E+00         1.5764      Ti047
        22             48              0        2.857140E+04   0.000000E+00         1.3736      Ti048
        22             49              0        7.534380E+03   0.000000E+00         1.8836      Ti049
        22             50              0        2.935000E+05   0.000000E+00        11.7871      Ti050
        23             50              0        2.833330E+03   0.000000E+00         1.4167      V050
        23             51              0        4.545450E+03   0.000000E+00         1.1364      V051
        24             50              0        1.283610E+04   0.000000E+00         1.0269      Cr050
        24             52              0        3.177780E+04   0.000000E+00         0.9931      Cr052
        24             53              0        6.266670E+03   0.000000E+00         0.9353      Cr053
        24             54              0        5.560000E+04   0.000000E+00         1.1120      Cr054
        25             55              0        2.840910E+03   0.000000E+00         1.2352      Mn055
        26             56              0        2.656250E+04   0.000000E+00         1.0458      Fe056
        26             58              0        2.916670E+04   0.000000E+00         1.3503      Fe058
        27             59              0        1.265820E+03   0.000000E+00         0.8730      Co059
        28             58              0        1.331150E+04   0.000000E+00         0.9934      Ni058
        28             59              0        2.000000E+03   0.000000E+00         1.0000      Ni059
        28             60              0        1.355930E+04   0.000000E+00         0.9826      Ni060
        28             61              0        2.192310E+03   0.000000E+00         1.0440      Ni061
        28             62              0        2.068970E+04   0.000000E+00         1.2931      Ni062
        28             63              0        4.444440E+03   0.000000E+00         1.0101      Ni063
        28             64              0        2.513640E+04   0.000000E+00         1.0651      Ni064
        29             63              0        5.437160E+02   0.000000E+00         0.7767      Cu063
        29             65              0        7.773440E+02   0.000000E+00         0.5980      Cu065
        30             64              0        3.714290E+03   0.000000E+00         1.6149      Zn064
        30             66              0        4.516130E+03   0.000000E+00         0.9775      Zn066
        30             67              0        4.117650E+02   0.000000E+00         1.1129      Zn067
        30             68              0        6.111110E+03   0.000000E+00         1.0991      Zn068
        30             70              0        7.000000E+03   0.000000E+00         1.0736      Zn070
        31             69              0        3.470590E+02   0.000000E+00         1.0983      Ga069
        31             71              0        2.666670E+02   0.000000E+00         0.7018      Ga071
        32             70              0        1.555560E+03   0.000000E+00         1.3295      Ge070
        32             72              0        1.714290E+03   0.000000E+00         1.1429      Ge072
        32             73              0        1.961360E+02   0.000000E+00         3.1635      Ge073
        32             74              0        2.000000E+03   0.000000E+00         0.6667      Ge074
        32             76              0        4.285710E+03   0.000000E+00         0.9524      Ge076
        33             75              0        4.948980E+01   0.000000E+00         0.5499      As075
        34             74              0        5.200000E+02   0.000000E+00         1.5294      Se074
        34             76              0        8.181820E+02   0.000000E+00         1.2587      Se076
        34             77              0        1.588240E+02   0.000000E+00         1.3235      Se077
        34             78              0        1.714290E+03   0.000000E+00         1.1429      Se078
        34             80              0        2.500000E+03   0.000000E+00         1.0417      Se080
        34             82              0        3.000000E+03   0.000000E+00         0.6000      Se082
        35             79              0        2.791880E+01   0.000000E+00         0.5940      Br079
        35             81              0        6.565660E+01   0.000000E+00         0.6566      Br081
        36             78              0        4.000000E+02   0.000000E+00         1.6000      Kr078
        36             80              0        5.000000E+02   0.000000E+00         1.7857      Kr080
        36             83              0        2.720000E+02   0.000000E+00         1.3600      Kr083
        36             84              0        2.480000E+03   0.000000E+00         0.6200      Kr084
        36             86              0        3.764710E+04   0.000000E+00         1.2982      Kr086
        37             85              0        1.597740E+02   0.000000E+00         0.9289      Rb085
        37             87              0        1.557500E+03   0.000000E+00         0.9555      Rb087
        38             84              0        3.777780E+02   0.000000E+00         1.1806      Sr084
        38             86              0        5.155560E+02   0.000000E+00         0.1983      Sr086
        38             87              0        1.257140E+02   0.000000E+00         0.4335      Sr087
        38             88              0        3.000000E+04   0.000000E+00         1.2658      Sr088
        39             89              0        3.703700E+03   0.000000E+00         1.0010      Y089
        40             90              0        6.333330E+03   0.000000E+00         1.0556      Zr090
        40             91              0        5.306120E+02   0.000000E+00         0.9647      Zr091
        40             92              0        5.461540E+03   0.000000E+00         1.5604      Zr092
        40             93              0        7.555560E+02   0.000000E+00         2.5018      Zr093
        40             94              0        4.916670E+03   0.000000E+00         1.2292      Zr094
        40             96              0        1.428570E+04   0.000000E+00         1.0989      Zr096
        41             93              0        5.263160E+01   0.000000E+00         0.5599      Nb093
        42             92              0        2.777780E+03   0.000000E+00         1.0288      Mo092
        42             94              0        1.818180E+03   0.000000E+00         1.3774      Mo094
        42             95              0        1.176470E+02   0.000000E+00         1.4524      Mo095
        42             96              0        1.357140E+03   0.000000E+00         1.2925      Mo096
        42             97              0        9.473680E+01   0.000000E+00         1.5789      Mo097
        42             98              0        2.000000E+03   0.000000E+00         2.0000      Mo098
        42            100              0        8.387100E+02   0.000000E+00         1.3528      Mo100
        43             99              0        1.680670E+01   0.000000E+00         1.2005      Tc099
        44             99              0        2.564100E+01   0.000000E+00         1.0256      Ru099
        44            100              0        6.605560E+02   0.000000E+00         1.9147      Ru100
        44            101              0        2.255320E+01   0.000000E+00         1.2530      Ru101
        44            102              0        5.360000E+02   0.000000E+00         1.9143      Ru102
        44            103              0        1.250000E+01   0.000000E+00         1.3889      Ru103
        44            104              0        2.316670E+02   0.000000E+00         0.7240      Ru104
        45            103              0        2.625000E+01   0.000000E+00         0.8203      Rh103
        46            104              0        3.191570E+02   0.000000E+00         1.0639      Pd104
        46            105              0        1.150840E+01   0.000000E+00         1.1173      Pd105
        46            106              0        2.889860E+02   0.000000E+00         1.3317      Pd106
        46            107              0        1.754390E+01   0.000000E+00         1.5949      Pd107
        46            108              0        7.031250E+01   0.000000E+00         0.3863      Pd108
        46            110              0        8.421050E+01   0.000000E+00         0.3062      Pd110
        47            107              0        2.586530E+01   0.000000E+00         0.9238      Ag107
        47            109              0        2.539670E+01   0.000000E+00         1.4109      Ag109
        48            106              0        7.000000E+02   0.000000E+00         4.2424      Cd106
        48            108              0        3.800000E+02   0.000000E+00         3.1667      Cd108
        48            110              0        1.842110E+02   0.000000E+00         1.1885      Cd110
        48            111              0        1.914890E+01   0.000000E+00         0.7092      Cd111
        48            112              0        1.707320E+02   0.000000E+00         0.8986      Cd112
        48            113              0        2.631580E+01   0.000000E+00         1.0611      Cd113
        48            114              0        2.500000E+02   0.000000E+00         1.1905      Cd114
        48            116              0        4.500000E+02   0.000000E+00         0.6392      Cd116
        49            113              0        1.383330E+01   0.000000E+00         1.2928      In113
        49            115              0        1.005030E+01   0.000000E+00         1.0579      In115
        50            112              0        1.875000E+02   0.000000E+00         1.1867      Sn112
        50            114              0        6.250000E+02   0.000000E+00         2.1853      Sn114
        50            115              0        3.166670E+02   0.000000E+00         6.8841      Sn115
        50            116              0        8.410460E+02   0.000000E+00         1.8690      Sn116
        50            117              0        6.714290E+01   0.000000E+00         1.1007      Sn117
        50            118              0        1.363640E+03   0.000000E+00         1.9481      Sn118
        50            119              0        1.083330E+02   0.000000E+00         1.2037      Sn119
        50            120              0        8.235290E+02   0.000000E+00         0.6588      Sn120
        50            122              0        3.636360E+03   0.000000E+00         1.2285      Sn122
        50            124              0        1.000000E+04   0.000000E+00         2.0000      Sn124
        51            121              0        1.818180E+01   0.000000E+00         1.3986      Sb121
        51            123              0        2.873560E+01   0.000000E+00         1.1973      Sb123
        52            122              0        1.746030E+02   0.000000E+00         1.1959      Te122
        52            123              0        2.692310E+01   0.000000E+00         1.0726      Te123
        52            124              0        2.941180E+02   0.000000E+00         1.3369      Te124
        52            125              0        5.982910E+01   0.000000E+00         1.3914      Te125
        52            126              0        4.347830E+02   0.000000E+00         0.6793      Te126
        52            128              0        1.333330E+03   0.000000E+00         0.8830      Te128
        52            130              0        1.016670E+04   0.000000E+00         6.7778      Te130
        53            127              0        1.566270E+01   0.000000E+00         1.0442      I127
        53            129              0        2.741940E+01   0.000000E+00         1.3710      I129
        54            124              0        1.450000E+02   0.000000E+00         3.3721      Xe124
        54            126              0        7.781670E+02   0.000000E+00         7.2052      Xe126
        54            128              0        2.428570E+02   0.000000E+00         0.9714      Xe128
        54            129              0        4.736840E+01   0.000000E+00         1.2465      Xe129
        54            130              0        2.117650E+02   0.000000E+00         1.2170      Xe130
        54            131              0        6.617650E+01   0.000000E+00         1.3505      Xe131
        54            132              0        1.100000E+03   0.000000E+00         1.4667      Xe132
        54            134              0        2.580880E+03   0.000000E+00         3.2261      Xe134
        54            136              0        1.633330E+05   0.000000E+00         5.6713      Xe136
        55            133              0        1.851390E+01   0.000000E+00         0.8816      Cs133
        55            134              0        3.857140E+01   0.000000E+00         2.4107      Cs134
        55            135              0        4.600000E+01   0.000000E+00         0.9020      Cs135
        56            130              0        6.487180E+01   0.000000E+00         1.1185      Ba130
        56            132              0        2.750000E+02   0.000000E+00         2.5000      Ba132
        56            133              0        3.625000E+01   0.000000E+00         1.8125      Ba133
        56            134              0        3.776790E+02   0.000000E+00         1.0180      Ba134
        56            135              0        2.950490E+01   0.000000E+00         0.7376      Ba135
        56            136              0        1.277410E+03   0.000000E+00         1.0557      Ba136
        56            137              0        2.763950E+02   0.000000E+00         0.7897      Ba137
        56            138              0        8.333330E+03   0.000000E+00         0.4456      Ba138
        57            138              0        4.125000E+01   0.000000E+00         1.2891      La138
        57            139              0        2.419350E+02   0.000000E+00         1.0997      La139
        58            136              0        1.100000E+02   0.000000E+00         1.8333      Ce136
        58            140              0        5.128210E+03   0.000000E+00         1.6543      Ce140
        58            141              0        2.000000E+01   0.000000E+00         0.3077      Ce141
        58            142              0        9.375000E+02   0.000000E+00         0.8523      Ce142
        59            141              0        1.130430E+02   0.000000E+00         1.0277      Pr141
        59            143              0        1.250000E+02   0.000000E+00         1.5823      Pr143
        60            142              0        1.083330E+03   0.000000E+00         1.0518      Nd142
        60            143              0        4.807690E+01   0.000000E+00         1.2652      Nd143
        60            144              0        5.714290E+02   0.000000E+00         1.2698      Nd144
        60            145              0        2.395210E+01   0.000000E+00         1.4089      Nd145
        60            146              0        3.703700E+02   0.000000E+00         1.0893      Nd146
        60            147              0        6.000000E+00   0.000000E+00         1.5000      Nd147
        60            148              0        1.600000E+02   0.000000E+00         1.0323      Nd148
        60            150              0        1.801320E+02   0.000000E+00         1.0917      Nd150
        61            147              0        4.857140E+00   0.000000E+00         0.9341      Pm147
        62            144              0        8.333330E+02   0.000000E+00         1.0823      Sm144
        62            147              0        7.741940E+00   0.000000E+00         1.3582      Sm147
        62            148              0        1.122450E+02   0.000000E+00         1.7268      Sm148
        62            149              0        3.312100E+00   0.000000E+00         1.3800      Sm149
        62            150              0        7.690000E+01   0.000000E+00         1.6717      Sm150
        62            151              0        2.300000E+00   0.000000E+00         1.6429      Sm151
        62            152              0        5.714770E+01   0.000000E+00         1.2423      Sm152
        62            154              0        1.200000E+02   0.000000E+00         1.0526      Sm154
        63            151              0        1.041670E+00   0.000000E+00         1.4269      Eu151
        63            152              0        7.277770E-01   0.000000E+00         1.2996      Eu152
        63            153              0        1.500000E+00   0.000000E+00         1.3636      Eu153
        63            154              0        1.455560E+00   0.000000E+00         1.5821      Eu154
        63            155              0        5.940000E+00   0.000000E+00         1.3814      Eu155
        64            152              0        2.313040E+01   0.000000E+00         1.6522      Gd152
        64            153              0        1.466670E+01   0.000000E+00         4.8889      Gd153
        64            154              0        1.864860E+01   0.000000E+00         1.2861      Gd154
        64            155              0        3.831420E+00   0.000000E+00         2.2538      Gd155
        64            156              0        2.544830E+01   0.000000E+00         0.8483      Gd156
        64            157              0        6.493510E+00   0.000000E+00         1.3252      Gd157
        64            158              0        9.536230E+01   0.000000E+00         1.1630      Gd158
        64            160              0        2.112000E+02   0.000000E+00         1.1733      Gd160
        65            159              0        5.280000E+00   0.000000E+00         1.3822      Tb159
        65            160              0        4.500000E+00   0.000000E+00         3.4615      Tb160
        66            156              0        4.166670E+00   0.000000E+00         1.4881      Dy156
        66            158              0        4.730000E+01   0.000000E+00         2.1500      Dy158
        66            160              0        3.140620E+01   0.000000E+00         1.1632      Dy160
        66            161              0        3.539820E+00   0.000000E+00         1.4749      Dy161
        66            162              0        7.352940E+01   0.000000E+00         1.1860      Dy162
        66            163              0        8.876110E+00   0.000000E+00         1.3053      Dy163
        66            164              0        1.734690E+02   0.000000E+00         1.1565      Dy164
        67            165              0        5.020240E+00   0.000000E+00         1.1953      Ho165
        68            162              0        1.562500E+01   0.000000E+00         2.2645      Er162
        68            164              0        4.705880E+01   0.000000E+00         2.2409      Er164
        68            166              0        3.947370E+01   0.000000E+00         1.0388      Er166
        68            167              0        4.804880E+00   0.000000E+00         1.1440      Er167
        68            168              0        1.093750E+02   0.000000E+00         1.0938      Er168
        68            170              0        1.578950E+02   0.000000E+00         1.0741      Er170
        69            169              0        8.897640E+00   0.000000E+00         1.0468      Tm169
        69            170              0        7.153850E+00   0.000000E+00         1.8343      Tm170
        69            171              0        2.703700E+01   0.000000E+00         1.8025      Tm171
        70            168              0        4.750000E+01   0.000000E+00         5.9375      Yb168
        70            170              0        6.363640E+01   0.000000E+00         1.8182      Yb170
        70            171              0        1.017960E+01   0.000000E+00         1.4753      Yb171
        70            172              0        7.777780E+01   0.000000E+00         1.0234      Yb172
        70            173              0        1.090910E+01   0.000000E+00         1.4545      Yb173
        70            174              0        2.142860E+02   0.000000E+00         1.1161      Yb174
        70            176              0        2.941180E+02   0.000000E+00         1.2255      Yb176
        71            173              0        2.217390E+00   0.000000E+00         1.9115      Lu173
        71            175              0        4.784690E+00   0.000000E+00         1.3869      Lu175
        71            176              0        2.827590E+00   0.000000E+00         1.7563      Lu176
        72            174              0        2.444440E+01   0.000000E+00         1.3580      Hf174
        72            176              0        4.375000E+01   0.000000E+00         1.4583      Hf176
        72            177              0        2.688170E+00   0.000000E+00         1.1201      Hf177
        72            178              0        7.142860E+01   0.000000E+00         1.2531      Hf178
        72            179              0        5.102040E+00   0.000000E+00         1.1091      Hf179
        72            180              0        1.923080E+02   0.000000E+00         2.0458      Hf180
        73            180              0        1.716670E+00   0.000000E+00         1.4306      Ta180
        73            181              0        5.000000E+00   0.000000E+00         1.1905      Ta181
        73            182              0        4.857140E+00   0.000000E+00         1.3878      Ta182
        74            180              0        2.750000E+01   0.000000E+00         1.3750      W180
        74            182              0        6.849310E+01   0.000000E+00         1.1416      W182
        74            183              0        1.327590E+01   0.000000E+00         1.1063      W183
        74            184              0        9.459460E+01   0.000000E+00         1.2613      W184
        74            185              0        1.266670E+01   0.000000E+00         1.3620      W185
        74            186              0        1.166670E+02   0.000000E+00         1.1785      W186
        75            185              0        3.333330E+00   0.000000E+00         1.0753      Re185
        75            187              0        4.444440E+00   0.000000E+00         1.1396      Re187
        76            186              0        2.881360E+01   0.000000E+00         0.9936      Os186
        76            187              0        5.747130E+00   0.000000E+00         1.1269      Os187
        76            188              0        5.000000E+01   0.000000E+00         1.0638      Os188
        76            189              0        3.815000E+00   0.000000E+00         1.1221      Os189
        76            190              0        8.888890E+01   0.000000E+00         1.2698      Os190
        76            192              0        2.400000E+02   0.000000E+00         2.0870      Os192
        77            191              0        3.586960E+00   0.000000E+00         1.4348      Ir191
        77            192              0        1.126000E+00   0.000000E+00         2.2520      Ir192
        77            193              0        7.281250E+00   0.000000E+00         1.2554      Ir193
        78            192              0        3.267970E+01   0.000000E+00         1.0408      Pt192
        78            194              0        2.600000E+02   0.000000E+00         3.1707      Pt194
        78            195              0        2.093020E+01   0.000000E+00         1.1628      Pt195
        78            196              0        4.500000E+02   0.000000E+00         1.2857      Pt196
        78            198              0        5.000000E+02   0.000000E+00         1.4706      Pt198
        79            197              0        1.619720E+01   0.000000E+00         1.0450      Au197
        80            198              0        1.147850E+02   0.000000E+00         1.0932      Hg198
        80            199              0        1.210000E+02   0.000000E+00         1.5125      Hg199
        80            200              0        1.666670E+03   0.000000E+00         2.7778      Hg200
        80            201              0        1.255830E+02   0.000000E+00         1.3954      Hg201
        81            203              0        6.739290E+02   0.000000E+00         1.4339      Tl203
        81            205              0        2.885000E+03   0.000000E+00         0.7212      Tl205
        82            204              0        1.744190E+03   0.000000E+00         0.8306      Pb204
        82            206              0        2.484850E+04   0.000000E+00         0.8283      Pb206
        82            207              0        3.090910E+04   0.000000E+00         1.0303      Pb207
        82            208              0        5.000000E+05   0.000000E+00         5.5556      Pb208
        83            209              0        4.651160E+03   0.000000E+00         1.0452      Bi209
        88            226              0        3.125000E+01   0.000000E+00         1.0081      Ra226
        90            228              0        1.300000E+01   0.000000E+00         2.6000      Th228
        90            229              0        7.999990E-01   0.000000E+00         1.2903      Th229
        90            230              0        1.923080E+01   0.000000E+00         2.0032      Th230
        90            232              0        1.659750E+01   0.000000E+00         1.0059      Th232
        91            231              0        8.646620E-01   0.000000E+00         1.6954      Pa231
        91            232              0        6.774190E-01   0.000000E+00         1.6129      Pa232
        91            233              0        1.162790E+00   0.000000E+00         1.4908      Pa233
        92            232              0        5.405410E+00   0.000000E+00         1.1751      U232
        92            233              0        8.141110E-01   0.000000E+00         1.5656      U233
        92            234              0        1.229510E+01   0.000000E+00         1.0978      U234
        92            235              0        7.097790E-01   0.000000E+00         1.5773      U235
        92            236              0        1.680670E+01   0.000000E+00         1.2005      U236
        92            237              0        4.878050E+00   0.000000E+00         1.3937      U237
        92            238              0        2.237140E+01   0.000000E+00         1.1020      U238
        93            236              0        1.023810E+00   0.000000E+00         1.7063      Np236
        93            237              0        7.598780E-01   0.000000E+00         1.3331      Np237
        93            238              0        4.433330E-01   0.000000E+00         1.0813      Np238
        94            236              0        9.999990E+00   0.000000E+00         2.0000      Pu236
        94            238              0        1.000000E+01   0.000000E+00         1.2048      Pu238
        94            239              0        2.431910E+00   0.000000E+00         1.1054      Pu239
        94            240              0        1.200000E+01   0.000000E+00         0.9231      Pu240
        94            241              0        1.271190E+00   0.000000E+00         1.3669      Pu241
        94            242              0        1.282050E+01   0.000000E+00         0.9497      Pu242
        94            244              0        2.230770E+01   0.000000E+00         1.1741      Pu244
        95            241              0        1.078340E+00   0.000000E+00         1.8592      Am241
        95            242              0        4.134610E-01   0.000000E+00         1.5313      Am242
        95            243              0        1.129940E+00   0.000000E+00         1.5479      Am243
        96            242              0        2.500000E+01   0.000000E+00         1.7857      Cm242
        96            243              0        9.615380E-01   0.000000E+00         1.3935      Cm243
        96            244              0        1.515150E+01   0.000000E+00         1.2840      Cm244
        96            245              0        1.176470E+00   0.000000E+00         1.4892      Cm245
        96            246              0        2.000000E+01   0.000000E+00         0.6667      Cm246
        96            247              0        1.428570E+00   0.000000E+00         1.1905      Cm247
        96            248              0        4.687500E+01   0.000000E+00         1.5625      Cm248
        97            249              0        1.875000E+00   0.000000E+00         1.7045      Bk249
        98            249              0        1.590910E+00   0.000000E+00         2.0933      Cf249
        98            250              0        5.000000E+00   0.000000E+00         0.4167      Cf250
        98            252              0        2.857140E+01   0.000000E+00         1.0582      Cf252
