# header:
#   title: D0 resonance data for Mughabghab-2018
#   source: Resonancetables
#   date: 2025-05-27
# reaction:
#   type: D0
# quantity:
#   type: resonance data
# datablock:
#   columns: 7
#   entries: 294
##       Z              A            Liso           Value         dValue          Ratio         Nuclide
##      []             []             []            [eV]           [eV]            []             []
        11             23              0        1.220000E+05   3.000000E+04   1.220000E+00      Na023                                                                                                   
        13             27              0        5.300000E+04   7.000000E+03   9.636363E-01      Al027                                                                                                   
        14             28              0        3.320000E+05   3.500000E+04   1.000000E+00      Si028                                                                                                   
        15             31              0        5.490000E+04   1.040000E+04   1.098000E+00      P031                                                                                                    
        16             32              0        1.790000E+05   2.900000E+04   9.421052E-01      S032                                                                                                    
        16             34              0        1.110000E+05   4.000000E+04   1.009091E+00      S034                                                                                                    
        17             35              0        2.230000E+04   2.500000E+03   9.695652E-01      Cl035                                                                                                   
        18             40              0        5.190000E+04   2.300000E+03   9.980769E-01      Ar040                                                                                                   
        19             39              0        8.000000E+03   8.000000E+02   6.153846E-01      K039                                                                                                    
        19             40              0        8.400000E+02   9.000000E+01   1.000000E+00      K040                                                                                                    
        20             40              0        4.500000E+04   4.000000E+03   1.000000E+00      Ca040                                                                                                   
        20             42              0        1.490000E+04   1.200000E+03   7.450000E-01      Ca042                                                                                                   
        20             43              0        1.500000E+03   2.000000E+02   8.333333E-01      Ca043                                                                                                   
        20             44              0        2.570000E+04   2.800000E+03   1.066390E+00      Ca044                                                                                                   
        21             45              0        1.030000E+03   5.000000E+01   7.923077E-01      Sc045                                                                                                   
        22             46              0        2.000000E+04   3.000000E+03   8.000000E-01      Ti046                                                                                                   
        22             47              0        1.640000E+03   1.300000E+02   9.371428E-01      Ti047                                                                                                   
        22             48              0        2.080000E+04   2.500000E+03   1.000000E+00      Ti048                                                                                                   
        22             49              0        4.520000E+03   3.100000E+02   1.130000E+00      Ti049                                                                                                   
        23             49              0        1.760000E+03   1.800000E+02   1.000000E+00      V049                                                                                                    
        23             50              0        1.760000E+03   1.800000E+02   8.800000E-01      V050                                                                                                    
        23             51              0        3.950000E+03   2.700000E+02   9.875000E-01      V051                                                                                                    
        24             50              0        1.400000E+04   1.000000E+03   1.120000E+00      Cr050                                                                                                   
        24             52              0        3.490000E+04   3.200000E+03   1.090625E+00      Cr052                                                                                                   
        24             53              0        5.960000E+03   4.700000E+02   8.895522E-01      Cr053                                                                                                   
        24             54              0        3.860000E+04   2.400000E+03   7.720000E-01      Cr054                                                                                                   
        25             55              0        2.420000E+03   1.500000E+02   1.052174E+00      Mn055                                                                                                   
        26             54              0        1.550000E+04   1.000000E+03   7.560976E-01      Fe054                                                                                                   
        26             56              0        2.200000E+04   1.700000E+03   8.661417E-01      Fe056                                                                                                   
        26             57              0        7.050000E+03   6.700000E+02   1.000000E+00      Fe057                                                                                                   
        26             58              0        2.760000E+04   2.600000E+03   1.277778E+00      Fe058                                                                                                   
        27             59              0        1.390000E+03   7.000000E+01   9.586207E-01      Co059                                                                                                   
        28             58              0        1.292000E+04   8.300000E+02   9.641791E-01      Ni058                                                                                                   
        28             60              0        1.450000E+04   1.300000E+03   1.050725E+00      Ni060                                                                                                   
        28             61              0        1.700000E+03   1.400000E+02   8.095238E-01      Ni061                                                                                                   
        28             62              0        1.640000E+04   1.400000E+03   1.025000E+00      Ni062                                                                                                   
        28             63              0        4.400000E+03   8.000000E+02   1.000000E+00      Ni063                                                                                                   
        28             64              0        2.110000E+04   2.000000E+03   8.940678E-01      Ni064                                                                                                   
        29             63              0        7.220000E+02   4.700000E+01   1.031429E+00      Cu063                                                                                                   
        29             65              0        1.520000E+03   1.000000E+02   1.169231E+00      Cu065                                                                                                   
        30             64              0        2.940000E+03   1.300000E+02   1.278261E+00      Zn064                                                                                                   
        30             66              0        4.700000E+03   4.000000E+02   1.017316E+00      Zn066                                                                                                   
        30             67              0        3.670000E+02   1.900000E+01   9.918919E-01      Zn067                                                                                                   
        30             68              0        3.785000E+03   1.900000E+02   6.807554E-01      Zn068                                                                                                   
        30             70              0        6.000000E+03   6.000000E+02   9.202454E-01      Zn070                                                                                                   
        31             69              0        2.200000E+02   2.500000E+01   6.962025E-01      Ga069                                                                                                   
        31             71              0        2.000000E+02   2.000000E+01   5.263158E-01      Ga071                                                                                                   
        32             70              0        1.170000E+03   2.300000E+02   1.000000E+00      Ge070                                                                                                   
        32             72              0        1.190000E+03   2.900000E+02   7.933334E-01      Ge072                                                                                                   
        32             73              0        6.010000E+01   6.700000E+00   9.693548E-01      Ge073                                                                                                   
        32             74              0        3.000000E+03   8.000000E+02   1.000000E+00      Ge074                                                                                                   
        32             76              0        3.630000E+03   9.000000E+02   8.066667E-01      Ge076                                                                                                   
        33             75              0        8.930000E+01   6.000000E+00   9.922222E-01      As075                                                                                                   
        34             74              0        3.000000E+02   4.000000E+01   8.823529E-01      Se074                                                                                                   
        34             76              0        5.700000E+02   6.500000E+01   8.769231E-01      Se076                                                                                                   
        34             77              0        1.100000E+02   1.100000E+01   9.166667E-01      Se077                                                                                                   
        34             78              0        1.480000E+03   2.000000E+02   9.866667E-01      Se078                                                                                                   
        34             80              0        5.000000E+03   1.500000E+03   2.083333E+00      Se080                                                                                                   
        34             82              0        9.000000E+03   1.500000E+03   1.800000E+00      Se082                                                                                                   
        35             79              0        4.700000E+01   2.400000E+00   1.000000E+00      Br079                                                                                                   
        35             81              0        1.420000E+02   8.000000E+00   1.420000E+00      Br081                                                                                                   
        36             78              0        2.300000E+02   6.000000E+01   9.200000E-01      Kr078                                                                                                   
        36             80              0        3.000000E+02   6.000000E+01   1.071429E+00      Kr080                                                                                                   
        36             82              0        1.240000E+03   1.000000E+02   1.000000E+00      Kr082                                                                                                   
        36             83              0        1.380000E+02   2.000000E+01   6.900000E-01      Kr083                                                                                                   
        36             84              0        4.040000E+03   4.500000E+02   1.010000E+00      Kr084                                                                                                   
        36             86              0        2.550000E+04   2.200000E+03   8.793104E-01      Kr086                                                                                                   
        37             85              0        1.720000E+02   8.000000E+00   1.000000E+00      Rb085                                                                                                   
        37             87              0        2.030000E+03   2.100000E+02   1.245399E+00      Rb087                                                                                                   
        38             84              0        3.830000E+02   1.300000E+02   1.196875E+00      Sr084                                                                                                   
        38             86              0        2.500000E+03   3.000000E+02   9.615384E-01      Sr086                                                                                                   
        38             87              0        2.680000E+02   5.400000E+01   9.241379E-01      Sr087                                                                                                   
        38             88              0        2.500000E+04   5.000000E+03   1.054852E+00      Sr088                                                                                                   
        39             89              0        3.800000E+03   2.200000E+02   1.027027E+00      Y089                                                                                                    
        40             90              0        6.670000E+03   8.600000E+02   1.111667E+00      Zr090                                                                                                   
        40             91              0        5.360000E+02   4.800000E+01   9.745455E-01      Zr091                                                                                                   
        40             92              0        3.800000E+03   5.100000E+02   1.085714E+00      Zr092                                                                                                   
        40             93              0        2.930000E+02   7.500000E+01   9.701987E-01      Zr093                                                                                                   
        40             94              0        4.000000E+03   7.300000E+02   1.000000E+00      Zr094                                                                                                   
        40             96              0        1.280000E+04   2.000000E+03   9.846154E-01      Zr096                                                                                                   
        41             93              0        9.560000E+01   4.600000E+00   1.017021E+00      Nb093                                                                                                   
        42             92              0        2.800000E+03   4.850000E+02   1.037037E+00      Mo092                                                                                                   
        42             94              0        1.694000E+03   3.900000E+02   1.283333E+00      Mo094                                                                                                   
        42             95              0        7.730000E+01   8.300000E+00   9.543210E-01      Mo095                                                                                                   
        42             96              0        1.010000E+03   2.500000E+02   9.619048E-01      Mo096                                                                                                   
        42             97              0        5.780000E+01   8.000000E+00   9.633333E-01      Mo097                                                                                                   
        42             98              0        9.700000E+02   2.000000E+02   9.700000E-01      Mo098                                                                                                   
        42            100              0        6.170000E+02   7.000000E+01   9.951613E-01      Mo100                                                                                                   
        43             99              0        1.280000E+01   5.000000E-01   9.142857E-01      Tc099                                                                                                   
        44             99              0        2.200000E+01   2.100000E+00   8.800000E-01      Ru099                                                                                                   
        44            101              0        1.850000E+01   1.900000E+00   1.027778E+00      Ru101                                                                                                   
        45            103              0        2.980000E+01   1.700000E+00   9.312500E-01      Rh103                                                                                                   
        46            104              0        2.570000E+02   3.500000E+01   8.566667E-01      Pd104                                                                                                   
        46            105              0        1.090000E+01   5.000000E-01   1.058252E+00      Pd105                                                                                                   
        46            106              0        1.940000E+02   2.500000E+01   8.940092E-01      Pd106                                                                                                   
        46            107              0        1.060000E+01   9.000000E-01   9.636364E-01      Pd107                                                                                                   
        46            108              0        2.230000E+02   4.000000E+01   1.225275E+00      Pd108                                                                                                   
        46            110              0        3.340000E+02   4.300000E+01   1.214545E+00      Pd110                                                                                                   
        47            107              0        2.490000E+01   1.400000E+00   8.892857E-01      Ag107                                                                                                   
        47            109              0        2.560000E+01   1.500000E+00   1.422222E+00      Ag109                                                                                                   
        47            110              1        9.700000E+00   1.800000E+00   1.000000E+00      Ag110m                                                                                                  
        48            106              0        1.350000E+02   2.000000E+01   8.181818E-01      Cd106                                                                                                   
        48            108              0        1.200000E+02   3.000000E+01   1.000000E+00      Cd108                                                                                                   
        48            110              0        1.920000E+02   1.500000E+01   1.238710E+00      Cd110                                                                                                   
        48            111              0        2.690000E+01   2.100000E+00   9.962963E-01      Cd111                                                                                                   
        48            112              0        2.050000E+02   2.300000E+01   1.078947E+00      Cd112                                                                                                   
        48            113              0        2.930000E+01   2.000000E+00   1.181452E+00      Cd113                                                                                                   
        48            114              0        2.730000E+02   4.000000E+01   1.300000E+00      Cd114                                                                                                   
        48            116              0        7.040000E+02   2.700000E+02   1.000000E+00      Cd116                                                                                                   
        49            113              0        1.070000E+01   8.000000E-01   9.999999E-01      In113                                                                                                   
        49            115              0        1.040000E+01   5.000000E-01   1.094737E+00      In115                                                                                                   
        50            112              0        1.720000E+02   1.000000E+01   1.088608E+00      Sn112                                                                                                   
        50            114              0        2.400000E+02   2.000000E+01   8.391609E-01      Sn114                                                                                                   
        50            116              0        5.070000E+02   6.000000E+01   1.126667E+00      Sn116                                                                                                   
        50            117              0        6.100000E+01   7.000000E+00   1.000000E+00      Sn117                                                                                                   
        50            118              0        7.000000E+02   1.000000E+02   1.000000E+00      Sn118                                                                                                   
        50            119              0        9.500000E+01   1.400000E+01   1.055556E+00      Sn119                                                                                                   
        50            120              0        1.485000E+03   1.300000E+02   1.188000E+00      Sn120                                                                                                   
        50            122              0        2.965000E+03   1.450000E+02   1.001689E+00      Sn122                                                                                                   
        50            124              0        5.935000E+03   6.500000E+02   1.187000E+00      Sn124                                                                                                   
        51            121              0        1.040000E+01   1.100000E+00   8.000000E-01      Sb121                                                                                                   
        51            123              0        2.400000E+01   1.700000E+00   1.000000E+00      Sb123                                                                                                   
        52            122              0        1.317000E+02   1.350000E+01   9.020548E-01      Te122                                                                                                   
        52            123              0        2.230000E+01   2.800000E+00   8.884462E-01      Te123                                                                                                   
        52            124              0        2.200000E+02   3.000000E+01   1.000000E+00      Te124                                                                                                   
        52            125              0        4.000000E+01   2.800000E+00   9.302326E-01      Te125                                                                                                   
        52            126              0        6.170000E+02   1.700000E+02   9.640625E-01      Te126                                                                                                   
        52            128              0        2.250000E+03   6.560000E+02   1.490066E+00      Te128                                                                                                   
        53            127              0        1.250000E+01   1.000000E+00   8.333333E-01      I127                                                                                                    
        53            129              0        2.100000E+01   1.400000E+00   1.050000E+00      I129                                                                                                    
        54            124              0        4.300000E+01   9.000000E+00   1.000000E+00      Xe124                                                                                                   
        54            126              0        1.080000E+02   2.300000E+01   1.000000E+00      Xe126                                                                                                   
        54            128              0        2.200000E+02   5.000000E+01   8.800000E-01      Xe128                                                                                                   
        54            129              0        2.850000E+01   2.500000E+00   7.500000E-01      Xe129                                                                                                   
        54            130              0        1.740000E+02   2.800000E+01   1.000000E+00      Xe130                                                                                                   
        54            131              0        4.470000E+01   5.000000E+00   9.122449E-01      Xe131                                                                                                   
        54            132              0        7.600000E+02   5.000000E+01   1.013333E+00      Xe132                                                                                                   
        54            134              0        2.470000E+03   2.500000E+02   3.087500E+00      Xe134                                                                                                   
        55            132              0        2.000000E+01   9.000000E-01   1.000000E+00      Cs132                                                                                                   
        55            134              0        3.200000E+01   1.100000E+01   2.000000E+00      Cs134                                                                                                   
        55            135              0        4.100000E+01   4.000000E+00   8.039216E-01      Cs135                                                                                                   
        56            130              0        4.810000E+01   6.400000E+00   8.293103E-01      Ba130                                                                                                   
        56            132              0        1.100000E+02   1.700000E+01   1.000000E+00      Ba132                                                                                                   
        56            133              0        4.400000E+01   1.000000E+01   2.200000E+00      Ba133                                                                                                   
        56            134              0        3.600000E+02   4.800000E+01   9.703504E-01      Ba134                                                                                                   
        56            135              0        4.000000E+01   3.000000E+00   1.000000E+00      Ba135                                                                                                   
        56            136              0        1.500000E+03   2.250000E+02   1.239669E+00      Ba136                                                                                                   
        56            137              0        2.600000E+02   4.000000E+01   7.428572E-01      Ba137                                                                                                   
        56            138              0        1.190000E+04   2.900000E+03   6.363636E-01      Ba138                                                                                                   
        57            138              0        3.070000E+01   5.000000E+00   9.593750E-01      La138                                                                                                   
        57            139              0        2.100000E+02   1.000000E+01   9.545454E-01      La139                                                                                                   
        58            136              0        8.200000E+01   1.500000E+01   1.366667E+00      Ce136                                                                                                   
        58            138              0        1.950000E+02   2.000000E+01   1.000000E+00      Ce138                                                                                                   
        58            139              0        3.470000E+03   4.700000E+02   1.000000E+00      Ce139                                                                                                   
        58            141              0        4.600000E+01   1.500000E+01   7.076923E-01      Ce141                                                                                                   
        58            142              0        1.420000E+03   1.500000E+02   1.290909E+00      Ce142                                                                                                   
        59            141              0        1.100000E+02   6.000000E+00   1.000000E+00      Pr141                                                                                                   
        59            143              0        7.900000E+01   3.200000E+01   1.000000E+00      Pr143                                                                                                   
        60            142              0        1.035000E+03   1.350000E+02   1.004854E+00      Nd142                                                                                                   
        60            143              0        3.760000E+01   2.100000E+00   9.894736E-01      Nd143                                                                                                   
        60            144              0        4.500000E+02   5.000000E+01   1.000000E+00      Nd144                                                                                                   
        60            145              0        1.780000E+01   7.000000E-01   1.047059E+00      Nd145                                                                                                   
        60            146              0        3.460000E+02   5.000000E+01   1.017647E+00      Nd146                                                                                                   
        60            147              0        5.900000E+00   1.100000E+00   1.475000E+00      Nd147                                                                                                   
        60            148              0        1.650000E+02   1.400000E+01   1.064516E+00      Nd148                                                                                                   
        60            150              0        1.690000E+02   1.100000E+01   1.024242E+00      Nd150                                                                                                   
        61            147              0        6.180000E+00   6.400000E-01   1.188462E+00      Pm147                                                                                                   
        62            144              0        6.180000E+02   5.000000E+01   8.025974E-01      Sm144                                                                                                   
        62            147              0        6.050000E+00   5.000000E-01   1.061404E+00      Sm147                                                                                                   
        62            148              0        6.500000E+01   1.300000E+01   1.000000E+00      Sm148                                                                                                   
        62            149              0        1.950000E+00   1.900000E-01   8.125000E-01      Sm149                                                                                                   
        62            150              0        5.000000E+01   5.000000E+00   1.086957E+00      Sm150                                                                                                   
        62            151              0        1.310000E+00   9.000000E-02   9.357142E-01      Sm151                                                                                                   
        62            152              0        4.100000E+01   2.800000E+00   8.913044E-01      Sm152                                                                                                   
        62            154              0        1.120000E+02   1.500000E+01   9.824561E-01      Sm154                                                                                                   
        63            151              0        7.300000E-01   7.000000E-02   1.000000E+00      Eu151                                                                                                   
        63            152              0        4.200000E-01   1.200000E-01   7.500000E-01      Eu152                                                                                                   
        63            153              0        1.220000E+00   8.000000E-02   1.109091E+00      Eu153                                                                                                   
        63            154              0        8.900000E-01   7.000000E-02   9.673913E-01      Eu154                                                                                                   
        64            152              0        1.350000E+01   1.300000E+00   9.642857E-01      Gd152                                                                                                   
        64            153              0        3.000000E+00   6.000000E-01   1.000000E+00      Gd153                                                                                                   
        64            154              0        1.295000E+01   7.500000E-01   8.931034E-01      Gd154                                                                                                   
        64            155              0        1.500000E+00   7.000000E-02   8.823529E-01      Gd155                                                                                                   
        64            156              0        3.050000E+01   1.700000E+00   1.016667E+00      Gd156                                                                                                   
        64            157              0        4.650000E+00   3.000000E-01   9.489796E-01      Gd157                                                                                                   
        64            158              0        8.700000E+01   3.000000E+00   1.060976E+00      Gd158                                                                                                   
        64            160              0        1.890000E+02   1.900000E+01   1.050000E+00      Gd160                                                                                                   
        65            158              0        3.780000E+00   1.600000E-01   1.000000E+00      Tb158                                                                                                   
        65            159              0        3.780000E+00   1.600000E-01   9.895288E-01      Tb159                                                                                                   
        65            160              0        1.300000E+00   8.900000E-01   1.000000E+00      Tb160                                                                                                   
        65            161              0        1.300000E+00   8.900000E-01   1.000000E+00      Tb161                                                                                                   
        66            156              0        5.400000E+00   6.000000E-01   1.928571E+00      Dy156                                                                                                   
        66            160              0        2.730000E+01   1.700000E+00   1.011111E+00      Dy160                                                                                                   
        66            161              0        2.080000E+00   1.500000E-01   8.666666E-01      Dy161                                                                                                   
        66            162              0        6.650000E+01   3.600000E+00   1.072581E+00      Dy162                                                                                                   
        66            163              0        6.990000E+00   3.000000E-01   1.027941E+00      Dy163                                                                                                   
        66            164              0        1.441000E+02   9.600000E+00   9.606667E-01      Dy164                                                                                                   
        67            165              0        4.350000E+00   1.500000E-01   1.035714E+00      Ho165                                                                                                   
        68            162              0        8.100000E+00   1.150000E+00   1.173913E+00      Er162                                                                                                   
        68            164              0        1.740000E+01   3.000000E+00   8.285714E-01      Er164                                                                                                   
        68            166              0        3.620000E+01   1.800000E+00   9.526316E-01      Er166                                                                                                   
        68            167              0        3.800000E+00   2.100000E-01   9.047619E-01      Er167                                                                                                   
        68            168              0        9.460000E+01   6.600000E+00   9.460000E-01      Er168                                                                                                   
        68            170              0        1.576000E+02   1.040000E+01   1.072109E+00      Er170                                                                                                   
        69            169              0        7.280000E+00   4.300000E-01   8.564706E-01      Tm169                                                                                                   
        69            170              0        5.100000E+00   5.000000E-01   1.307692E+00      Tm170                                                                                                   
        70            166              0        5.100000E+00   5.000000E-01   1.000000E+00      Yb166                                                                                                   
        70            168              0        1.210000E+01   2.300000E+00   1.512500E+00      Yb168                                                                                                   
        70            169              0        1.480000E+00   2.800000E-01   9.250001E-01      Yb169                                                                                                   
        70            170              0        2.350000E+01   5.100000E+00   6.714286E-01      Yb170                                                                                                   
        70            171              0        6.080000E+00   4.100000E-01   8.811594E-01      Yb171                                                                                                   
        70            172              0        7.570000E+01   4.200000E+00   9.960526E-01      Yb172                                                                                                   
        70            173              0        8.060000E+00   3.600000E-01   1.074667E+00      Yb173                                                                                                   
        70            174              0        1.700000E+02   1.200000E+01   8.854167E-01      Yb174                                                                                                   
        70            176              0        2.220000E+02   1.800000E+01   9.250000E-01      Yb176                                                                                                   
        71            173              0        1.160000E+00   2.900000E-01   1.000000E+00      Lu173                                                                                                   
        71            175              0        3.450000E+00   1.500000E-01   1.000000E+00      Lu175                                                                                                   
        71            176              0        1.610000E+00   1.600000E-01   1.000000E+00      Lu176                                                                                                   
        72            174              0        1.280000E+01   1.600000E+00   7.111111E-01      Hf174                                                                                                   
        72            176              0        2.400000E+01   3.000000E+00   8.000000E-01      Hf176                                                                                                   
        72            177              0        2.320000E+00   1.700000E-01   9.666666E-01      Hf177                                                                                                   
        72            178              0        5.300000E+01   3.600000E+00   9.298246E-01      Hf178                                                                                                   
        72            178              2        9.400000E-01   6.000000E-01   1.000000E+00      Hf178n                                                                                                  
        72            179              0        4.090000E+00   3.100000E-01   8.891305E-01      Hf179                                                                                                   
        72            180              0        1.140000E+02   1.000000E+01   1.212766E+00      Hf180                                                                                                   
        73            180              1        1.020000E+00   8.000000E-02   1.000000E+00      Ta180m                                                                                                  
        73            181              0        4.170000E+00   4.000000E-02   9.928572E-01      Ta181                                                                                                   
        74            180              0        2.700000E+01   4.000000E+00   1.350000E+00      W180                                                                                                    
        74            182              0        6.340000E+01   2.700000E+00   1.056667E+00      W182                                                                                                    
        74            183              0        1.370000E+01   1.000000E+00   1.141667E+00      W183                                                                                                    
        74            184              0        8.100000E+01   5.000000E+00   1.080000E+00      W184                                                                                                    
        74            185              0        9.300000E+00   1.600000E+00   1.000000E+00      W185                                                                                                    
        74            186              0        9.300000E+01   7.000000E+00   9.393939E-01      W186                                                                                                    
        75            185              0        2.780000E+00   1.400000E-01   8.967741E-01      Re185                                                                                                   
        75            187              0        3.610000E+00   1.300000E-01   9.256411E-01      Re187                                                                                                   
        76            186              0        2.460000E+01   4.000000E-01   8.482759E-01      Os186                                                                                                   
        76            187              0        4.560000E+00   2.000000E-01   8.941176E-01      Os187                                                                                                   
        76            188              0        4.000000E+01   1.800000E+00   8.510638E-01      Os188                                                                                                   
        76            189              0        3.070000E+00   1.700000E-01   9.029411E-01      Os189                                                                                                   
        76            190              0        5.500000E+01   4.000000E+00   7.857143E-01      Os190                                                                                                   
        76            192              0        8.100000E+01   8.000000E+00   7.043478E-01      Os192                                                                                                   
        77            191              0        2.390000E+00   1.600000E-01   9.560000E-01      Ir191                                                                                                   
        77            192              0        6.400000E-01   1.000000E-01   1.280000E+00      Ir192                                                                                                   
        77            193              0        4.700000E+00   3.600000E-01   8.103448E-01      Ir193                                                                                                   
        78            192              0        3.130000E+01   1.300000E+00   9.968153E-01      Pt192                                                                                                   
        78            194              0        7.180000E+01   2.900000E+00   8.756098E-01      Pt194                                                                                                   
        78            195              0        1.700000E+01   8.000000E-01   9.444444E-01      Pt195                                                                                                   
        78            196              0        2.200000E+02   1.200000E+01   6.285715E-01      Pt196                                                                                                   
        78            198              0        3.400000E+02   4.000000E+01   1.000000E+00      Pt198                                                                                                   
        79            197              0        1.569000E+01   6.800000E-01   1.012258E+00      Au197                                                                                                   
        80            198              0        2.500000E+02   3.500000E+01   2.380952E+00      Hg198                                                                                                   
        80            199              0        8.500000E+01   1.000000E+01   1.062500E+00      Hg199                                                                                                   
        80            200              0        1.270000E+03   1.700000E+02   2.116667E+00      Hg200                                                                                                   
        80            201              0        9.000000E+01   9.000000E+00   1.000000E+00      Hg201                                                                                                   
        81            203              0        5.500000E+02   3.500000E+01   1.170213E+00      Tl203                                                                                                   
        81            205              0        2.200000E+03   3.000000E+02   5.500000E-01      Tl205                                                                                                   
        82            204              0        2.172000E+03   9.600000E+01   1.034286E+00      Pb204                                                                                                   
        82            206              0        3.710000E+04   5.500000E+03   1.236667E+00      Pb206                                                                                                   
        83            209              0        4.540000E+03   3.900000E+02   1.020225E+00      Bi209                                                                                                   
        88            226              0        2.730000E+01   3.500000E+00   8.806452E-01      Ra226                                                                                                   
        90            229              0        5.300000E-01   1.500000E-01   8.548387E-01      Th229                                                                                                   
        90            230              0        8.700000E+00   1.400000E+00   9.062499E-01      Th230                                                                                                   
        90            232              0        1.582000E+01   5.500000E-01   9.587879E-01      Th232                                                                                                   
        91            231              0        5.100000E-01   3.000000E-02   1.000000E+00      Pa231                                                                                                   
        91            232              0        4.640000E-01   4.000000E-02   1.104762E+00      Pa232                                                                                                   
        91            233              0        5.900000E-01   9.000000E-02   7.564102E-01      Pa233                                                                                                   
        92            232              0        4.600000E+00   7.000000E-01   1.000000E+00      U232                                                                                                    
        92            233              0        5.400000E-01   5.000000E-02   1.038462E+00      U233                                                                                                    
        92            234              0        1.092000E+01   4.700000E-01   9.750000E-01      U234                                                                                                    
        92            235              0        4.900000E-01   2.000000E-02   1.088889E+00      U235                                                                                                    
        92            236              0        1.470000E+01   4.400000E-01   1.050000E+00      U236                                                                                                    
        92            237              0        3.500000E+00   8.000000E-01   1.000000E+00      U237                                                                                                    
        92            238              0        2.026000E+01   7.200000E-01   9.980295E-01      U238                                                                                                    
        93            236              0        7.000000E-01   6.000000E-02   1.166667E+00      Np236                                                                                                   
        93            237              0        5.810000E-01   1.900000E-02   1.019298E+00      Np237                                                                                                   
        94            238              0        9.000000E+00   7.000000E-01   1.084337E+00      Pu238                                                                                                   
        94            239              0        2.070000E+00   7.000000E-02   9.409090E-01      Pu239                                                                                                   
        94            240              0        1.280000E+01   6.000000E-01   9.846154E-01      Pu240                                                                                                   
        94            241              0        1.050000E+00   4.000000E-02   1.129032E+00      Pu241                                                                                                   
        94            242              0        1.590000E+01   1.100000E+00   1.177778E+00      Pu242                                                                                                   
        94            244              0        1.800000E+01   3.500000E+00   9.473684E-01      Pu244                                                                                                   
        95            241              0        5.500000E-01   4.000000E-02   9.482759E-01      Am241                                                                                                   
        95            242              1        4.200000E-01   3.000000E-02   1.000000E+00      Am242m                                                                                                  
        95            243              0        6.000000E-01   6.000000E-02   8.219178E-01      Am243                                                                                                   
        96            242              0        1.030000E+01   1.900000E+00   7.357143E-01      Cm242                                                                                                   
        96            243              0        1.110000E+00   7.000000E-02   1.608696E+00      Cm243                                                                                                   
        96            244              0        1.210000E+01   9.000000E-01   1.025424E+00      Cm244                                                                                                   
        96            245              0        6.900000E-01   5.000000E-02   8.734177E-01      Cm245                                                                                                   
        96            246              0        2.700000E+01   4.000000E+00   9.000000E-01      Cm246                                                                                                   
        96            247              0        1.000000E+00   1.500000E-01   8.333333E-01      Cm247                                                                                                   
        96            248              0        2.790000E+01   2.400000E+00   9.300000E-01      Cm248                                                                                                   
        97            249              0        1.220000E+00   9.000000E-02   1.109091E+00      Bk249                                                                                                   
        98            249              0        7.600000E-01   3.000000E-02   9.999999E-01      Cf249                                                                                                   
        98            252              0        2.400000E+01   3.000000E+00   8.888889E-01      Cf252                                                                                                   
