# header:
#   title: D0 resonance data for RIPL-3
#   source: Resonancetables
#   date: 2025-05-27
# reaction:
#   type: D0
# quantity:
#   type: resonance data
# datablock:
#   columns: 7
#   entries: 300
##       Z              A            Liso           Value         dValue          Ratio         Nuclide
##      []             []             []            [eV]           [eV]            []             []
        11             23              0        1.000000E+05   2.000000E+04   1.000000E+00      Na023                                                                                                   
        12             24              0        4.800000E+05   7.000000E+04   1.000000E+00      Mg024                                                                                                   
        12             25              0        5.000000E+04   1.000000E+04   1.000000E+00      Mg025                                                                                                   
        12             26              0        2.100000E+05   8.000000E+04   1.000000E+00      Mg026                                                                                                   
        13             27              0        5.500000E+04   6.000000E+03   1.000000E+00      Al027                                                                                                   
        14             28              0        3.320000E+05   3.500000E+04   1.000000E+00      Si028                                                                                                   
        14             29              0        1.930000E+05   2.200000E+04   1.000000E+00      Si029                                                                                                   
        14             30              0        2.250000E+05   3.000000E+04   1.000000E+00      Si030                                                                                                   
        15             31              0        5.000000E+04   1.200000E+04   1.000000E+00      P031                                                                                                    
        16             32              0        1.900000E+05   6.000000E+04   1.000000E+00      S032                                                                                                    
        16             33              0        2.100000E+04   1.000000E+04   1.000000E+00      S033                                                                                                    
        16             34              0        1.100000E+05   4.000000E+04   1.000000E+00      S034                                                                                                    
        17             35              0        2.300000E+04   6.000000E+03   1.000000E+00      Cl035                                                                                                   
        17             37              0        1.500000E+04   4.000000E+03   1.000000E+00      Cl037                                                                                                   
        18             40              0        5.200000E+04   4.700000E+03   1.000000E+00      Ar040                                                                                                   
        19             39              0        1.300000E+04   3.000000E+03   1.000000E+00      K039                                                                                                    
        19             41              0        1.000000E+04   3.000000E+03   1.000000E+00      K041                                                                                                    
        20             40              0        4.500000E+04   4.000000E+03   1.000000E+00      Ca040                                                                                                   
        20             42              0        2.000000E+04   5.000000E+03   1.000000E+00      Ca042                                                                                                   
        20             43              0        1.800000E+03   3.000000E+02   1.000000E+00      Ca043                                                                                                   
        20             44              0        2.410000E+04   3.200000E+03   1.000000E+00      Ca044                                                                                                   
        21             45              0        1.300000E+03   1.000000E+02   1.000000E+00      Sc045                                                                                                   
        22             46              0        2.500000E+04   4.000000E+03   1.000000E+00      Ti046                                                                                                   
        22             47              0        1.750000E+03   2.500000E+02   1.000000E+00      Ti047                                                                                                   
        22             48              0        2.080000E+04   2.500000E+03   1.000000E+00      Ti048                                                                                                   
        22             49              0        4.000000E+03   8.000000E+02   1.000000E+00      Ti049                                                                                                   
        22             50              0        2.490000E+04   1.600000E+03   1.000000E+00      Ti050                                                                                                   
        23             50              0        2.000000E+03   1.000000E+02   1.000000E+00      V050                                                                                                    
        23             51              0        4.000000E+03   6.000000E+02   1.000000E+00      V051                                                                                                    
        24             50              0        1.250000E+04   1.200000E+03   1.000000E+00      Cr050                                                                                                   
        24             52              0        3.200000E+04   3.500000E+03   1.000000E+00      Cr052                                                                                                   
        24             53              0        6.700000E+03   6.000000E+02   1.000000E+00      Cr053                                                                                                   
        24             54              0        5.000000E+04   8.000000E+03   1.000000E+00      Cr054                                                                                                   
        25             55              0        2.300000E+03   4.000000E+02   1.000000E+00      Mn055                                                                                                   
        26             54              0        2.050000E+04   1.400000E+03   1.000000E+00      Fe054                                                                                                   
        26             56              0        2.540000E+04   2.200000E+03   1.000000E+00      Fe056                                                                                                   
        26             57              0        7.050000E+03   7.000000E+02   1.000000E+00      Fe057                                                                                                   
        26             58              0        2.160000E+04   2.600000E+03   1.000000E+00      Fe058                                                                                                   
        27             59              0        1.450000E+03   1.500000E+02   1.000000E+00      Co059                                                                                                   
        28             58              0        1.340000E+04   9.000000E+02   1.000000E+00      Ni058                                                                                                   
        28             59              0        2.000000E+03   7.000000E+02   1.000000E+00      Ni059                                                                                                   
        28             60              0        1.380000E+04   9.000000E+02   1.000000E+00      Ni060                                                                                                   
        28             61              0        2.100000E+03   1.500000E+02   1.000000E+00      Ni061                                                                                                   
        28             62              0        1.600000E+04   3.000000E+03   1.000000E+00      Ni062                                                                                                   
        28             64              0        2.360000E+04   3.000000E+03   1.000000E+00      Ni064                                                                                                   
        29             63              0        7.000000E+02   9.000000E+01   1.000000E+00      Cu063                                                                                                   
        29             65              0        1.300000E+03   1.100000E+02   1.000000E+00      Cu065                                                                                                   
        30             64              0        2.300000E+03   3.000000E+02   1.000000E+00      Zn064                                                                                                   
        30             66              0        4.620000E+03   5.500000E+02   1.000000E+00      Zn066                                                                                                   
        30             67              0        3.700000E+02   2.000000E+01   1.000000E+00      Zn067                                                                                                   
        30             68              0        5.560000E+03   4.300000E+02   1.000000E+00      Zn068                                                                                                   
        30             70              0        6.520000E+03   4.200000E+02   1.000000E+00      Zn070                                                                                                   
        31             69              0        3.160000E+02   4.100000E+01   1.000000E+00      Ga069                                                                                                   
        31             71              0        3.800000E+02   6.000000E+01   1.000000E+00      Ga071                                                                                                   
        32             70              0        1.170000E+03   2.300000E+02   1.000000E+00      Ge070                                                                                                   
        32             72              0        1.500000E+03   3.000000E+02   1.000000E+00      Ge072                                                                                                   
        32             73              0        6.200000E+01   1.500000E+01   1.000000E+00      Ge073                                                                                                   
        32             74              0        3.000000E+03   1.000000E+03   1.000000E+00      Ge074                                                                                                   
        32             76              0        4.500000E+03   1.000000E+03   1.000000E+00      Ge076                                                                                                   
        33             75              0        9.000000E+01   8.000000E+00   1.000000E+00      As075                                                                                                   
        34             74              0        3.400000E+02   8.000000E+01   1.000000E+00      Se074                                                                                                   
        34             76              0        6.500000E+02   1.000000E+02   1.000000E+00      Se076                                                                                                   
        34             77              0        1.200000E+02   1.500000E+01   1.000000E+00      Se077                                                                                                   
        34             78              0        1.500000E+03   3.000000E+02   1.000000E+00      Se078                                                                                                   
        34             80              0        2.400000E+03   8.000000E+02   1.000000E+00      Se080                                                                                                   
        34             82              0        5.000000E+03   2.500000E+03   1.000000E+00      Se082                                                                                                   
        35             79              0        4.700000E+01   5.000000E+00   1.000000E+00      Br079                                                                                                   
        35             81              0        1.000000E+02   1.500000E+01   1.000000E+00      Br081                                                                                                   
        36             78              0        2.500000E+02   8.000000E+01   1.000000E+00      Kr078                                                                                                   
        36             80              0        2.800000E+02   8.000000E+01   1.000000E+00      Kr080                                                                                                   
        36             83              0        2.000000E+02   1.000000E+02   1.000000E+00      Kr083                                                                                                   
        36             84              0        4.000000E+03   4.000000E+02   1.000000E+00      Kr084                                                                                                   
        36             86              0        2.900000E+04   1.500000E+03   1.000000E+00      Kr086                                                                                                   
        37             85              0        1.720000E+02   8.000000E+00   1.000000E+00      Rb085                                                                                                   
        37             87              0        1.630000E+03   1.500000E+02   1.000000E+00      Rb087                                                                                                   
        38             84              0        3.200000E+02   1.200000E+02   1.000000E+00      Sr084                                                                                                   
        38             86              0        2.600000E+03   8.000000E+02   1.000000E+00      Sr086                                                                                                   
        38             87              0        2.900000E+02   8.000000E+01   1.000000E+00      Sr087                                                                                                   
        38             88              0        2.370000E+04   2.900000E+03   1.000000E+00      Sr088                                                                                                   
        39             89              0        3.700000E+03   4.000000E+02   1.000000E+00      Y089                                                                                                    
        40             90              0        6.000000E+03   1.400000E+03   1.000000E+00      Zr090                                                                                                   
        40             91              0        5.500000E+02   1.000000E+02   1.000000E+00      Zr091                                                                                                   
        40             92              0        3.500000E+03   8.000000E+02   1.000000E+00      Zr092                                                                                                   
        40             93              0        3.020000E+02   7.500000E+01   1.000000E+00      Zr093                                                                                                   
        40             94              0        4.000000E+03   8.000000E+02   1.000000E+00      Zr094                                                                                                   
        40             96              0        1.300000E+04   3.000000E+03   1.000000E+00      Zr096                                                                                                   
        41             93              0        9.400000E+01   1.000000E+01   1.000000E+00      Nb093                                                                                                   
        42             92              0        2.700000E+03   5.000000E+02   1.000000E+00      Mo092                                                                                                   
        42             94              0        1.320000E+03   1.800000E+02   1.000000E+00      Mo094                                                                                                   
        42             95              0        8.100000E+01   1.400000E+01   1.000000E+00      Mo095                                                                                                   
        42             96              0        1.050000E+03   2.000000E+02   1.000000E+00      Mo096                                                                                                   
        42             97              0        6.000000E+01   1.000000E+01   1.000000E+00      Mo097                                                                                                   
        42             98              0        1.000000E+03   2.000000E+02   1.000000E+00      Mo098                                                                                                   
        42            100              0        6.200000E+02   1.000000E+02   1.000000E+00      Mo100                                                                                                   
        43             99              0        1.400000E+01   1.200000E+00   1.000000E+00      Tc099                                                                                                   
        44             99              0        2.500000E+01   4.000000E+00   1.000000E+00      Ru099                                                                                                   
        44            100              0        3.450000E+02   6.000000E+01   1.000000E+00      Ru100                                                                                                   
        44            101              0        1.800000E+01   3.000000E+00   1.000000E+00      Ru101                                                                                                   
        44            102              0        2.800000E+02   5.000000E+01   1.000000E+00      Ru102                                                                                                   
        44            104              0        3.200000E+02   6.500000E+01   1.000000E+00      Ru104                                                                                                   
        45            103              0        3.200000E+01   4.000000E+00   1.000000E+00      Rh103                                                                                                   
        46            104              0        3.000000E+02   6.000000E+01   1.000000E+00      Pd104                                                                                                   
        46            105              0        1.030000E+01   5.000000E-01   1.000000E+00      Pd105                                                                                                   
        46            106              0        2.170000E+02   6.000000E+01   1.000000E+00      Pd106                                                                                                   
        46            107              0        1.100000E+01   8.000000E-01   1.000000E+00      Pd107                                                                                                   
        46            108              0        1.820000E+02   3.300000E+01   1.000000E+00      Pd108                                                                                                   
        46            110              0        2.750000E+02   8.000000E+01   1.000000E+00      Pd110                                                                                                   
        47            107              0        2.800000E+01   2.000000E+00   1.000000E+00      Ag107                                                                                                   
        47            109              0        1.800000E+01   1.000000E+00   1.000000E+00      Ag109                                                                                                   
        48            106              0        1.650000E+02   3.500000E+01   1.000000E+00      Cd106                                                                                                   
        48            108              0        1.200000E+02   3.000000E+01   1.000000E+00      Cd108                                                                                                   
        48            110              0        1.550000E+02   2.000000E+01   1.000000E+00      Cd110                                                                                                   
        48            111              0        2.700000E+01   2.000000E+00   1.000000E+00      Cd111                                                                                                   
        48            112              0        1.900000E+02   2.500000E+01   1.000000E+00      Cd112                                                                                                   
        48            113              0        2.480000E+01   2.600000E+00   9.999999E-01      Cd113                                                                                                   
        48            114              0        2.100000E+02   2.000000E+01   1.000000E+00      Cd114                                                                                                   
        48            116              0        7.040000E+02   2.700000E+02   1.000000E+00      Cd116                                                                                                   
        49            113              0        1.070000E+01   8.000000E-01   9.999999E-01      In113                                                                                                   
        49            115              0        9.500000E+00   5.000000E-01   1.000000E+00      In115                                                                                                   
        50            112              0        1.580000E+02   4.700000E+01   1.000000E+00      Sn112                                                                                                   
        50            114              0        2.860000E+02   1.100000E+02   1.000000E+00      Sn114                                                                                                   
        50            116              0        4.500000E+02   5.000000E+01   1.000000E+00      Sn116                                                                                                   
        50            117              0        6.100000E+01   7.000000E+00   1.000000E+00      Sn117                                                                                                   
        50            118              0        7.000000E+02   1.500000E+01   1.000000E+00      Sn118                                                                                                   
        50            119              0        9.000000E+01   2.000000E+01   1.000000E+00      Sn119                                                                                                   
        50            120              0        1.250000E+03   2.000000E+02   1.000000E+00      Sn120                                                                                                   
        50            122              0        2.960000E+03   1.500000E+02   1.000000E+00      Sn122                                                                                                   
        50            124              0        5.000000E+03   1.000000E+03   1.000000E+00      Sn124                                                                                                   
        51            121              0        1.300000E+01   2.000000E+00   1.000000E+00      Sb121                                                                                                   
        51            123              0        2.400000E+01   3.000000E+00   1.000000E+00      Sb123                                                                                                   
        52            122              0        1.460000E+02   1.400000E+01   1.000000E+00      Te122                                                                                                   
        52            123              0        2.510000E+01   2.800000E+00   1.000000E+00      Te123                                                                                                   
        52            124              0        2.200000E+02   3.000000E+01   1.000000E+00      Te124                                                                                                   
        52            125              0        4.300000E+01   3.000000E+00   1.000000E+00      Te125                                                                                                   
        52            126              0        6.400000E+02   1.700000E+02   1.000000E+00      Te126                                                                                                   
        52            128              0        1.510000E+03   3.700000E+02   1.000000E+00      Te128                                                                                                   
        52            130              0        1.500000E+03   5.000000E+02   1.000000E+00      Te130                                                                                                   
        53            127              0        1.500000E+01   2.000000E+00   1.000000E+00      I127                                                                                                    
        53            129              0        2.000000E+01   3.000000E+00   1.000000E+00      I129                                                                                                    
        54            128              0        2.500000E+02   1.000000E+02   1.000000E+00      Xe128                                                                                                   
        54            129              0        3.800000E+01   5.000000E+00   1.000000E+00      Xe129                                                                                                   
        54            130              0        1.740000E+02   2.800000E+01   1.000000E+00      Xe130                                                                                                   
        54            131              0        4.900000E+01   8.000000E+00   1.000000E+00      Xe131                                                                                                   
        54            132              0        7.500000E+02   2.300000E+02   1.000000E+00      Xe132                                                                                                   
        54            134              0        8.000000E+02   4.000000E+02   1.000000E+00      Xe134                                                                                                   
        54            136              0        2.880000E+04   2.700000E+03   1.000000E+00      Xe136                                                                                                   
        55            133              0        2.100000E+01   2.000000E+00   1.000000E+00      Cs133                                                                                                   
        55            134              0        1.600000E+01   3.000000E+00   1.000000E+00      Cs134                                                                                                   
        55            135              0        5.100000E+01   2.600000E+01   1.000000E+00      Cs135                                                                                                   
        56            130              0        5.800000E+01   1.000000E+01   1.000000E+00      Ba130                                                                                                   
        56            132              0        1.100000E+02   3.500000E+01   1.000000E+00      Ba132                                                                                                   
        56            133              0        2.000000E+01   8.000000E+00   1.000000E+00      Ba133                                                                                                   
        56            134              0        3.710000E+02   3.600000E+01   1.000000E+00      Ba134                                                                                                   
        56            135              0        4.000000E+01   6.000000E+00   1.000000E+00      Ba135                                                                                                   
        56            136              0        1.210000E+03   1.190000E+02   1.000000E+00      Ba136                                                                                                   
        56            137              0        3.500000E+02   5.000000E+01   1.000000E+00      Ba137                                                                                                   
        56            138              0        1.870000E+04   2.900000E+03   1.000000E+00      Ba138                                                                                                   
        57            138              0        3.200000E+01   6.000000E+00   1.000000E+00      La138                                                                                                   
        57            139              0        2.200000E+02   2.000000E+01   1.000000E+00      La139                                                                                                   
        58            136              0        6.000000E+01   2.000000E+01   1.000000E+00      Ce136                                                                                                   
        58            140              0        3.100000E+03   5.000000E+02   1.000000E+00      Ce140                                                                                                   
        58            141              0        6.500000E+01   2.000000E+01   1.000000E+00      Ce141                                                                                                   
        58            142              0        1.100000E+03   3.000000E+02   1.000000E+00      Ce142                                                                                                   
        59            141              0        1.100000E+02   2.000000E+01   1.000000E+00      Pr141                                                                                                   
        60            142              0        1.030000E+03   1.350000E+02   1.000000E+00      Nd142                                                                                                   
        60            143              0        3.800000E+01   2.000000E+00   1.000000E+00      Nd143                                                                                                   
        60            144              0        4.500000E+02   5.000000E+01   1.000000E+00      Nd144                                                                                                   
        60            145              0        1.700000E+01   2.000000E+00   1.000000E+00      Nd145                                                                                                   
        60            146              0        3.400000E+02   5.000000E+01   1.000000E+00      Nd146                                                                                                   
        60            147              0        4.000000E+00   1.500000E+00   1.000000E+00      Nd147                                                                                                   
        60            148              0        1.550000E+02   2.000000E+01   1.000000E+00      Nd148                                                                                                   
        60            150              0        1.650000E+02   1.500000E+01   1.000000E+00      Nd150                                                                                                   
        61            147              0        5.200000E+00   1.200000E+00   1.000000E+00      Pm147                                                                                                   
        62            144              0        7.700000E+02   4.500000E+01   1.000000E+00      Sm144                                                                                                   
        62            147              0        5.700000E+00   5.000000E-01   9.999999E-01      Sm147                                                                                                   
        62            148              0        6.500000E+01   2.000000E+01   1.000000E+00      Sm148                                                                                                   
        62            149              0        2.400000E+00   2.000000E-01   1.000000E+00      Sm149                                                                                                   
        62            150              0        4.600000E+01   8.000000E+00   1.000000E+00      Sm150                                                                                                   
        62            151              0        1.400000E+00   1.500000E-01   1.000000E+00      Sm151                                                                                                   
        62            152              0        4.600000E+01   3.000000E+00   1.000000E+00      Sm152                                                                                                   
        62            154              0        1.140000E+02   1.500000E+01   1.000000E+00      Sm154                                                                                                   
        63            151              0        7.300000E-01   7.000000E-02   1.000000E+00      Eu151                                                                                                   
        63            152              0        5.600000E-01   2.000000E-01   1.000000E+00      Eu152                                                                                                   
        63            153              0        1.100000E+00   2.000000E-01   1.000000E+00      Eu153                                                                                                   
        63            154              0        9.200000E-01   1.200000E-01   1.000000E+00      Eu154                                                                                                   
        63            155              0        4.300000E+00   1.500000E+00   1.000000E+00      Eu155                                                                                                   
        64            152              0        1.400000E+01   3.000000E+00   1.000000E+00      Gd152                                                                                                   
        64            153              0        3.000000E+00   6.000000E-01   1.000000E+00      Gd153                                                                                                   
        64            154              0        1.450000E+01   1.500000E+00   1.000000E+00      Gd154                                                                                                   
        64            155              0        1.700000E+00   2.000000E-01   1.000000E+00      Gd155                                                                                                   
        64            156              0        3.000000E+01   6.000000E+00   1.000000E+00      Gd156                                                                                                   
        64            157              0        4.900000E+00   5.000000E-01   1.000000E+00      Gd157                                                                                                   
        64            158              0        8.200000E+01   6.000000E+00   1.000000E+00      Gd158                                                                                                   
        64            160              0        1.800000E+02   2.000000E+01   1.000000E+00      Gd160                                                                                                   
        65            159              0        3.820000E+00   2.400000E+00   1.000000E+00      Tb159                                                                                                   
        66            156              0        2.800000E+00   6.000000E-01   1.000000E+00      Dy156                                                                                                   
        66            158              0        2.200000E+01   1.100000E+01   1.000000E+00      Dy158                                                                                                   
        66            160              0        2.700000E+01   5.000000E+00   1.000000E+00      Dy160                                                                                                   
        66            161              0        2.400000E+00   2.000000E-01   1.000000E+00      Dy161                                                                                                   
        66            162              0        6.200000E+01   5.000000E+00   1.000000E+00      Dy162                                                                                                   
        66            163              0        6.800000E+00   6.000000E-01   1.000000E+00      Dy163                                                                                                   
        66            164              0        1.500000E+02   1.000000E+01   1.000000E+00      Dy164                                                                                                   
        67            165              0        4.200000E+00   5.000000E-01   1.000000E+00      Ho165                                                                                                   
        68            162              0        6.900000E+00   1.200000E+00   1.000000E+00      Er162                                                                                                   
        68            164              0        2.100000E+01   4.000000E+00   1.000000E+00      Er164                                                                                                   
        68            166              0        3.800000E+01   3.000000E+00   1.000000E+00      Er166                                                                                                   
        68            167              0        4.200000E+00   3.000000E-01   1.000000E+00      Er167                                                                                                   
        68            168              0        1.000000E+02   1.000000E+01   1.000000E+00      Er168                                                                                                   
        68            170              0        1.470000E+02   2.000000E+01   1.000000E+00      Er170                                                                                                   
        69            169              0        8.500000E+00   7.000000E-01   1.000000E+00      Tm169                                                                                                   
        69            170              0        3.900000E+00   1.000000E+00   1.000000E+00      Tm170                                                                                                   
        70            168              0        8.000000E+00   3.000000E+00   1.000000E+00      Yb168                                                                                                   
        70            169              0        1.600000E+00   4.000000E-01   1.000000E+00      Yb169                                                                                                   
        70            170              0        3.500000E+01   6.000000E+00   1.000000E+00      Yb170                                                                                                   
        70            171              0        6.900000E+00   5.000000E-01   1.000000E+00      Yb171                                                                                                   
        70            172              0        7.600000E+01   5.000000E+00   1.000000E+00      Yb172                                                                                                   
        70            173              0        7.500000E+00   5.000000E-01   1.000000E+00      Yb173                                                                                                   
        70            174              0        1.920000E+02   1.800000E+01   1.000000E+00      Yb174                                                                                                   
        70            176              0        2.400000E+02   2.000000E+01   1.000000E+00      Yb176                                                                                                   
        71            175              0        3.450000E+00   1.500000E-01   1.000000E+00      Lu175                                                                                                   
        71            176              0        1.610000E+00   1.600000E-01   1.000000E+00      Lu176                                                                                                   
        72            174              0        1.800000E+01   5.000000E+00   1.000000E+00      Hf174                                                                                                   
        72            176              0        3.000000E+01   7.000000E+00   1.000000E+00      Hf176                                                                                                   
        72            177              0        2.400000E+00   3.000000E-01   1.000000E+00      Hf177                                                                                                   
        72            178              0        5.700000E+01   6.000000E+00   1.000000E+00      Hf178                                                                                                   
        72            179              0        4.600000E+00   3.000000E-01   1.000000E+00      Hf179                                                                                                   
        72            180              0        9.400000E+01   1.500000E+01   1.000000E+00      Hf180                                                                                                   
        73            180              0        1.200000E+00   2.000000E-01   1.000000E+00      Ta180                                                                                                   
        73            181              0        4.200000E+00   3.000000E-01   1.000000E+00      Ta181                                                                                                   
        73            182              0        3.500000E+00   7.000000E-01   1.000000E+00      Ta182                                                                                                   
        74            180              0        2.000000E+01   7.000000E+00   1.000000E+00      W180                                                                                                    
        74            182              0        6.000000E+01   6.000000E+00   1.000000E+00      W182                                                                                                    
        74            183              0        1.200000E+01   1.000000E+00   1.000000E+00      W183                                                                                                    
        74            184              0        7.500000E+01   7.000000E+00   1.000000E+00      W184                                                                                                    
        74            186              0        9.900000E+01   8.000000E+00   1.000000E+00      W186                                                                                                    
        75            185              0        3.100000E+00   3.000000E-01   9.999999E-01      Re185                                                                                                   
        75            187              0        3.900000E+00   3.000000E-01   1.000000E+00      Re187                                                                                                   
        76            186              0        2.900000E+01   2.000000E+00   1.000000E+00      Os186                                                                                                   
        76            187              0        5.100000E+00   2.000000E-01   9.999999E-01      Os187                                                                                                   
        76            188              0        4.700000E+01   4.000000E+00   1.000000E+00      Os188                                                                                                   
        76            189              0        3.400000E+00   4.000000E-01   1.000000E+00      Os189                                                                                                   
        76            190              0        7.000000E+01   4.000000E+01   1.000000E+00      Os190                                                                                                   
        76            192              0        1.150000E+02   6.000000E+01   1.000000E+00      Os192                                                                                                   
        77            191              0        2.500000E+00   3.000000E-01   1.000000E+00      Ir191                                                                                                   
        77            192              0        5.000000E-01   2.000000E-01   1.000000E+00      Ir192                                                                                                   
        77            193              0        5.800000E+00   5.000000E-01   1.000000E+00      Ir193                                                                                                   
        78            192              0        3.140000E+01   1.300000E+00   1.000000E+00      Pt192                                                                                                   
        78            194              0        8.200000E+01   1.000000E+01   1.000000E+00      Pt194                                                                                                   
        78            195              0        1.800000E+01   3.000000E+00   1.000000E+00      Pt195                                                                                                   
        78            196              0        3.500000E+02   1.000000E+02   1.000000E+00      Pt196                                                                                                   
        78            198              0        3.400000E+02   9.000000E+01   1.000000E+00      Pt198                                                                                                   
        79            197              0        1.550000E+01   8.000000E-01   1.000000E+00      Au197                                                                                                   
        80            198              0        1.050000E+02   3.500000E+01   1.000000E+00      Hg198                                                                                                   
        80            199              0        8.000000E+01   3.000000E+01   1.000000E+00      Hg199                                                                                                   
        80            200              0        6.000000E+02   1.500000E+02   1.000000E+00      Hg200                                                                                                   
        80            201              0        9.000000E+01   3.000000E+01   1.000000E+00      Hg201                                                                                                   
        81            203              0        4.700000E+02   5.000000E+01   1.000000E+00      Tl203                                                                                                   
        81            205              0        4.000000E+03   4.000000E+02   1.000000E+00      Tl205                                                                                                   
        82            204              0        2.100000E+03   2.000000E+02   1.000000E+00      Pb204                                                                                                   
        82            206              0        3.000000E+04   6.000000E+03   1.000000E+00      Pb206                                                                                                   
        82            207              0        3.000000E+04   8.000000E+03   1.000000E+00      Pb207                                                                                                   
        82            208              0        9.000000E+04   1.500000E+04   1.000000E+00      Pb208                                                                                                   
        83            209              0        4.450000E+03   4.000000E+02   1.000000E+00      Bi209                                                                                                   
        88            226              0        3.100000E+01   6.000000E+00   1.000000E+00      Ra226                                                                                                   
        90            228              0        5.000000E+00   3.000000E+00   1.000000E+00      Th228                                                                                                   
        90            229              0        6.200000E-01   1.200000E-01   1.000000E+00      Th229                                                                                                   
        90            230              0        9.600000E+00   1.500000E+00   1.000000E+00      Th230                                                                                                   
        90            232              0        1.650000E+01   4.000000E-01   1.000000E+00      Th232                                                                                                   
        91            231              0        5.100000E-01   3.000000E-02   1.000000E+00      Pa231                                                                                                   
        91            232              0        4.200000E-01   8.000000E-02   1.000000E+00      Pa232                                                                                                   
        91            233              0        7.800000E-01   9.999999E-02   9.999999E-01      Pa233                                                                                                   
        92            232              0        4.600000E+00   5.000000E-01   1.000000E+00      U232                                                                                                    
        92            233              0        5.200000E-01   2.000000E-02   1.000000E+00      U233                                                                                                    
        92            234              0        1.120000E+01   8.000000E-01   1.000000E+00      U234                                                                                                    
        92            235              0        4.500000E-01   3.000000E-02   1.000000E+00      U235                                                                                                    
        92            236              0        1.400000E+01   1.000000E+00   1.000000E+00      U236                                                                                                    
        92            237              0        3.500000E+00   8.000000E-01   1.000000E+00      U237                                                                                                    
        92            238              0        2.030000E+01   6.000000E-01   9.999999E-01      U238                                                                                                    
        93            236              0        6.000000E-01   6.000000E-02   1.000000E+00      Np236                                                                                                   
        93            237              0        5.700000E-01   3.000000E-02   1.000000E+00      Np237                                                                                                   
        93            238              0        4.100000E-01   9.999999E-02   1.000000E+00      Np238                                                                                                   
        94            238              0        8.300000E+00   5.000000E-01   1.000000E+00      Pu238                                                                                                   
        94            239              0        2.200000E+00   9.000000E-02   1.000000E+00      Pu239                                                                                                   
        94            240              0        1.300000E+01   5.000000E-01   1.000000E+00      Pu240                                                                                                   
        94            241              0        9.300000E-01   8.000000E-02   1.000000E+00      Pu241                                                                                                   
        94            242              0        1.350000E+01   1.500000E+00   1.000000E+00      Pu242                                                                                                   
        94            244              0        1.900000E+01   3.000000E+00   1.000000E+00      Pu244                                                                                                   
        95            241              0        5.800000E-01   4.000000E-02   1.000000E+00      Am241                                                                                                   
        95            242              0        2.700000E-01   3.000000E-02   1.000000E+00      Am242                                                                                                   
        95            243              0        7.300000E-01   6.000000E-02   1.000000E+00      Am243                                                                                                   
        96            242              0        1.400000E+01   3.000000E+00   1.000000E+00      Cm242                                                                                                   
        96            243              0        6.900000E-01   5.000000E-02   1.000000E+00      Cm243                                                                                                   
        96            244              0        1.180000E+01   1.200000E+00   1.000000E+00      Cm244                                                                                                   
        96            245              0        7.900000E-01   5.000000E-02   1.000000E+00      Cm245                                                                                                   
        96            246              0        3.000000E+01   5.000000E+00   1.000000E+00      Cm246                                                                                                   
        96            247              0        1.200000E+00   3.000000E-01   1.000000E+00      Cm247                                                                                                   
        96            248              0        3.000000E+01   5.000000E+00   1.000000E+00      Cm248                                                                                                   
        97            249              0        1.100000E+00   9.999999E-02   1.000000E+00      Bk249                                                                                                   
        98            249              0        7.600001E-01   9.999999E-02   1.000000E+00      Cf249                                                                                                   
        98            252              0        2.700000E+01   3.000000E+00   1.000000E+00      Cf252                                                                                                   
