# header: 
#   title: D0 resonance data
#   source: Resonancetables
#   date: 2025-12-18
# reaction: 
#   type: D0
# quantity: 
#   type: resonance data
# datablock: 
#   columns: 12
#   entries: 346
##       Z              A            Liso           Value         dValue        Reference   Rel. dev. comp. Rel. dev. NDL Rel. dev. EXFOR Rel. dev. all  #Experiments      Nuclide
##      []             []             []            [eV]           [eV]            []             [%]            [%]            [%]            [%]            []             []
         9             19              0        1.600000E+05   4.000000E+04  RIPL-2                0.00           0.00           0.00          78.55           1           F019  
        11             23              0        1.000000E+05   2.000000E+04  RIPL-3               11.10          19.72           0.00          57.72           1           Na023 
        12              0              0        1.000000E+05   0.000000E+00  J.B.Garg              0.00           0.00           0.00           0.00           1           Mg000 
        12             24              0        4.800000E+05   7.000000E+04  RIPL-3                1.05           0.00           0.00           1.05           0           Mg024 
        12             25              0        5.000000E+04   1.000000E+04  RIPL-3                7.53           2.01           0.00          15.74           0           Mg025 
        12             26              0        2.100000E+05   8.000000E+04  RIPL-3               10.64          23.46           0.00          18.80           0           Mg026 
        13             27              0        5.500000E+04   6.000000E+03  RIPL-3                8.47           3.03           0.00          12.31           1           Al027 
        14              0              0        1.800000E+03   0.000000E+00  K.Tsukada             0.00           0.00          41.18          41.18           2           Si000 
        14             28              0        3.320000E+05   3.500000E+04  RIPL-3               21.61           0.00           0.00          17.44           2           Si028 
        14             29              0        1.930000E+05   2.200000E+04  RIPL-3               28.91           0.00           0.00          25.38           0           Si029 
        14             30              0        2.250000E+05   3.000000E+04  RIPL-3                0.00           0.00           0.00          46.74           0           Si030 
        15             31              0        5.000000E+04   1.200000E+04  RIPL-3               18.04          65.97           0.00         121.20           1           P031  
        16              0              0        5.000000E+04   0.000000E+00  J.B.Garg              0.00           0.00         136.98         136.98           3           S000  
        16             32              0        1.900000E+05   6.000000E+04  RIPL-3                9.75         100.23          35.02          76.75           6           S032  
        16             33              0        2.100000E+04   1.000000E+04  RIPL-3               12.50          25.74          57.08          37.45           2           S033  
        16             34              0        1.100000E+05   4.000000E+04  RIPL-3               30.07           0.00           0.00          26.03           1           S034  
        17              0              0        3.500000E+03   0.000000E+00  J.B.Garg              0.00           0.00         137.27         137.27           3           Cl000 
        17             35              0        2.300000E+04   6.000000E+03  RIPL-3                1.45           0.00           0.00          11.84           0           Cl035 
        17             37              0        1.500000E+04   4.000000E+03  RIPL-3                0.00           0.00           0.00          37.22           0           Cl037 
        18             40              0        5.200000E+04   4.700000E+03  RIPL-3               14.82           1.48          27.94          17.42           2           Ar040 
        19              0              0        2.500000E+03   0.000000E+00  J.B.Garg              0.00           0.00           0.00           0.00           1           K000  
        19             39              0        1.300000E+04   3.000000E+03  RIPL-3               24.53          20.78           0.00          25.21           0           K039  
        19             40              0        8.400000E+02   9.000000E+01  Mughabghab-2018       0.00          27.23           0.00          34.96           1           K040  
        19             41              0        1.000000E+04   3.000000E+03  RIPL-3               20.00           8.28           0.00          26.19           0           K041  
        20             40              0        4.500000E+04   4.000000E+03  RIPL-3               14.30           4.12          10.52          10.46           4           Ca040 
        20             42              0        2.000000E+04   5.000000E+03  RIPL-3               13.14           5.88           0.00          28.33           1           Ca042 
        20             43              0        1.800000E+03   3.000000E+02  RIPL-3                8.32           5.82           0.00           9.26           1           Ca043 
        20             44              0        2.410000E+04   3.200000E+03  RIPL-3                3.06          19.05           0.00          18.73           1           Ca044 
        21             45              0        1.300000E+03   1.000000E+02  RIPL-3               10.52           0.40          27.33          22.22           4           Sc045 
        22             46              0        2.500000E+04   4.000000E+03  RIPL-3               10.10           3.78           4.76          15.09           2           Ti046 
        22             47              0        1.750000E+03   2.500000E+02  RIPL-3                3.03          11.12          38.81          29.58           5           Ti047 
        22             48              0        2.080000E+04   2.500000E+03  RIPL-3                5.90           0.00           2.70          19.49           2           Ti048 
        22             49              0        4.000000E+03   8.000000E+02  RIPL-3                5.87           8.71          38.67          45.85           7           Ti049 
        22             50              0        2.490000E+04   1.600000E+03  RIPL-3               51.50          52.00           0.00          62.01           1           Ti050 
        23             49              0        1.760000E+03   1.800000E+02  Mughabghab-2018       0.00          13.44           0.00          32.74           0           V049  
        23             50              0        2.000000E+03   1.000000E+02  RIPL-3               10.94           1.78           0.00          16.54           0           V050  
        23             51              0        4.000000E+03   6.000000E+02  RIPL-3                1.55           3.20          50.65          61.21          11           V051  
        24             50              0        1.250000E+04   1.200000E+03  RIPL-3                4.62          16.87          15.11          16.06           2           Cr050 
        24             52              0        3.200000E+04   3.500000E+03  RIPL-3               13.16          30.48          41.51          36.26          14           Cr052 
        24             53              0        6.700000E+03   6.000000E+02  RIPL-3               11.08          17.28          55.46          55.04           8           Cr053 
        24             54              0        5.000000E+04   8.000000E+03  RIPL-3               19.03           9.61           3.63          13.08           2           Cr054 
        25             55              0        2.300000E+03   4.000000E+02  RIPL-3                2.42           8.33          17.30          21.81           6           Mn055 
        26             54              0        2.050000E+04   1.400000E+03  RIPL-3               11.34          21.80          55.96          34.58           3           Fe054 
        26             56              0        2.540000E+04   2.200000E+03  RIPL-3                6.60           0.00          43.88          25.28           4           Fe056 
        26             57              0        7.050000E+03   7.000000E+02  RIPL-3                3.78          26.92          56.78          68.40           6           Fe057 
        26             58              0        2.160000E+04   2.600000E+03  RIPL-3                9.97           3.13           0.00          10.04           1           Fe058 
        27             59              0        1.450000E+03   1.500000E+02  RIPL-3                6.15          12.06          27.70          32.15           3           Co059 
        28             58              0        1.340000E+04   9.000000E+02  RIPL-3                1.71           0.06          40.18          27.63           6           Ni058 
        28             59              0        2.000000E+03   7.000000E+02  RIPL-3                0.00         121.87           0.00         132.09           0           Ni059 
        28             60              0        1.380000E+04   9.000000E+02  RIPL-3                2.35           5.61          39.17          24.37           5           Ni060 
        28             61              0        2.100000E+03   1.500000E+02  RIPL-3                9.59           9.11          39.80          24.92           5           Ni061 
        28             62              0        1.600000E+04   3.000000E+03  RIPL-3                1.17           1.77           3.45          21.16           2           Ni062 
        28             63              0        4.400000E+03   8.000000E+02  Mughabghab-2018       0.00          32.98           0.00          30.75           0           Ni063 
        28             64              0        2.360000E+04   3.000000E+03  RIPL-3                7.70           4.75           0.00           8.71           0           Ni064 
        29              0              0        3.000000E+04   1.800000E+04  S.P.Kapchigashe       0.00           0.00           0.00           0.00           1           Cu000 
        29             63              0        7.000000E+02   9.000000E+01  RIPL-3               14.29           5.50          43.85          74.44           4           Cu063 
        29             65              0        1.300000E+03   1.100000E+02  RIPL-3                7.55           4.96          44.87          70.91           4           Cu065 
        30             64              0        2.300000E+03   3.000000E+02  RIPL-3               17.89           2.72           0.00          13.95           0           Zn064 
        30             66              0        4.620000E+03   5.500000E+02  RIPL-3                0.81           8.75           0.00           7.07           1           Zn066 
        30             67              0        3.700000E+02   2.000000E+01  RIPL-3                3.93          22.40           0.00          23.67           0           Zn067 
        30             68              0        5.560000E+03   4.300000E+02  RIPL-3               16.84           0.00           0.00          12.56           1           Zn068 
        30             70              0        6.520000E+03   4.200000E+02  RIPL-3                7.47           7.42           0.00           7.44           0           Zn070 
        31              0              0        2.900000E+03   8.000000E+02  S.P.Kapchigashe       0.00           0.00           0.00           0.00           1           Ga000 
        31             69              0        3.160000E+02   4.100000E+01  RIPL-3               18.64           7.52           0.00          19.84           1           Ga069 
        31             71              0        3.800000E+02   6.000000E+01  RIPL-3               26.52          13.01           0.00          18.83           1           Ga071 
        32             70              0        1.170000E+03   2.300000E+02  RIPL-3               12.26          10.08          21.39          23.21           3           Ge070 
        32             72              0        1.500000E+03   3.000000E+02  RIPL-3               10.46          49.19           7.46          39.34           2           Ge072 
        32             73              0        6.200000E+01   1.500000E+01  RIPL-3                1.46          36.14          27.50          49.79           3           Ge073 
        32             74              0        3.000000E+03   1.000000E+03  RIPL-3                0.00          71.09           0.00          52.63           1           Ge074 
        32             76              0        4.500000E+03   1.000000E+03  RIPL-3                9.74          21.69           4.55          17.26           2           Ge076 
        33             75              0        9.000000E+01   8.000000E+00  RIPL-3                6.99          50.06          90.77         191.77           2           As075 
        34             74              0        3.400000E+02   8.000000E+01  RIPL-3                5.77          30.96           0.00          27.47           1           Se074 
        34             76              0        6.500000E+02   1.000000E+02  RIPL-3                6.05           0.00           0.00          12.52           1           Se076 
        34             77              0        1.200000E+02   1.500000E+01  RIPL-3                4.16          35.66           0.00          26.22           1           Se077 
        34             78              0        1.500000E+03   3.000000E+02  RIPL-3               14.49          30.18          16.67          35.60           2           Se078 
        34             80              0        2.400000E+03   8.000000E+02  RIPL-3               42.45           6.15           0.00          36.25           1           Se080 
        34             82              0        5.000000E+03   2.500000E+03  RIPL-3               29.77          32.48           0.00          33.63           0           Se082 
        35              0              0        5.100000E+02   8.000000E+01  S.P.Kapchigashe       0.00           0.00          85.45          85.45           2           Br000 
        35             79              0        4.700000E+01   5.000000E+00  RIPL-3                0.00          42.13           0.00          30.42           1           Br079 
        35             81              0        1.000000E+02   1.500000E+01  RIPL-3               16.19          36.39           0.00          43.50           1           Br081 
        36             78              0        2.500000E+02   8.000000E+01  RIPL-3                3.87          25.32           0.00          25.10           0           Kr078 
        36             80              0        2.800000E+02   8.000000E+01  RIPL-3                3.29          27.74           0.00          28.67           0           Kr080 
        36             82              0        1.240000E+03   1.000000E+02  Mughabghab-2018       0.00           0.30           0.00          20.24           0           Kr082 
        36             83              0        2.000000E+02   1.000000E+02  RIPL-3               16.30          30.43           0.00          28.74           0           Kr083 
        36             84              0        4.000000E+03   4.000000E+02  RIPL-3               47.25          68.93           0.00          60.84           0           Kr084 
        36             86              0        2.900000E+04   1.500000E+03  RIPL-3                6.42           7.24           0.00          13.04           0           Kr086 
        37              0              0        2.300000E+03   7.000000E+02  S.P.Kapchigashe       0.00           0.00           0.00           0.00           1           Rb000 
        37             85              0        1.720000E+02   8.000000E+00  RIPL-3                0.55          17.42          91.84         132.15           4           Rb085 
        37             87              0        1.630000E+03   1.500000E+02  RIPL-3                9.01          50.93          11.11          47.19           2           Rb087 
        38             84              0        3.200000E+02   1.200000E+02  RIPL-3                8.71          46.24           0.00          31.77           1           Sr084 
        38             86              0        2.600000E+03   8.000000E+02  RIPL-3                1.84          75.36          31.61          52.09           3           Sr086 
        38             87              0        2.900000E+02   8.000000E+01  RIPL-3                3.67           9.67          15.91          48.29           2           Sr087 
        38             88              0        2.370000E+04   2.900000E+03  RIPL-3                2.54           0.00          66.23          36.59           4           Sr088 
        39             89              0        3.700000E+03   4.000000E+02  RIPL-3                1.26          13.15         147.26         133.30           6           Y089  
        40             90              0        6.000000E+03   1.400000E+03  RIPL-3                5.08          11.81          82.53          64.58           6           Zr090 
        40             91              0        5.500000E+02   1.000000E+02  RIPL-3                1.21          27.27         114.61         105.77           6           Zr091 
        40             92              0        3.500000E+03   8.000000E+02  RIPL-3                3.93          22.40          87.33          57.92           5           Zr092 
        40             93              0        3.020000E+02   7.500000E+01  RIPL-3               25.80          27.10           0.00          46.29           0           Zr093 
        40             94              0        4.000000E+03   8.000000E+02  RIPL-3               10.10           4.63         103.32          69.61           5           Zr094 
        40             96              0        1.300000E+04   3.000000E+03  RIPL-3                0.73           3.10         103.39          45.87           3           Zr096 
        41             93              0        9.400000E+01   1.000000E+01  RIPL-3                7.80          36.90         117.72         143.62           4           Nb093 
        42              0              0        1.890000E+01   0.000000E+00  S.Wynchank            0.00           0.00          26.46          26.46           2           Mo000 
        42             92              0        2.700000E+03   5.000000E+02  RIPL-3                1.72           1.70           0.00           6.27           2           Mo092 
        42             94              0        1.320000E+03   1.800000E+02  RIPL-3               12.20          17.51           6.98          35.21           2           Mo094 
        42             95              0        8.100000E+01   1.400000E+01  RIPL-3               13.99           5.79          92.32          92.35          15           Mo095 
        42             96              0        1.050000E+03   2.000000E+02  RIPL-3                1.82          14.73          77.29          61.95           3           Mo096 
        42             97              0        6.000000E+01   1.000000E+01  RIPL-3               11.89           7.11         119.47         155.57           5           Mo097 
        42             98              0        1.000000E+03   2.000000E+02  RIPL-3                1.43           3.18          70.29          50.13           5           Mo098 
        42            100              0        6.200000E+02   1.000000E+02  RIPL-3               12.60           2.82          82.79          61.75           6           Mo100 
        43             99              0        1.400000E+01   1.200000E+00  RIPL-3                6.36          25.63          83.87          68.88           4           Tc099 
        44             99              0        2.500000E+01   4.000000E+00  RIPL-3                5.89          27.15          61.41          86.82           3           Ru099 
        44            100              0        3.450000E+02   6.000000E+01  RIPL-3                0.00          32.32           0.00          52.17           1           Ru100 
        44            101              0        1.800000E+01   3.000000E+00  RIPL-3                1.30           7.75          53.27          45.12           4           Ru101 
        44            102              0        2.800000E+02   5.000000E+01  RIPL-3               32.53          11.03          79.62          44.80           3           Ru102 
        44            103              0        9.000000E+00   0.000000E+00  V.A.Anufriev          0.00          46.53           0.00          57.17           1           Ru103 
        44            104              0        3.200000E+02   6.500000E+01  RIPL-3                3.23          52.01          42.56          54.04           2           Ru104 
        45            103              0        3.200000E+01   4.000000E+00  RIPL-3                3.32          25.53         103.32          76.25           6           Rh103 
        46            104              0        3.000000E+02   6.000000E+01  RIPL-3                9.50          64.13           0.00          64.11           1           Pd104 
        46            105              0        1.030000E+01   5.000000E-01  RIPL-3                2.69          16.09           8.52          17.37           4           Pd105 
        46            106              0        2.170000E+02   6.000000E+01  RIPL-3               14.02          27.72           0.00          45.54           1           Pd106 
        46            107              0        1.100000E+01   8.000000E-01  RIPL-3                1.74           2.12           0.00          23.80           1           Pd107 
        46            108              0        1.820000E+02   3.300000E+01  RIPL-3                9.88          36.14           0.00          27.74           1           Pd108 
        46            110              0        2.750000E+02   8.000000E+01  RIPL-3               30.32          50.40           0.00          66.64           1           Pd110 
        47              0              0        1.200000E+02   2.000000E+01  S.P.Kapchigashe       0.00           0.00          97.01          97.01           3           Ag000 
        47            107              0        2.800000E+01   2.000000E+00  RIPL-3                9.81          10.25          24.99          17.95           4           Ag107 
        47            109              0        1.800000E+01   1.000000E+00  RIPL-3               22.63           9.82          17.64          23.71           5           Ag109 
        47            110              1        9.700000E+00   1.800000E+00  Mughabghab-2018       0.00           0.00           0.00           0.00           0           Ag110m
        48            106              0        1.650000E+02   3.500000E+01  RIPL-3                9.75          64.60           0.00          77.51           1           Cd106 
        48            108              0        1.200000E+02   3.000000E+01  RIPL-3                0.00          46.69           0.00          55.85           1           Cd108 
        48            110              0        1.550000E+02   2.000000E+01  RIPL-3               10.42          21.31           5.78          24.92           2           Cd110 
        48            111              0        2.700000E+01   2.000000E+00  RIPL-3               13.30          26.47          22.87          29.91           4           Cd111 
        48            112              0        1.900000E+02   2.500000E+01  RIPL-3                3.63          26.07          13.18          33.62           3           Cd112 
        48            113              0        2.480000E+01   2.600000E+00  RIPL-3                8.07          53.20           6.49          35.63           3           Cd113 
        48            114              0        2.100000E+02   2.000000E+01  RIPL-3               10.82          22.02          12.44          35.25           2           Cd114 
        48            116              0        7.040000E+02   2.700000E+02  RIPL-3               24.70          37.75          19.27          55.28           2           Cd116 
        49              0              0        9.000000E+00   0.000000E+00  J.H.Gibbons           0.00           0.00           0.00           0.00           1           In000 
        49            113              0        1.070000E+01   8.000000E-01  RIPL-3                9.46          27.61          18.00          32.24           3           In113 
        49            115              0        9.500000E+00   5.000000E-01  RIPL-3                4.33          23.76         122.95         123.90           6           In115 
        50            112              0        1.580000E+02   4.700000E+01  RIPL-3                4.22           5.83          16.20           9.87           2           Sn112 
        50            114              0        2.860000E+02   1.100000E+02  RIPL-3                8.01          41.23           0.00          41.97           1           Sn114 
        50            115              0        4.600000E+01   1.400000E+01  V.M.Timokhov          0.00          69.03           0.00          79.40           1           Sn115 
        50            116              0        4.500000E+02   5.000000E+01  RIPL-3               11.65           9.81          87.04          58.24           5           Sn116 
        50            117              0        6.100000E+01   7.000000E+00  RIPL-3                4.79          33.90         106.55         119.06           5           Sn117 
        50            118              0        7.000000E+02   1.500000E+01  RIPL-3               16.55          17.66          47.38          38.04           3           Sn118 
        50            119              0        9.000000E+01   2.000000E+01  RIPL-3                2.57          35.95         101.43         110.46           7           Sn119 
        50            120              0        1.250000E+03   2.000000E+02  RIPL-3               10.99          41.58          56.50          44.62           4           Sn120 
        50            122              0        2.960000E+03   1.500000E+02  RIPL-3                0.08          36.63         102.22          73.66           5           Sn122 
        50            124              0        5.000000E+03   1.000000E+03  RIPL-3                8.30           7.79          81.06          49.83           4           Sn124 
        51              0              0        8.000000E+00   0.000000E+00  S.Wynchank            0.00           0.00         122.10         122.10           4           Sb000 
        51            121              0        1.300000E+01   2.000000E+00  RIPL-3               10.10          24.99           8.15          46.87           4           Sb121 
        51            123              0        2.400000E+01   3.000000E+00  RIPL-3                0.00          17.70          10.09          27.48           3           Sb123 
        52              0              0        1.600000E+01   0.000000E+00  S.Wynchank            0.00           0.00          44.83          44.83           2           Te000 
        52            122              0        1.460000E+02   1.400000E+01  RIPL-3                4.89          22.81           2.79          32.04           2           Te122 
        52            123              0        2.510000E+01   2.800000E+00  RIPL-3               15.65          54.23           6.69          44.72           2           Te123 
        52            124              0        2.200000E+02   3.000000E+01  RIPL-3                6.73          10.89          19.96          28.93           2           Te124 
        52            125              0        4.300000E+01   3.000000E+00  RIPL-3                5.09          65.33          13.90          61.77           2           Te125 
        52            126              0        6.400000E+02   1.700000E+02  RIPL-3                6.34          33.13           0.00          48.90           1           Te126 
        52            128              0        1.510000E+03   3.700000E+02  RIPL-3               41.10          32.22           0.00          59.43           1           Te128 
        52            130              0        1.500000E+03   5.000000E+02  RIPL-3                0.00          65.62           0.00         104.95           1           Te130 
        53            127              0        1.500000E+01   2.000000E+00  RIPL-3                8.32          18.91         133.17         132.80           8           I127  
        53            129              0        2.000000E+01   3.000000E+00  RIPL-3               19.00          18.29           0.00          24.36           2           I129  
        54            124              0        4.300000E+01   9.000000E+00  Mughabghab-2018       0.00          71.13           0.00          73.03           0           Xe124 
        54            126              0        1.080000E+02   2.300000E+01  Mughabghab-2018       0.00          79.79           0.00          91.10           0           Xe126 
        54            128              0        2.500000E+02   1.000000E+02  RIPL-3                5.89           4.95           0.00          10.08           1           Xe128 
        54            129              0        3.800000E+01   5.000000E+00  RIPL-3               12.86         107.71           2.82         121.51           2           Xe129 
        54            130              0        1.740000E+02   2.800000E+01  RIPL-3               13.70           3.74           0.00          24.98           1           Xe130 
        54            131              0        4.900000E+01   8.000000E+00  RIPL-3                4.26          29.50          99.83          46.23           2           Xe131 
        54            132              0        7.500000E+02   2.300000E+02  RIPL-3                0.63          37.35           0.00          32.60           1           Xe132 
        54            134              0        8.000000E+02   4.000000E+02  RIPL-3               42.01          83.92           0.00          99.44           0           Xe134 
        54            136              0        2.880000E+04   2.700000E+03  RIPL-3               37.80           0.00           0.00          98.65           0           Xe136 
        55            132              0        2.000000E+01   9.000000E-01  Mughabghab-2018       0.00           0.00           0.00          25.31           0           Cs132 
        55            133              0        2.100000E+01   2.000000E+00  RIPL-3                0.00          13.05         126.64         138.53           6           Cs133 
        55            134              0        1.600000E+01   3.000000E+00  RIPL-3               35.36           9.27           0.00          27.29           1           Cs134 
        55            135              0        5.100000E+01   2.600000E+01  RIPL-3                9.89          23.09           0.00          22.16           0           Cs135 
        56            130              0        5.800000E+01   1.000000E+01  RIPL-3                8.53           5.16           0.00          14.06           0           Ba130 
        56            132              0        1.100000E+02   3.500000E+01  RIPL-3                0.00          42.99           0.00          41.16           0           Ba132 
        56            133              0        2.000000E+01   8.000000E+00  RIPL-3               37.50          74.53           0.00          63.48           0           Ba133 
        56            134              0        3.710000E+02   3.600000E+01  RIPL-3                1.41          14.89           0.00          20.93           1           Ba134 
        56            135              0        4.000000E+01   6.000000E+00  RIPL-3                0.00          31.72           1.23          21.99           2           Ba135 
        56            136              0        1.210000E+03   1.190000E+02  RIPL-3               10.46          25.94           0.00          27.25           1           Ba136 
        56            137              0        3.500000E+02   5.000000E+01  RIPL-3               14.63          25.30          16.92          22.94           2           Ba137 
        56            138              0        1.870000E+04   2.900000E+03  RIPL-3               19.51          37.75          49.60          35.82           2           Ba138 
        57            138              0        3.200000E+01   6.000000E+00  RIPL-3                1.94          40.84           0.00          30.97           1           La138 
        57            139              0        2.200000E+02   2.000000E+01  RIPL-3                2.18           1.60         145.99         210.50           4           La139 
        58            136              0        6.000000E+01   2.000000E+01  RIPL-3               20.89          42.67           0.00          39.31           1           Ce136 
        58            138              0        1.950000E+02   2.000000E+01  Mughabghab-2018       0.00          17.84           0.00          15.43           0           Ce138 
        58            139              0        3.470000E+03   4.700000E+02  Mughabghab-2018       0.00          12.21           0.00         166.97           0           Ce139 
        58            140              0        3.100000E+03   5.000000E+02  RIPL-3                0.00          36.29          25.07          31.29           4           Ce140 
        58            141              0        6.500000E+01   2.000000E+01  RIPL-3               15.27          46.14           0.00          37.53           0           Ce141 
        58            142              0        1.100000E+03   3.000000E+02  RIPL-3               12.50          22.43          39.39          33.79           2           Ce142 
        59            141              0        1.100000E+02   2.000000E+01  RIPL-3                0.00          20.27         184.89         214.12           7           Pr141 
        59            143              0        7.900000E+01   3.200000E+01  Mughabghab-2018       0.00          59.97           0.00          52.47           0           Pr143 
        60            142              0        1.030000E+03   1.350000E+02  RIPL-3                8.34           7.52          29.42          22.72           4           Nd142 
        60            143              0        3.800000E+01   2.000000E+00  RIPL-3                3.61           2.44           7.00          12.98           3           Nd143 
        60            144              0        4.500000E+02   5.000000E+01  RIPL-3                0.00           3.79           1.56           9.24           4           Nd144 
        60            145              0        1.700000E+01   2.000000E+00  RIPL-3                2.18          10.51           4.61          15.82           4           Nd145 
        60            146              0        3.400000E+02   5.000000E+01  RIPL-3                7.72           8.69          13.80          19.02           4           Nd146 
        60            147              0        4.000000E+00   1.500000E+00  RIPL-3               23.15          64.46           0.00          66.51           0           Nd147 
        60            148              0        1.550000E+02   2.000000E+01  RIPL-3                2.98          16.30          32.61          23.62           4           Nd148 
        60            150              0        1.650000E+02   1.500000E+01  RIPL-3                1.13           6.64          28.80          18.35           3           Nd150 
        61            147              0        5.200000E+00   1.200000E+00  RIPL-3                8.36          28.58          10.16          28.33           3           Pm147 
        62            144              0        7.700000E+02   4.500000E+01  RIPL-3                9.19          11.24           0.00          10.67           1           Sm144 
        62            147              0        5.700000E+00   5.000000E-01  RIPL-3                6.98          45.51          65.77          65.72           7           Sm147 
        62            148              0        6.500000E+01   2.000000E+01  RIPL-3               21.52           5.58           0.00          18.74           0           Sm148 
        62            149              0        2.400000E+00   2.000000E-01  RIPL-3                8.70           6.46         126.03         135.20           6           Sm149 
        62            150              0        4.600000E+01   8.000000E+00  RIPL-3                3.98          18.73           0.00          32.76           0           Sm150 
        62            151              0        1.400000E+00   1.500000E-01  RIPL-3               12.24           9.63           7.17          25.52           2           Sm151 
        62            152              0        4.600000E+01   3.000000E+00  RIPL-3                6.54           1.78           7.02          12.45           2           Sm152 
        62            154              0        1.140000E+02   1.500000E+01  RIPL-3                0.83          10.84          12.20          15.61           2           Sm154 
        63            151              0        7.300000E-01   7.000000E-02  RIPL-3                0.00           5.71         109.49         129.06           3           Eu151 
        63            152              0        5.600000E-01   2.000000E-01  RIPL-3               12.86          14.86           0.00          37.57           1           Eu152 
        63            153              0        1.100000E+00   2.000000E-01  RIPL-3                4.96           7.02          96.79         108.47           3           Eu153 
        63            154              0        9.200000E-01   1.200000E-01  RIPL-3                1.55          16.05          29.41          24.99           2           Eu154 
        63            155              0        4.300000E+00   1.500000E+00  RIPL-3                0.00          16.46           0.00          15.96           1           Eu155 
        64            152              0        1.400000E+01   3.000000E+00  RIPL-3                1.70           5.03           0.00          21.49           1           Gd152 
        64            153              0        3.000000E+00   6.000000E-01  RIPL-3                0.00          27.27           0.00          73.84           1           Gd153 
        64            154              0        1.450000E+01   1.500000E+00  RIPL-3                5.23          16.69           5.93          23.91           3           Gd154 
        64            155              0        1.700000E+00   2.000000E-01  RIPL-3                5.77          32.47          48.68          43.72           7           Gd155 
        64            156              0        3.000000E+01   6.000000E+00  RIPL-3                0.78          17.85          11.32          27.98           2           Gd156 
        64            157              0        4.900000E+00   5.000000E-01  RIPL-3                2.45          34.60          45.73          45.85           9           Gd157 
        64            158              0        8.200000E+01   6.000000E+00  RIPL-3                2.82          14.88           3.53          19.55           3           Gd158 
        64            160              0        1.800000E+02   2.000000E+01  RIPL-3                4.31           9.86          53.51          30.85           4           Gd160 
        65            158              0        3.780000E+00   1.600000E-01  Mughabghab-2018       0.00          64.61           0.00         101.43           0           Tb158 
        65            159              0        3.820000E+00   2.400000E+00  RIPL-3                4.81           1.06          67.73          66.04          13           Tb159 
        65            160              0        1.300000E+00   8.900000E-01  Mughabghab-2018       0.00          67.10           0.00          73.46           1           Tb160 
        65            161              0        1.300000E+00   8.900000E-01  Mughabghab-2018       0.00           5.05           0.00          31.14           0           Tb161 
        66            156              0        2.800000E+00   6.000000E-01  RIPL-3               25.65          16.77           0.00          25.04           1           Dy156 
        66            158              0        2.200000E+01   1.100000E+01  RIPL-3                0.00          28.86           0.00          31.47           1           Dy158 
        66            160              0        2.700000E+01   5.000000E+00  RIPL-3                0.52           0.31          42.56          22.22           2           Dy160 
        66            161              0        2.400000E+00   2.000000E-01  RIPL-3                6.58           4.96          39.99          33.47           7           Dy161 
        66            162              0        6.200000E+01   5.000000E+00  RIPL-3                3.34           0.95           5.42           7.09           2           Dy162 
        66            163              0        6.800000E+00   6.000000E-01  RIPL-3                1.31           5.74          44.37          43.21           9           Dy163 
        66            164              0        1.500000E+02   1.000000E+01  RIPL-3                1.88           9.22          15.27          13.66           2           Dy164 
        67            165              0        4.200000E+00   5.000000E-01  RIPL-3                1.66           0.61         126.77         141.39           4           Ho165 
        68            162              0        6.900000E+00   1.200000E+00  RIPL-3                7.09          33.22           5.80          36.73           2           Er162 
        68            164              0        2.100000E+01   4.000000E+00  RIPL-3                8.57          35.61          13.21          38.32           2           Er164 
        68            166              0        3.800000E+01   3.000000E+00  RIPL-3                2.27           3.81          27.16          17.86           4           Er166 
        68            167              0        4.200000E+00   3.000000E-01  RIPL-3                4.64          11.47          32.76          29.73          11           Er167 
        68            168              0        1.000000E+02   1.000000E+01  RIPL-3                2.59          12.13           7.16          17.80           2           Er168 
        68            170              0        1.470000E+02   2.000000E+01  RIPL-3                3.32           5.91           4.62           7.63           2           Er170 
        69            169              0        8.500000E+00   7.000000E-01  RIPL-3                7.11           6.59           0.00          25.48           1           Tm169 
        69            170              0        3.900000E+00   1.000000E+00  RIPL-3               13.16          19.65           0.00          25.06           0           Tm170 
        69            171              0        1.500000E+01   4.000000E+00  C.Guerrero            0.00          41.29           0.00          41.69           1           Tm171 
        70            166              0        5.100000E+00   5.000000E-01  Mughabghab-2018       0.00           0.00           0.00          10.34           0           Yb166 
        70            168              0        8.000000E+00   3.000000E+00  RIPL-3               20.63          72.26          36.57         102.91           3           Yb168 
        70            169              0        1.600000E+00   4.000000E-01  RIPL-3                3.63           6.89           0.00          16.06           1           Yb169 
        70            170              0        3.500000E+01   6.000000E+00  RIPL-3               16.45          17.53           0.00          36.24           1           Yb170 
        70            171              0        6.900000E+00   5.000000E-01  RIPL-3                7.46           0.44           2.44          27.03           3           Yb171 
        70            172              0        7.600000E+01   5.000000E+00  RIPL-3                3.74           2.57           0.00           3.79           1           Yb172 
        70            173              0        7.500000E+00   5.000000E-01  RIPL-3                2.94           0.08          61.16          41.12           5           Yb173 
        70            174              0        1.920000E+02   1.800000E+01  RIPL-3                7.26           0.03           0.00          11.98           1           Yb174 
        70            176              0        2.400000E+02   2.000000E+01  RIPL-3               10.62          40.35           0.00          29.76           1           Yb176 
        71              0              0        1.500000E+00   0.000000E+00  J.H.Gibbons           0.00           0.00           0.00           0.00           1           Lu000 
        71            173              0        1.160000E+00   2.900000E-01  Mughabghab-2018       0.00           1.83           0.00          28.09           1           Lu173 
        71            175              0        3.450000E+00   1.500000E-01  RIPL-3                6.43          19.08         140.89         193.58           4           Lu175 
        71            176              0        1.610000E+00   1.600000E-01  RIPL-3               27.01          11.49           0.00          48.53           1           Lu176 
        72            174              0        1.800000E+01   5.000000E+00  RIPL-3               15.07           8.62           3.67          21.62           3           Hf174 
        72            176              0        3.000000E+01   7.000000E+00  RIPL-3               10.10           7.24           4.18          20.47           3           Hf176 
        72            177              0        2.400000E+00   3.000000E-01  RIPL-3                1.59          17.14          35.22          40.91          19           Hf177 
        72            178              0        5.700000E+01   6.000000E+00  RIPL-3                3.39          81.15           8.18          49.96           3           Hf178 
        72            178              2        9.400000E-01   6.000000E-01  Mughabghab-2018       0.00           0.00           0.00           0.00           0           Hf178n
        72            179              0        4.600000E+00   3.000000E-01  RIPL-3                5.43          28.00          41.81          37.33           5           Hf179 
        72            180              0        9.400000E+01   1.500000E+01  RIPL-3                9.37          16.26           8.24          25.05           3           Hf180 
        73              0              0        4.300000E+00   0.000000E+00  J.H.Gibbons           0.00           0.00           0.00           0.00           1           Ta000 
        73            180              0        1.200000E+00   2.000000E-01  RIPL-3                0.00           0.49           0.00          15.58           0           Ta180 
        73            180              1        1.020000E+00   8.000000E-02  Mughabghab-2018       0.00           0.00           0.00           0.00           0           Ta180m
        73            181              0        4.200000E+00   3.000000E-01  RIPL-3                0.34           9.01         134.66         127.87          10           Ta181 
        73            182              0        3.500000E+00   7.000000E-01  RIPL-3                0.00           7.98           0.00          28.50           1           Ta182 
        74              0              0        1.000000E+01   0.000000E+00  C.Corge               0.00           0.00           0.00           0.00           1           W000  
        74            180              0        2.000000E+01   7.000000E+00  RIPL-3               14.78          11.21           0.00          13.58           0           W180  
        74            182              0        6.000000E+01   6.000000E+00  RIPL-3                2.62           1.39          12.62           9.15           3           W182  
        74            183              0        1.200000E+01   1.000000E+00  RIPL-3                6.38           2.44          77.41          89.37           6           W183  
        74            184              0        7.500000E+01   7.000000E+00  RIPL-3                5.97          17.78          69.83          60.04           4           W184  
        74            185              0        9.300000E+00   1.600000E+00  Mughabghab-2018       0.00          31.40           0.00          25.46           1           W185  
        74            186              0        9.900000E+01   8.000000E+00  RIPL-3                6.21           6.65          46.53          34.31           4           W186  
        75            185              0        3.100000E+00   3.000000E-01  RIPL-3                5.04           9.44           5.26          13.70           6           Re185 
        75            187              0        3.900000E+00   3.000000E-01  RIPL-3                5.20           7.68           7.01          14.53           6           Re187 
        76            186              0        2.900000E+01   2.000000E+00  RIPL-3                7.53           3.20          13.77          11.49           7           Os186 
        76            187              0        5.100000E+00   2.000000E-01  RIPL-3                9.86           4.30          31.43          29.55           9           Os187 
        76            188              0        4.700000E+01   4.000000E+00  RIPL-3                7.39           4.64          13.70          10.82           7           Os188 
        76            189              0        3.400000E+00   4.000000E-01  RIPL-3                4.73           5.38          10.94           9.68           7           Os189 
        76            190              0        7.000000E+01   4.000000E+01  RIPL-3               10.88           8.36          13.80          19.42           4           Os190 
        76            192              0        1.150000E+02   6.000000E+01  RIPL-3               15.46          47.18           8.55          85.14           4           Os192 
        77              0              0        2.900000E+01   6.000000E+00  S.P.Kapchigashe       0.00           0.00          48.72          48.72           2           Ir000 
        77            191              0        2.500000E+00   3.000000E-01  RIPL-3                2.11           1.45           0.00          16.69           1           Ir191 
        77            192              0        5.000000E-01   2.000000E-01  RIPL-3               13.66          33.20           0.00          50.56           0           Ir192 
        77            193              0        5.800000E+00   5.000000E-01  RIPL-3               16.10          30.70           0.00          25.62           1           Ir193 
        78              0              0        1.000000E+01   0.000000E+00  C.Corge               0.00           0.00           0.00           0.00           1           Pt000 
        78            192              0        3.140000E+01   1.300000E+00  RIPL-3               15.61          99.60           0.00         108.23           1           Pt192 
        78            194              0        8.200000E+01   1.000000E+01  RIPL-3               49.33           7.79           0.00          36.55           1           Pt194 
        78            195              0        1.800000E+01   3.000000E+00  RIPL-3                2.67         100.13           0.00          63.51           0           Pt195 
        78            196              0        3.500000E+02   1.000000E+02  RIPL-3               19.98          12.19           0.00          16.94           1           Pt196 
        78            198              0        3.400000E+02   9.000000E+01  RIPL-3                0.00          20.32           0.00          15.55           1           Pt198 
        79            197              0        1.550000E+01   8.000000E-01  RIPL-3                2.73           6.97         132.37         144.91           5           Au197 
        80            198              0        1.050000E+02   3.500000E+01  RIPL-3               44.58           4.69           0.00          38.83           0           Hg198 
        80            199              0        8.000000E+01   3.000000E+01  RIPL-3                2.89          21.63           0.00          20.21           0           Hg199 
        80            200              0        6.000000E+02   1.500000E+02  RIPL-3               36.28          23.10           0.00          47.36           0           Hg200 
        80            201              0        9.000000E+01   3.000000E+01  RIPL-3                0.00           4.69           0.00          14.40           0           Hg201 
        81            203              0        4.700000E+02   5.000000E+01  RIPL-3               26.13           2.82         104.24         131.76           3           Tl203 
        81            205              0        4.000000E+03   4.000000E+02  RIPL-3               34.59           0.00           0.00          83.22           1           Tl205 
        82            204              0        2.100000E+03   2.000000E+02  RIPL-3                3.37          15.61          71.83          29.61           2           Pb204 
        82            206              0        3.000000E+04   6.000000E+03  RIPL-3                9.05           1.68           0.00          33.29           1           Pb206 
        82            207              0        3.000000E+04   8.000000E+03  RIPL-3               11.76          23.74           0.00          39.11           1           Pb207 
        82            208              0        9.000000E+04   1.500000E+04  RIPL-3               63.27          22.22           0.00          53.45           1           Pb208 
        83            209              0        4.450000E+03   4.000000E+02  RIPL-3                5.46          23.53           0.00          19.43           1           Bi209 
        88            226              0        3.100000E+01   6.000000E+00  RIPL-3                5.86           1.80          26.96          18.51           3           Ra226 
        90            228              0        5.000000E+00   3.000000E+00  RIPL-3                0.00          43.57           0.00          48.63           0           Th228 
        90            229              0        6.200000E-01   1.200000E-01  RIPL-3                7.19          15.82           0.00          26.80           0           Th229 
        90            230              0        9.600000E+00   1.500000E+00  RIPL-3                4.56           4.13           6.42          37.05           3           Th230 
        90            232              0        1.650000E+01   4.000000E-01  RIPL-3                2.13           2.15           6.59           5.97           4           Th232 
        90            233              0        1.940000E+01   0.000000E+00  C.A.Uttley            0.00           0.00           0.00           0.00           1           Th233 
        91            231              0        5.100000E-01   3.000000E-02  RIPL-3                5.77           0.76          39.26          32.22           3           Pa231 
        91            232              0        4.200000E-01   8.000000E-02  RIPL-3               26.86           6.19           0.00          20.14           0           Pa232 
        91            233              0        7.800000E-01   9.999999E-02  RIPL-3               13.30          10.86           0.00          27.10           0           Pa233 
        92            232              0        4.600000E+00   5.000000E-01  RIPL-3                0.00           0.13           0.00           7.62           0           U232  
        92            233              0        5.200000E-01   2.000000E-02  RIPL-3                2.32           0.56         129.48         146.55           5           U233  
        92            234              0        1.120000E+01   8.000000E-01  RIPL-3                4.02          18.42           6.45          15.78           6           U234  
        92            235              0        4.500000E-01   3.000000E-02  RIPL-3                5.46           0.07         222.25         356.71           6           U235  
        92            236              0        1.400000E+01   1.000000E+00  RIPL-3                2.88           5.40           2.48          10.08           3           U236  
        92            237              0        3.500000E+00   8.000000E-01  RIPL-3                0.00          11.59           0.00          16.31           0           U237  
        92            238              0        2.030000E+01   6.000000E-01  RIPL-3                1.20           0.09          10.01           9.19          10           U238  
        93            236              0        6.000000E-01   6.000000E-02  RIPL-3                7.44           4.16           0.00          21.54           0           Np236 
        93            237              0        5.700000E-01   3.000000E-02  RIPL-3                0.90           8.82          34.39          29.19          11           Np237 
        93            238              0        4.100000E-01   9.999999E-02  RIPL-3                0.00          39.88           0.00          38.08           0           Np238 
        94            236              0        5.000000E+00   0.000000E+00  E.F.Gromova           0.00          25.07           0.00          30.30           1           Pu236 
        94            238              0        8.300000E+00   5.000000E-01  RIPL-3                3.76          19.42          25.46          25.19           2           Pu238 
        94            239              0        2.200000E+00   9.000000E-02  RIPL-3                2.84           3.23         279.35         364.78          10           Pu239 
        94            240              0        1.300000E+01   5.000000E-01  RIPL-3                1.96          23.03         158.03         253.94           4           Pu240 
        94            241              0        9.300000E-01   8.000000E-02  RIPL-3               14.61           0.21          25.55          23.34           8           Pu241 
        94            242              0        1.350000E+01   1.500000E+00  RIPL-3                7.91          15.43          42.05          28.60           6           Pu242 
        94            244              0        1.900000E+01   3.000000E+00  RIPL-3                2.53          17.96           0.00          15.40           0           Pu244 
        95            241              0        5.800000E-01   4.000000E-02  RIPL-3                2.48          15.05          16.64          21.31           7           Am241 
        95            242              0        2.700000E-01   3.000000E-02  RIPL-3               19.40           0.96           0.00          12.84           0           Am242 
        95            242              1        4.200000E-01   3.000000E-02  Mughabghab-2018       0.00           0.00           0.00           0.00           0           Am242m
        95            243              0        7.300000E-01   6.000000E-02  RIPL-3                8.92          12.02           3.65          22.85           2           Am243 
        96            242              0        1.400000E+01   3.000000E+00  RIPL-3               13.66           1.59           0.00          29.45           1           Cm242 
        96            243              0        6.900000E-01   5.000000E-02  RIPL-3               21.82           0.00           0.00          14.38           1           Cm243 
        96            244              0        1.180000E+01   1.200000E+00  RIPL-3                1.19           0.00           4.18          10.77           2           Cm244 
        96            245              0        7.900000E-01   5.000000E-02  RIPL-3               28.83          14.46          65.22          70.27           3           Cm245 
        96            246              0        3.000000E+01   5.000000E+00  RIPL-3                4.88          11.11           0.00          20.59           1           Cm246 
        96            247              0        1.200000E+00   3.000000E-01  RIPL-3               13.61           0.22          47.22          53.05           2           Cm247 
        96            248              0        3.000000E+01   5.000000E+00  RIPL-3                3.38           0.00           0.00          22.23           1           Cm248 
        97            249              0        1.100000E+00   9.999999E-02  RIPL-3                4.96          14.45           0.00          28.19           1           Bk249 
        98            249              0        7.600001E-01   9.999999E-02  RIPL-3                3.82           6.39           5.74          27.75           3           Cf249 
        98            250              0        1.200000E+01   2.000000E+00  RIPL-2                0.00           7.69           0.00          46.61           0           Cf250 
        98            252              0        2.700000E+01   3.000000E+00  RIPL-3                5.44          78.36           0.00          81.85           0           Cf252 
