# header: 
#   title: (n,el) thermal cross section for cendl3.2
#   source: Resonancetables
#   date: 2025-09-14
# reaction: 
#   type: (n,el)
# quantity: 
#   type: thermal cross section
# datablock: 
#   columns: 7
#   entries: 175
##       Z              A            Liso           Value         dValue          Ratio         Nuclide
##      []             []             []             [b]            [b]            []             [%]
         1              1              0        3.009970E+01   0.000000E+00          1.4689      H001
         1              2              0        4.234070E+00   0.000000E+00          1.2490      H002
         2              3              0        3.656390E+00   0.000000E+00          1.1795      He003
         3              6              0        7.816180E-01   0.000000E+00          1.0422      Li006
         3              7              0        1.042920E+00   0.000000E+00          1.0752      Li007
         4              9              0        6.461790E+00   0.000000E+00          1.0505      Be009
         5             10              0        2.286520E+00   0.000000E+00          1.0253      B010
         5             11              0        5.061390E+00   0.000000E+00          1.0457      B011
         6             12              0        4.939260E+00   0.000000E+00          1.0407      C012
         7             14              0        1.026780E+01   0.000000E+00          1.0247      N014
         8             16              0        3.973120E+00   0.000000E+00          1.0564      O016
         9             19              0        3.737810E+00   0.000000E+00          1.0266      F019
        11             23              0        3.089840E+00   0.000000E+00          1.0171      Na023
        12             24              0        3.827210E+00   0.000000E+00          1.0233      Mg024
        12             25              0        2.647020E+00   0.000000E+00          1.5301      Mg025
        12             26              0        2.885170E+00   0.000000E+00          1.0195      Mg026
        13             27              0        1.451650E+00   0.000000E+00          1.0271      Al027
        14             28              0        1.991190E+00   0.000000E+00          0.9996      Si028
        14             29              0        2.629040E+00   0.000000E+00          0.9884      Si029
        14             30              0        2.498630E+00   0.000000E+00          1.0035      Si030
        15             31              0        3.180400E+00   0.000000E+00          1.0148      P031
        16             32              0        9.786470E-01   0.000000E+00          1.0376      S032
        16             33              0        2.887880E+00   0.000000E+00          1.0578      S033
        16             34              0        2.108210E+00   0.000000E+00          1.4440      S034
        20             40              0        3.060060E+00   0.000000E+00          1.1209      Ca040
        22             46              0        3.723420E+00   0.000000E+00          1.3689      Ti046
        22             47              0        3.128310E+00   0.000000E+00          0.9120      Ti047
        22             48              0        4.038030E+00   0.000000E+00          0.9849      Ti048
        22             49              0        6.962110E-01   0.000000E+00          0.9946      Ti049
        22             50              0        3.779810E+00   0.000000E+00          0.8957      Ti050
        24             52              0        2.987960E+00   0.000000E+00          1.0748      Cr052
        24             53              0        7.853160E+00   0.000000E+00          1.0758      Cr053
        24             54              0        2.566100E+00   0.000000E+00          1.0103      Cr054
        25             55              0        2.186480E+00   0.000000E+00          1.0614      Mn055
        26             54              0        4.974740E-01   0.000000E+00          0.2293      Fe054
        26             56              0        1.218990E+01   0.000000E+00          0.9659      Fe056
        26             57              0        2.097480E-01   0.000000E+00          0.3085      Fe057
        27             59              0        6.067800E+00   0.000000E+00          1.0079      Co059
        28             58              0        2.503600E+01   0.000000E+00          0.9896      Ni058
        28             60              0        9.848050E-01   0.000000E+00          1.0049      Ni060
        28             61              0        7.958110E+00   0.000000E+00          0.9705      Ni061
        28             62              0        9.972320E+00   0.000000E+00          1.0334      Ni062
        28             64              0        1.637210E-02   0.000000E+00          1.1694      Ni064
        29             63              0        5.143260E+00   0.000000E+00          1.0085      Cu063
        29             65              0        1.389220E+01   0.000000E+00          0.9853      Cu065
        30             64              0        3.927290E+00   0.000000E+00          1.1654      Zn064
        30             66              0        4.938010E+00   0.000000E+00          1.1223      Zn066
        30             67              0        2.110960E+00   0.000000E+00          0.2868      Zn067
        30             68              0        4.553330E+00   0.000000E+00          1.0074      Zn068
        30             70              0        4.336410E+00   0.000000E+00          1.2390      Zn070
        31             69              0        8.248390E+00   0.000000E+00          1.0643      Ga069
        31             71              0        5.276150E+00   0.000000E+00          0.8794      Ga071
        32             70              0        8.863780E+00   0.000000E+00          0.7195      Ge070
        32             72              0        7.553280E+00   0.000000E+00          0.8439      Ge072
        32             73              0        4.902900E+00   0.000000E+00          0.9806      Ge073
        32             74              0        6.141620E+00   0.000000E+00          0.8638      Ge074
        32             76              0        5.676630E+00   0.000000E+00          0.6839      Ge076
        33             75              0        5.466490E+00   0.000000E+00          1.0067      As075
        34             74              0        7.323590E+00   0.000000E+00          2.1796      Se074
        34             76              0        1.852190E+01   0.000000E+00          1.0066      Se076
        34             77              0        8.485090E+00   0.000000E+00          0.9481      Se077
        34             78              0        8.454300E+00   0.000000E+00          1.0065      Se078
        34             79              0        6.412630E+00   0.000000E+00          1.0179      Se079
        34             80              0        6.993800E+00   0.000000E+00          1.0063      Se080
        34             82              0        5.026750E+00   0.000000E+00          1.0053      Se082
        36             86              0        6.185640E+00   0.000000E+00          0.9205      Kr086
        37             85              0        5.888750E+00   0.000000E+00          0.9407      Rb085
        37             87              0        4.384270E+00   0.000000E+00          0.6544      Rb087
        38             88              0        7.298400E+00   0.000000E+00          1.1422      Sr088
        39             89              0        7.746990E+00   0.000000E+00          1.0114      Y089
        40             90              0        5.395180E+00   0.000000E+00          1.0180      Zr090
        40             91              0        1.064450E+01   0.000000E+00          1.0840      Zr091
        40             92              0        7.149100E+00   0.000000E+00          1.0184      Zr092
        40             94              0        6.184970E+00   0.000000E+00          0.7200      Zr094
        40             96              0        6.163210E+00   0.000000E+00          1.1125      Zr096
        41             93              0        6.355140E+00   0.000000E+00          0.9977      Nb093
        42             92              0        5.575630E+00   0.000000E+00          0.9293      Mo092
        42             94              0        5.855060E+00   0.000000E+00          1.0043      Mo094
        42             95              0        6.413870E+00   0.000000E+00          0.9959      Mo095
        42             96              0        4.751720E+00   0.000000E+00          0.9757      Mo096
        42             97              0        6.687760E+00   0.000000E+00          1.0042      Mo097
        42             98              0        5.670890E+00   0.000000E+00          1.0386      Mo098
        42            100              0        5.327040E+00   0.000000E+00          0.9329      Mo100
        43             99              0        3.439530E+00   0.000000E+00          0.5930      Tc099
        44             99              0        3.679520E+00   0.000000E+00          0.7555      Ru099
        44            100              0        6.497680E+00   0.000000E+00          0.6188      Ru100
        44            101              0        3.231890E+00   0.000000E+00          0.5386      Ru101
        44            102              0        8.549530E+00   0.000000E+00          0.9478      Ru102
        44            104              0        5.261070E+00   0.000000E+00          0.8582      Ru104
        45            103              0        3.275340E+00   0.000000E+00          0.7478      Rh103
        46            105              0        5.150880E+00   0.000000E+00          0.6604      Pd105
        46            108              0        2.441110E+00   0.000000E+00          0.9923      Pd108
        47            107              0        7.722850E+00   0.000000E+00          1.0638      Ag107
        47            109              0        2.493910E+00   0.000000E+00          1.0056      Ag109
        48            113              0        2.723460E+01   0.000000E+00          1.0807      Cd113
        49            113              0        3.695390E+00   0.000000E+00          1.0069      In113
        49            115              0        2.536430E+00   0.000000E+00          1.0065      In115
        50            112              0        4.608780E+00   0.000000E+00          1.0242      Sn112
        50            114              0        4.565850E+00   0.000000E+00          0.9926      Sn114
        50            116              0        4.330340E+00   0.000000E+00          0.9709      Sn116
        50            117              0        5.126000E+00   0.000000E+00          0.9286      Sn117
        50            118              0        4.239750E+00   0.000000E+00          0.8653      Sn118
        50            119              0        4.695430E+00   0.000000E+00          0.9353      Sn119
        50            120              0        5.362260E+00   0.000000E+00          0.9558      Sn120
        50            122              0        3.810980E+00   0.000000E+00          0.8564      Sn122
        50            124              0        4.417760E+00   0.000000E+00          0.9242      Sn124
        51            121              0        3.605250E+00   0.000000E+00          0.8946      Sb121
        51            123              0        3.508750E+00   0.000000E+00          0.9535      Sb123
        52            130              0        4.605550E+00   0.000000E+00          1.0034      Te130
        53            127              0        3.554040E+00   0.000000E+00          0.9554      I127
        55            133              0        3.970590E+00   0.000000E+00          1.0001      Cs133
        56            132              0        6.867090E+00   0.000000E+00          0.8693      Ba132
        56            134              0        3.439330E+00   0.000000E+00          0.6627      Ba134
        56            135              0        1.804390E+00   0.000000E+00          0.4761      Ba135
        56            136              0        1.782990E+00   0.000000E+00          0.5943      Ba136
        56            137              0        1.838540E+00   0.000000E+00          0.2918      Ba137
        56            138              0        8.156140E-01   0.000000E+00          0.2102      Ba138
        57            139              0        1.020560E+01   0.000000E+00          1.0085      La139
        58            136              0        4.193680E+00   0.000000E+00          1.0057      Ce136
        58            140              0        2.896010E+00   0.000000E+00          0.9784      Ce140
        58            142              0        2.851380E+00   0.000000E+00          0.7706      Ce142
        59            141              0        2.014360E+00   0.000000E+00          0.7433      Pr141
        60            142              0        7.727270E+00   0.000000E+00          1.0303      Nd142
        60            143              0        8.010390E+01   0.000000E+00          0.9963      Nd143
        60            144              0        1.004200E+00   0.000000E+00          1.0042      Nd144
        60            145              0        2.029140E+01   0.000000E+00          1.2298      Nd145
        60            146              0        9.528320E+00   0.000000E+00          0.9925      Nd146
        60            148              0        4.013660E+00   0.000000E+00          0.9334      Nd148
        60            150              0        3.511700E+00   0.000000E+00          0.7634      Nd150
        61            147              0        2.097710E+01   0.000000E+00          0.9623      Pm147
        62            147              0        1.060080E+00   0.000000E+00          0.1472      Sm147
        62            149              0        1.787410E+02   0.000000E+00          0.9821      Sm149
        62            150              0        8.368250E+00   0.000000E+00          0.3487      Sm150
        62            151              0        5.039480E+01   0.000000E+00          0.8261      Sm151
        62            152              0        3.051250E+00   0.000000E+00          1.0171      Sm152
        62            154              0        1.103110E+01   0.000000E+00          1.0028      Sm154
        63            151              0        4.709250E+00   0.000000E+00          1.7442      Eu151
        63            153              0        1.036210E+01   0.000000E+00          1.0683      Eu153
        64            155              0        5.902180E+01   0.000000E+00          1.0106      Gd155
        64            157              0        1.009310E+03   0.000000E+00          1.0033      Gd157
        66            164              0        3.268990E+02   0.000000E+00          1.0248      Dy164
        67            165              0        8.824850E+00   0.000000E+00          1.0202      Ho165
        72            174              0        1.555450E+01   0.000000E+00          1.0370      Hf174
        72            176              0        6.721900E+00   0.000000E+00          1.2003      Hf176
        72            177              0        2.320060E-02   0.000000E+00          0.1160      Hf177
        72            178              0        4.887830E+00   0.000000E+00          1.0400      Hf178
        72            179              0        7.094590E+00   0.000000E+00          1.0135      Hf179
        72            180              0        2.121190E+01   0.000000E+00          0.9642      Hf180
        73            181              0        5.666000E+00   0.000000E+00          0.9228      Ta181
        74            180              0        1.094270E+01   0.000000E+00          1.3184      W180
        74            182              0        8.868370E+00   0.000000E+00          1.3988      W182
        74            183              0        2.408780E+00   0.000000E+00          0.3574      W183
        74            184              0        7.372890E+00   0.000000E+00          1.0031      W184
        74            186              0        7.423690E-02   0.000000E+00          1.0605      W186
        79            197              0        6.855990E+00   0.000000E+00          0.8678      Au197
        82            204              0        1.123580E+01   0.000000E+00          0.9003      Pb204
        82            206              0        1.126400E+01   0.000000E+00          1.0372      Pb206
        82            208              0        1.139900E+01   0.000000E+00          0.9912      Pb208
        83            209              0        9.322600E+00   0.000000E+00          1.0008      Bi209
        90            232              0        1.304420E+01   0.000000E+00          0.9620      Th232
        92            232              0        1.081630E+01   0.000000E+00          0.8133      U232
        92            233              0        1.217710E+01   0.000000E+00          0.9820      U233
        92            234              0        1.944870E+01   0.000000E+00          1.0025      U234
        92            235              0        1.510810E+01   0.000000E+00          1.0776      U235
        92            236              0        8.841110E+00   0.000000E+00          0.8186      U236
        92            238              0        9.299370E+00   0.000000E+00          1.0247      U238
        93            237              0        1.405430E+01   0.000000E+00          0.9626      Np237
        94            238              0        2.034680E+01   0.000000E+00          0.9333      Pu238
        94            239              0        8.847630E+00   0.000000E+00          1.1143      Pu239
        94            240              0        9.511750E-01   0.000000E+00          0.5498      Pu240
        94            241              0        1.135860E+01   0.000000E+00          1.2762      Pu241
        94            242              0        7.744840E+00   0.000000E+00          0.9165      Pu242
        94            244              0        9.655020E+00   0.000000E+00          0.8777      Pu244
        95            241              0        1.132150E+01   0.000000E+00          0.7400      Am241
        95            243              0        7.479190E+00   0.000000E+00          0.8385      Am243
