# header: 
#   title: (n,el) thermal cross section for endfb8.1
#   source: Resonancetables
#   date: 2025-12-15
# reaction: 
#   type: (n,el)
# quantity: 
#   type: thermal cross section
# datablock: 
#   columns: 7
#   entries: 262
##       Z              A            Liso           Value         dValue          Ratio         Nuclide
##      []             []             []             [b]            [b]            []             [%]
         1              1              0        3.006830E+01   0.000000E+00          1.4674      H001
         1              2              0        4.234070E+00   0.000000E+00          1.2490      H002
         2              3              0        3.861290E+00   0.000000E+00          1.2456      He003
         3              6              0        8.102140E-01   0.000000E+00          1.0803      Li006
         3              7              0        1.039620E+00   0.000000E+00          1.0718      Li007
         4              9              0        6.497740E+00   0.000000E+00          1.0564      Be009
         5             10              0        2.193670E+00   0.000000E+00          0.9837      B010
         5             11              0        5.061390E+00   0.000000E+00          1.0457      B011
         6             12              0        4.947480E+00   0.000000E+00          1.0425      C012
         6             13              0        5.954100E+00   0.000000E+00          1.4210      C013
         7             14              0        1.026780E+01   0.000000E+00          1.0247      N014
         7             15              0        4.563420E+00   0.000000E+00          0.9942      N015
         8             16              0        3.913350E+00   0.000000E+00          1.0405      O016
         8             17              0        3.850800E+00   0.000000E+00          1.0667      O017
         9             19              0        3.739260E+00   0.000000E+00          1.0270      F019
        10             20              0        2.524920E+00   0.000000E+00          1.0222      Ne020
        10             21              0        2.014840E+00   0.000000E+00          0.3860      Ne021
        10             22              0        5.335810E+00   0.000000E+00          3.1295      Ne022
        11             23              0        3.392760E+00   0.000000E+00          1.1168      Na023
        12             24              0        3.827210E+00   0.000000E+00          1.0233      Mg024
        12             25              0        2.647020E+00   0.000000E+00          1.5301      Mg025
        12             26              0        2.885170E+00   0.000000E+00          1.0195      Mg026
        13             27              0        1.451650E+00   0.000000E+00          1.0271      Al027
        14             28              0        1.928600E+00   0.000000E+00          0.9682      Si028
        14             29              0        2.769230E+00   0.000000E+00          1.0411      Si029
        14             30              0        2.490370E+00   0.000000E+00          1.0001      Si030
        15             31              0        4.166660E+00   0.000000E+00          1.3295      P031
        16             32              0        9.786470E-01   0.000000E+00          1.0376      S032
        16             33              0        2.887880E+00   0.000000E+00          1.0578      S033
        16             34              0        2.108210E+00   0.000000E+00          1.4440      S034
        17             35              0        2.098170E+01   0.000000E+00          1.0185      Cl035
        17             37              0        1.150230E+00   0.000000E+00          1.0002      Cl037
        18             36              0        7.459170E+01   0.000000E+00          1.0121      Ar036
        18             38              0        8.940410E+00   0.000000E+00          5.9603      Ar038
        18             40              0        6.551660E-01   0.000000E+00          1.5864      Ar040
        19             39              0        2.085050E+00   0.000000E+00          1.0478      K039
        19             41              0        2.596120E+00   0.000000E+00          2.8219      K041
        20             40              0        2.662890E+00   0.000000E+00          0.9754      Ca040
        20             42              0        1.236510E+00   0.000000E+00          0.9026      Ca042
        20             43              0        4.209170E+00   0.000000E+00          0.8418      Ca043
        20             46              0        2.965780E+00   0.000000E+00          0.6218      Ca046
        21             45              0        2.242280E+01   0.000000E+00          1.0010      Sc045
        22             46              0        2.732500E+00   0.000000E+00          1.0046      Ti046
        22             47              0        3.264750E+00   0.000000E+00          0.9518      Ti047
        22             48              0        4.038010E+00   0.000000E+00          0.9849      Ti048
        22             49              0        5.460340E-01   0.000000E+00          0.7800      Ti049
        22             50              0        3.755670E+00   0.000000E+00          0.8900      Ti050
        23             50              0        7.696850E+00   0.000000E+00          1.0262      V050
        23             51              0        4.944040E+00   0.000000E+00          1.0090      V051
        24             52              0        3.076950E+00   0.000000E+00          1.1068      Cr052
        24             53              0        7.851350E+00   0.000000E+00          1.0755      Cr053
        24             54              0        2.543880E+00   0.000000E+00          1.0015      Cr054
        25             55              0        2.116290E+00   0.000000E+00          1.0273      Mn055
        26             54              0        2.141410E+00   0.000000E+00          0.9868      Fe054
        26             56              0        1.220730E+01   0.000000E+00          0.9673      Fe056
        26             57              0        6.091470E-01   0.000000E+00          0.8958      Fe057
        27             59              0        6.031780E+00   0.000000E+00          1.0020      Co059
        28             58              0        2.503600E+01   0.000000E+00          0.9896      Ni058
        28             60              0        1.099380E+00   0.000000E+00          1.1218      Ni060
        28             61              0        8.802740E+00   0.000000E+00          1.0735      Ni061
        28             62              0        9.722910E+00   0.000000E+00          1.0076      Ni062
        28             64              0        2.832040E-01   0.000000E+00         20.2289      Ni064
        29             63              0        5.260760E+00   0.000000E+00          1.0315      Cu063
        29             65              0        1.390820E+01   0.000000E+00          0.9864      Cu065
        30             64              0        3.927290E+00   0.000000E+00          1.1654      Zn064
        30             66              0        4.938010E+00   0.000000E+00          1.1223      Zn066
        30             67              0        2.109730E+00   0.000000E+00          0.2866      Zn067
        30             68              0        4.553330E+00   0.000000E+00          1.0074      Zn068
        30             70              0        4.336410E+00   0.000000E+00          1.2390      Zn070
        31             69              0        8.125270E+00   0.000000E+00          1.0484      Ga069
        31             71              0        5.276150E+00   0.000000E+00          0.8794      Ga071
        32             70              0        1.389370E+01   0.000000E+00          1.1277      Ge070
        32             72              0        8.926860E+00   0.000000E+00          0.9974      Ge072
        32             73              0        4.814210E+00   0.000000E+00          0.9628      Ge073
        32             74              0        7.222430E+00   0.000000E+00          1.0158      Ge074
        32             76              0        8.416350E+00   0.000000E+00          1.0140      Ge076
        33             75              0        5.466490E+00   0.000000E+00          1.0067      As075
        34             74              0        7.323590E+00   0.000000E+00          2.1796      Se074
        34             76              0        1.852190E+01   0.000000E+00          1.0066      Se076
        34             77              0        8.485090E+00   0.000000E+00          0.9481      Se077
        34             78              0        8.454300E+00   0.000000E+00          1.0065      Se078
        34             79              0        6.340230E+00   0.000000E+00          1.0064      Se079
        34             80              0        6.993800E+00   0.000000E+00          1.0063      Se080
        34             82              0        5.026750E+00   0.000000E+00          1.0053      Se082
        35             79              0        3.289640E+00   0.000000E+00          0.5595      Br079
        35             81              0        5.789210E+00   0.000000E+00          1.0051      Br081
        36             80              0        7.335540E+00   0.000000E+00          0.7263      Kr080
        36             82              0        1.478260E+01   0.000000E+00          1.2744      Kr082
        36             86              0        6.728700E+00   0.000000E+00          1.0013      Kr086
        37             85              0        6.289960E+00   0.000000E+00          1.0048      Rb085
        37             87              0        4.384270E+00   0.000000E+00          0.6544      Rb087
        38             84              0        5.486800E+00   0.000000E+00          0.7838      Sr084
        38             86              0        2.800660E+00   0.000000E+00          0.6984      Sr086
        39             89              0        7.731790E+00   0.000000E+00          1.0094      Y089
        40             90              0        5.295470E+00   0.000000E+00          0.9991      Zr090
        40             91              0        9.748180E+00   0.000000E+00          0.9927      Zr091
        40             92              0        7.064390E+00   0.000000E+00          1.0063      Zr092
        40             94              0        8.657800E+00   0.000000E+00          1.0079      Zr094
        40             96              0        4.852220E+00   0.000000E+00          0.8759      Zr096
        41             93              0        6.355140E+00   0.000000E+00          0.9977      Nb093
        42             92              0        6.039520E+00   0.000000E+00          1.0066      Mo092
        42             94              0        5.855060E+00   0.000000E+00          1.0043      Mo094
        42             95              0        6.125430E+00   0.000000E+00          0.9512      Mo095
        42             96              0        4.751720E+00   0.000000E+00          0.9757      Mo096
        42             97              0        6.687760E+00   0.000000E+00          1.0042      Mo097
        42             98              0        5.670890E+00   0.000000E+00          1.0386      Mo098
        42            100              0        5.327040E+00   0.000000E+00          0.9329      Mo100
        43             99              0        5.753400E+00   0.000000E+00          0.9920      Tc099
        44             99              0        3.704310E+00   0.000000E+00          0.7606      Ru099
        44            100              0        9.465000E+00   0.000000E+00          0.9014      Ru100
        44            101              0        5.607950E+00   0.000000E+00          0.9347      Ru101
        44            102              0        8.549530E+00   0.000000E+00          0.9478      Ru102
        44            104              0        5.261070E+00   0.000000E+00          0.8582      Ru104
        45            103              0        4.035830E+00   0.000000E+00          0.9214      Rh103
        46            105              0        7.359940E+00   0.000000E+00          0.9436      Pd105
        46            106              0        4.627290E+00   0.000000E+00          0.9073      Pd106
        46            108              0        2.441110E+00   0.000000E+00          0.9923      Pd108
        47            107              0        7.572770E+00   0.000000E+00          1.0431      Ag107
        47            109              0        2.523070E+00   0.000000E+00          1.0174      Ag109
        48            106              0        4.562990E+00   0.000000E+00          1.0048      Cd106
        48            108              0        3.346060E+00   0.000000E+00          0.9373      Cd108
        48            110              0        4.254080E+00   0.000000E+00          1.0081      Cd110
        48            111              0        5.621040E+00   0.000000E+00          1.0606      Cd111
        48            112              0        5.098070E+00   0.000000E+00          1.0075      Cd112
        48            113              0        2.467930E+01   0.000000E+00          0.9793      Cd113
        48            114              0        5.710560E+00   0.000000E+00          0.8112      Cd114
        48            116              0        4.964300E+00   0.000000E+00          1.0029      Cd116
        49            113              0        3.698260E+00   0.000000E+00          1.0077      In113
        49            115              0        2.518730E+00   0.000000E+00          0.9995      In115
        50            112              0        4.444660E+00   0.000000E+00          0.9877      Sn112
        50            113              0        4.314840E+00   0.000000E+00          0.4903      Sn113
        50            114              0        4.565850E+00   0.000000E+00          0.9926      Sn114
        50            116              0        4.319630E+00   0.000000E+00          0.9685      Sn116
        50            117              0        5.328380E+00   0.000000E+00          0.9653      Sn117
        50            118              0        4.683780E+00   0.000000E+00          0.9559      Sn118
        50            119              0        4.693860E+00   0.000000E+00          0.9350      Sn119
        50            120              0        5.636370E+00   0.000000E+00          1.0047      Sn120
        50            122              0        4.354460E+00   0.000000E+00          0.9785      Sn122
        50            124              0        4.660970E+00   0.000000E+00          0.9751      Sn124
        51            121              0        4.042540E+00   0.000000E+00          1.0031      Sb121
        51            123              0        3.693440E+00   0.000000E+00          1.0037      Sb123
        52            122              0        2.518560E+00   0.000000E+00          1.3468      Te122
        52            123              0        7.249360E-01   0.000000E+00          1.0984      Te123
        52            124              0        7.177980E+00   0.000000E+00          0.8972      Te124
        52            125              0        3.282860E+00   0.000000E+00          1.0259      Te125
        52            126              0        3.929800E+00   0.000000E+00          1.0025      Te126
        52            130              0        4.605550E+00   0.000000E+00          1.0034      Te130
        53            127              0        3.731440E+00   0.000000E+00          1.0031      I127
        55            133              0        3.986050E+00   0.000000E+00          1.0040      Cs133
        56            132              0        7.855930E+00   0.000000E+00          0.9944      Ba132
        56            134              0        2.981170E+00   0.000000E+00          0.5744      Ba134
        56            135              0        2.750020E+00   0.000000E+00          0.7256      Ba135
        56            136              0        3.004510E+00   0.000000E+00          1.0015      Ba136
        56            137              0        3.895800E+00   0.000000E+00          0.6184      Ba137
        56            138              0        4.078820E+00   0.000000E+00          1.0512      Ba138
        57            139              0        1.020560E+01   0.000000E+00          1.0085      La139
        58            136              0        4.193680E+00   0.000000E+00          1.0057      Ce136
        58            140              0        3.077470E+00   0.000000E+00          1.0397      Ce140
        58            142              0        2.871290E+00   0.000000E+00          0.7760      Ce142
        59            141              0        2.716680E+00   0.000000E+00          1.0025      Pr141
        60            142              0        7.962820E+00   0.000000E+00          1.0617      Nd142
        60            143              0        8.037560E+01   0.000000E+00          0.9997      Nd143
        60            144              0        1.453490E+00   0.000000E+00          1.4535      Nd144
        60            145              0        1.670020E+01   0.000000E+00          1.0121      Nd145
        60            146              0        1.028300E+01   0.000000E+00          1.0711      Nd146
        60            148              0        4.396090E+00   0.000000E+00          1.0223      Nd148
        60            150              0        4.632270E+00   0.000000E+00          1.0070      Nd150
        61            147              0        2.097710E+01   0.000000E+00          0.9623      Pm147
        62            147              0        7.191350E+00   0.000000E+00          0.9988      Sm147
        62            149              0        1.856780E+02   0.000000E+00          1.0202      Sm149
        62            150              0        2.279950E+01   0.000000E+00          0.9500      Sm150
        62            151              0        6.128100E+01   0.000000E+00          1.0046      Sm151
        62            152              0        3.105620E+00   0.000000E+00          1.0352      Sm152
        62            154              0        1.083880E+01   0.000000E+00          0.9853      Sm154
        63            151              0        4.709250E+00   0.000000E+00          1.7442      Eu151
        63            153              0        9.139480E+00   0.000000E+00          0.9422      Eu153
        64            155              0        6.057370E+01   0.000000E+00          1.0372      Gd155
        64            157              0        1.001660E+03   0.000000E+00          0.9957      Gd157
        65            158              0        1.584000E+02   0.000000E+00         22.8571      Tb158
        65            159              0        6.947580E+00   0.000000E+00          1.0025      Tb159
        66            156              0        4.090420E+00   0.000000E+00          0.9977      Dy156
        66            160              0        5.602410E+00   0.000000E+00          1.0004      Dy160
        66            161              0        1.749980E+01   0.000000E+00          1.0542      Dy161
        66            162              0        2.830360E-01   0.000000E+00          0.2177      Dy162
        66            163              0        3.249640E+00   0.000000E+00          0.8552      Dy163
        66            164              0        3.280290E+02   0.000000E+00          1.0283      Dy164
        67            165              0        8.824850E+00   0.000000E+00          1.0202      Ho165
        68            162              0        8.027230E+00   0.000000E+00          0.8133      Er162
        68            164              0        9.127800E+00   0.000000E+00          1.1325      Er164
        68            166              0        1.427860E+01   0.000000E+00          1.0272      Er166
        68            167              0        2.456820E+00   0.000000E+00          1.8899      Er167
        68            168              0        9.661110E+00   0.000000E+00          1.3743      Er168
        68            170              0        1.170190E+01   0.000000E+00          1.0638      Er170
        69            169              0        6.975100E+00   0.000000E+00          1.0950      Tm169
        70            170              0        5.422010E+00   0.000000E+00          0.9332      Yb170
        70            171              0        1.650760E+01   0.000000E+00          0.9597      Yb171
        70            172              0        1.148610E+01   0.000000E+00          1.0165      Yb172
        70            173              0        1.432860E+01   0.000000E+00          1.0614      Yb173
        70            174              0        4.691780E+01   0.000000E+00          1.0133      Yb174
        70            176              0        8.870840E+00   0.000000E+00          0.9183      Yb176
        71            175              0        6.435990E+00   0.000000E+00          0.9606      Lu175
        71            176              0        2.515270E+00   0.000000E+00          0.9316      Lu176
        72            174              0        1.502210E+01   0.000000E+00          1.0015      Hf174
        72            176              0        5.825840E+00   0.000000E+00          1.0403      Hf176
        72            177              0        2.165950E-01   0.000000E+00          1.0830      Hf177
        72            178              0        6.122970E+00   0.000000E+00          1.3028      Hf178
        72            179              0        7.004320E+00   0.000000E+00          1.0006      Hf179
        72            180              0        2.231250E+01   0.000000E+00          1.0142      Hf180
        73            181              0        6.005560E+00   0.000000E+00          0.9781      Ta181
        74            180              0        9.985740E+00   0.000000E+00          1.2031      W180
        74            182              0        8.868370E+00   0.000000E+00          1.3988      W182
        74            183              0        5.691030E+00   0.000000E+00          0.8444      W183
        74            184              0        7.351120E+00   0.000000E+00          1.0002      W184
        74            186              0        8.545400E-02   0.000000E+00          1.2208      W186
        75            185              0        9.632240E+00   0.000000E+00          1.3491      Re185
        75            187              0        1.073400E+01   0.000000E+00          0.9253      Re187
        76            186              0        2.005480E+01   0.000000E+00          1.0027      Os186
        76            187              0        7.820620E+00   0.000000E+00          1.0026      Os187
        76            188              0        7.726610E+00   0.000000E+00          1.0035      Os188
        76            189              0        1.554890E+01   0.000000E+00          1.0032      Os189
        76            190              0        1.634650E+01   0.000000E+00          1.0029      Os190
        76            192              0        1.494150E+01   0.000000E+00          1.2556      Os192
        77            191              0        1.435790E+01   0.000000E+00          1.1965      Ir191
        77            193              0        1.312440E+01   0.000000E+00          1.0096      Ir193
        78            192              0        1.218990E+01   0.000000E+00          0.9910      Pt192
        78            194              0        1.267850E+01   0.000000E+00          0.9056      Pt194
        78            195              0        8.807830E+00   0.000000E+00          0.8721      Pt195
        78            196              0        1.134820E+01   0.000000E+00          0.9226      Pt196
        78            198              0        6.276790E+00   0.000000E+00          0.8037      Pt198
        79            197              0        8.312790E+00   0.000000E+00          1.0523      Au197
        80            198              0        1.281410E+01   0.000000E+00          1.3489      Hg198
        80            199              0        6.669640E+01   0.000000E+00          1.0014      Hg199
        81            203              0        9.302990E+00   0.000000E+00          0.9918      Tl203
        81            205              0        9.245270E+00   0.000000E+00          0.9190      Tl205
        82            204              0        1.122420E+01   0.000000E+00          0.8994      Pb204
        82            206              0        1.085990E+01   0.000000E+00          1.0000      Pb206
        82            208              0        1.132790E+01   0.000000E+00          0.9850      Pb208
        83            209              0        9.322600E+00   0.000000E+00          1.0008      Bi209
        88            226              0        9.822440E+00   0.000000E+00          1.0023      Ra226
        90            229              0        1.042990E+01   0.000000E+00          1.1167      Th229
        90            230              0        1.039160E+01   0.000000E+00          0.9992      Th230
        90            232              0        1.304420E+01   0.000000E+00          0.9620      Th232
        91            231              0        1.122040E+01   0.000000E+00          1.0389      Pa231
        91            233              0        1.243320E+01   0.000000E+00          0.7820      Pa233
        92            232              0        1.081310E+01   0.000000E+00          0.8130      U232
        92            233              0        1.210300E+01   0.000000E+00          0.9760      U233
        92            234              0        1.728360E+01   0.000000E+00          0.8909      U234
        92            235              0        1.409790E+01   0.000000E+00          1.0056      U235
        92            236              0        8.841110E+00   0.000000E+00          0.8186      U236
        92            238              0        9.239540E+00   0.000000E+00          1.0181      U238
        93            237              0        1.587140E+01   0.000000E+00          1.0871      Np237
        94            238              0        1.545590E+02   0.000000E+00          7.0899      Pu238
        94            239              0        8.083780E+00   0.000000E+00          1.0181      Pu239
        94            240              0        1.995520E+00   0.000000E+00          1.1535      Pu240
        94            241              0        1.199960E+01   0.000000E+00          1.3483      Pu241
        94            242              0        8.715090E+00   0.000000E+00          1.0314      Pu242
        94            244              0        1.038660E+01   0.000000E+00          0.9442      Pu244
        95            241              0        1.181810E+01   0.000000E+00          0.7724      Am241
        95            243              0        7.881780E+00   0.000000E+00          0.8836      Am243
        96            244              0        1.238870E+01   0.000000E+00          1.4766      Cm244
        96            246              0        9.221240E+00   0.000000E+00          0.8307      Cm246
        96            248              0        6.989120E+00   0.000000E+00          0.9136      Cm248
