# header: 
#   title: (n,el) thermal cross section for jendl5.0
#   source: Resonancetables
#   date: 2025-10-02
# reaction: 
#   type: (n,el)
# quantity: 
#   type: thermal cross section
# datablock: 
#   columns: 7
#   entries: 262
##       Z              A            Liso           Value         dValue          Ratio         Nuclide
##      []             []             []             [b]            [b]            []             [%]
         1              1              0        3.006830E+01   0.000000E+00          1.4674      H001
         1              2              0        4.227160E+00   0.000000E+00          1.2469      H002
         2              3              0        3.656390E+00   0.000000E+00          1.1795      He003
         3              6              0        7.965890E-01   0.000000E+00          1.0621      Li006
         3              7              0        1.041000E+00   0.000000E+00          1.0732      Li007
         4              9              0        6.494710E+00   0.000000E+00          1.0559      Be009
         5             10              0        2.251780E+00   0.000000E+00          1.0098      B010
         5             11              0        5.276100E+00   0.000000E+00          1.0901      B011
         6             12              0        4.945450E+00   0.000000E+00          1.0420      C012
         6             13              0        5.552470E+00   0.000000E+00          1.3252      C013
         7             14              0        1.035960E+01   0.000000E+00          1.0339      N014
         7             15              0        4.687330E+00   0.000000E+00          1.0212      N015
         8             16              0        3.982900E+00   0.000000E+00          1.0590      O016
         8             17              0        3.612360E+00   0.000000E+00          1.0007      O017
         9             19              0        3.739240E+00   0.000000E+00          1.0270      F019
        10             20              0        2.540310E+00   0.000000E+00          1.0285      Ne020
        10             21              0        3.625010E+00   0.000000E+00          0.6944      Ne021
        10             22              0        2.724140E+00   0.000000E+00          1.5977      Ne022
        11             23              0        3.353180E+00   0.000000E+00          1.1037      Na023
        12             24              0        3.827210E+00   0.000000E+00          1.0233      Mg024
        12             25              0        2.647020E+00   0.000000E+00          1.5301      Mg025
        12             26              0        2.885170E+00   0.000000E+00          1.0195      Mg026
        13             27              0        1.439950E+00   0.000000E+00          1.0188      Al027
        14             28              0        1.991190E+00   0.000000E+00          0.9996      Si028
        14             29              0        2.629040E+00   0.000000E+00          0.9884      Si029
        14             30              0        2.498590E+00   0.000000E+00          1.0034      Si030
        15             31              0        3.184950E+00   0.000000E+00          1.0163      P031
        16             32              0        9.786470E-01   0.000000E+00          1.0376      S032
        16             33              0        2.887880E+00   0.000000E+00          1.0578      S033
        16             34              0        2.108210E+00   0.000000E+00          1.4440      S034
        17             35              0        2.098170E+01   0.000000E+00          1.0185      Cl035
        17             37              0        1.150230E+00   0.000000E+00          1.0002      Cl037
        18             36              0        7.126180E+01   0.000000E+00          0.9669      Ar036
        18             38              0        2.341400E+00   0.000000E+00          1.5609      Ar038
        18             40              0        6.551660E-01   0.000000E+00          1.5864      Ar040
        19             39              0        2.085050E+00   0.000000E+00          1.0478      K039
        19             41              0        2.596120E+00   0.000000E+00          2.8219      K041
        20             40              0        3.060060E+00   0.000000E+00          1.1209      Ca040
        20             42              0        1.236510E+00   0.000000E+00          0.9026      Ca042
        20             43              0        5.129800E+00   0.000000E+00          1.0260      Ca043
        20             46              0        2.931780E+00   0.000000E+00          0.6146      Ca046
        21             45              0        2.273420E+01   0.000000E+00          1.0149      Sc045
        22             46              0        2.732500E+00   0.000000E+00          1.0046      Ti046
        22             47              0        3.264750E+00   0.000000E+00          0.9518      Ti047
        22             48              0        4.038010E+00   0.000000E+00          0.9849      Ti048
        22             49              0        5.460340E-01   0.000000E+00          0.7800      Ti049
        22             50              0        3.755670E+00   0.000000E+00          0.8900      Ti050
        23             49              0        3.567480E+00   0.000000E+00          0.9910      V049
        23             50              0        7.696850E+00   0.000000E+00          1.0262      V050
        23             51              0        4.966550E+00   0.000000E+00          1.0136      V051
        24             52              0        3.076950E+00   0.000000E+00          1.1068      Cr052
        24             53              0        7.896110E+00   0.000000E+00          1.0817      Cr053
        24             54              0        2.543880E+00   0.000000E+00          1.0015      Cr054
        25             55              0        2.229160E+00   0.000000E+00          1.0821      Mn055
        26             54              0        2.182480E+00   0.000000E+00          1.0058      Fe054
        26             56              0        1.218990E+01   0.000000E+00          0.9659      Fe056
        26             57              0        6.091470E-01   0.000000E+00          0.8958      Fe057
        27             59              0        5.844330E+00   0.000000E+00          0.9708      Co059
        27             60              0        4.401050E+00   0.000000E+00          1.0002      Co060
        28             58              0        2.503600E+01   0.000000E+00          0.9896      Ni058
        28             60              0        1.099380E+00   0.000000E+00          1.1218      Ni060
        28             61              0        8.802740E+00   0.000000E+00          1.0735      Ni061
        28             62              0        9.722910E+00   0.000000E+00          1.0076      Ni062
        28             64              0        2.832040E-01   0.000000E+00         20.2289      Ni064
        29             63              0        5.175850E+00   0.000000E+00          1.0149      Cu063
        29             65              0        1.401830E+01   0.000000E+00          0.9942      Cu065
        30             64              0        3.927290E+00   0.000000E+00          1.1654      Zn064
        30             66              0        4.938010E+00   0.000000E+00          1.1223      Zn066
        30             67              0        2.110960E+00   0.000000E+00          0.2868      Zn067
        30             68              0        4.553330E+00   0.000000E+00          1.0074      Zn068
        30             70              0        4.336410E+00   0.000000E+00          1.2390      Zn070
        31             69              0        7.681220E+00   0.000000E+00          0.9911      Ga069
        31             71              0        5.325180E+00   0.000000E+00          0.8875      Ga071
        32             70              0        1.389370E+01   0.000000E+00          1.1277      Ge070
        32             72              0        8.926860E+00   0.000000E+00          0.9974      Ge072
        32             73              0        4.814210E+00   0.000000E+00          0.9628      Ge073
        32             74              0        7.222430E+00   0.000000E+00          1.0158      Ge074
        32             76              0        8.416350E+00   0.000000E+00          1.0140      Ge076
        33             75              0        5.466490E+00   0.000000E+00          1.0067      As075
        34             74              0        7.323590E+00   0.000000E+00          2.1796      Se074
        34             76              0        1.852190E+01   0.000000E+00          1.0066      Se076
        34             77              0        8.458930E+00   0.000000E+00          0.9451      Se077
        34             78              0        8.454300E+00   0.000000E+00          1.0065      Se078
        34             79              0        6.340230E+00   0.000000E+00          1.0064      Se079
        34             80              0        6.993800E+00   0.000000E+00          1.0063      Se080
        34             82              0        5.030770E+00   0.000000E+00          1.0062      Se082
        35             79              0        3.289640E+00   0.000000E+00          0.5595      Br079
        35             81              0        3.638900E+00   0.000000E+00          0.6318      Br081
        36             80              0        7.335540E+00   0.000000E+00          0.7263      Kr080
        36             82              0        1.857650E+01   0.000000E+00          1.6014      Kr082
        36             86              0        6.185640E+00   0.000000E+00          0.9205      Kr086
        37             85              0        5.888750E+00   0.000000E+00          0.9407      Rb085
        37             87              0        4.384270E+00   0.000000E+00          0.6544      Rb087
        38             84              0        5.574100E+00   0.000000E+00          0.7963      Sr084
        38             86              0        4.157260E+00   0.000000E+00          1.0367      Sr086
        38             88              0        5.592880E+00   0.000000E+00          0.8753      Sr088
        39             89              0        7.654530E+00   0.000000E+00          0.9993      Y089
        40             88              0        4.970070E+00   0.000000E+00          0.0006      Zr088
        40             90              0        5.283630E+00   0.000000E+00          0.9969      Zr090
        40             91              0        9.681830E+00   0.000000E+00          0.9859      Zr091
        40             92              0        7.262900E+00   0.000000E+00          1.0346      Zr092
        40             94              0        8.706840E+00   0.000000E+00          1.0136      Zr094
        40             96              0        5.604780E+00   0.000000E+00          1.0117      Zr096
        41             93              0        5.131040E+00   0.000000E+00          0.8055      Nb093
        42             92              0        6.000700E+00   0.000000E+00          1.0001      Mo092
        42             94              0        5.857530E+00   0.000000E+00          1.0047      Mo094
        42             95              0        6.497130E+00   0.000000E+00          1.0089      Mo095
        42             96              0        4.884020E+00   0.000000E+00          1.0029      Mo096
        42             97              0        6.555740E+00   0.000000E+00          0.9843      Mo097
        42             98              0        5.463430E+00   0.000000E+00          1.0006      Mo098
        42            100              0        6.010400E+00   0.000000E+00          1.0526      Mo100
        43             99              0        4.664590E+00   0.000000E+00          0.8042      Tc099
        44             99              0        3.704310E+00   0.000000E+00          0.7606      Ru099
        44            100              0        6.497680E+00   0.000000E+00          0.6188      Ru100
        44            101              0        6.000940E+00   0.000000E+00          1.0002      Ru101
        44            102              0        8.361750E+00   0.000000E+00          0.9270      Ru102
        44            104              0        6.461400E+00   0.000000E+00          1.0541      Ru104
        46            105              0        5.109800E+00   0.000000E+00          0.6551      Pd105
        46            106              0        4.732900E+00   0.000000E+00          0.9280      Pd106
        46            108              0        1.961590E+00   0.000000E+00          0.7974      Pd108
        48            106              0        5.057690E+00   0.000000E+00          1.1137      Cd106
        48            108              0        4.568180E+00   0.000000E+00          1.2796      Cd108
        48            110              0        5.394170E+00   0.000000E+00          1.2782      Cd110
        48            111              0        4.561420E+00   0.000000E+00          0.8606      Cd111
        48            112              0        6.495750E+00   0.000000E+00          1.2837      Cd112
        48            113              0        2.524390E+01   0.000000E+00          1.0017      Cd113
        48            114              0        3.890680E+00   0.000000E+00          0.5527      Cd114
        48            116              0        5.497740E+00   0.000000E+00          1.1107      Cd116
        49            113              0        3.698260E+00   0.000000E+00          1.0077      In113
        49            115              0        2.537910E+00   0.000000E+00          1.0071      In115
        50            112              0        4.608780E+00   0.000000E+00          1.0242      Sn112
        50            114              0        4.565850E+00   0.000000E+00          0.9926      Sn114
        50            116              0        4.521300E+00   0.000000E+00          1.0137      Sn116
        50            117              0        4.842910E+00   0.000000E+00          0.8773      Sn117
        50            118              0        4.229330E+00   0.000000E+00          0.8631      Sn118
        50            119              0        4.693860E+00   0.000000E+00          0.9350      Sn119
        50            120              0        5.237200E+00   0.000000E+00          0.9335      Sn120
        50            122              0        3.717090E+00   0.000000E+00          0.8353      Sn122
        50            124              0        4.344500E+00   0.000000E+00          0.9089      Sn124
        51            121              0        3.605960E+00   0.000000E+00          0.8948      Sb121
        51            123              0        3.915070E+00   0.000000E+00          1.0639      Sb123
        52            122              0        2.518560E+00   0.000000E+00          1.3468      Te122
        52            123              0        5.922130E-01   0.000000E+00          0.8973      Te123
        52            124              0        3.667470E+00   0.000000E+00          0.4584      Te124
        52            125              0        3.414930E+00   0.000000E+00          1.0672      Te125
        52            126              0        3.446480E+00   0.000000E+00          0.8792      Te126
        52            130              0        3.850720E+00   0.000000E+00          0.8389      Te130
        53            127              0        3.254220E+00   0.000000E+00          0.8748      I127
        55            132              0        6.292290E+00   0.000000E+00          1.5850      Cs132
        55            133              0        3.259570E+00   0.000000E+00          0.8211      Cs133
        56            132              0        4.668370E+00   0.000000E+00          0.5909      Ba132
        56            134              0        2.981170E+00   0.000000E+00          0.5744      Ba134
        56            135              0        3.345360E+00   0.000000E+00          0.8827      Ba135
        56            136              0        2.763140E+00   0.000000E+00          0.9210      Ba136
        56            138              0        6.040560E+00   0.000000E+00          1.5568      Ba138
        57            139              0        1.006980E+01   0.000000E+00          0.9950      La139
        58            136              0        2.933070E+00   0.000000E+00          0.7034      Ce136
        58            140              0        2.893730E+00   0.000000E+00          0.9776      Ce140
        58            142              0        2.851380E+00   0.000000E+00          0.7706      Ce142
        59            141              0        2.729760E+00   0.000000E+00          1.0073      Pr141
        60            142              0        7.715240E+00   0.000000E+00          1.0287      Nd142
        60            143              0        8.306730E+01   0.000000E+00          1.0332      Nd143
        60            144              0        9.021500E-01   0.000000E+00          0.9021      Nd144
        60            145              0        1.970910E+01   0.000000E+00          1.1945      Nd145
        60            146              0        9.790080E+00   0.000000E+00          1.0198      Nd146
        60            148              0        4.269610E+00   0.000000E+00          0.9929      Nd148
        60            150              0        4.793390E+00   0.000000E+00          1.0420      Nd150
        61            147              0        2.097710E+01   0.000000E+00          0.9623      Pm147
        62            147              0        7.221030E+00   0.000000E+00          1.0029      Sm147
        62            149              0        1.787420E+02   0.000000E+00          0.9821      Sm149
        62            150              0        8.028300E+00   0.000000E+00          0.3345      Sm150
        62            151              0        5.038480E+01   0.000000E+00          0.8260      Sm151
        62            152              0        3.077340E+00   0.000000E+00          1.0258      Sm152
        62            154              0        1.103110E+01   0.000000E+00          1.0028      Sm154
        63            151              0        3.386730E+00   0.000000E+00          1.2543      Eu151
        63            153              0        8.869780E+00   0.000000E+00          0.9144      Eu153
        64            155              0        5.863510E+01   0.000000E+00          1.0040      Gd155
        64            157              0        1.017450E+03   0.000000E+00          1.0114      Gd157
        65            158              0        6.996000E+00   0.000000E+00          1.0095      Tb158
        65            159              0        6.898300E+00   0.000000E+00          0.9954      Tb159
        66            156              0        5.009870E+00   0.000000E+00          1.2219      Dy156
        66            160              0        5.490090E+00   0.000000E+00          0.9804      Dy160
        66            161              0        1.760270E+01   0.000000E+00          1.0604      Dy161
        66            162              0        3.556350E-04   0.000000E+00          0.0003      Dy162
        66            163              0        3.341510E+00   0.000000E+00          0.8793      Dy163
        66            164              0        3.229390E+02   0.000000E+00          1.0123      Dy164
        67            165              0        8.676350E+00   0.000000E+00          1.0030      Ho165
        68            162              0        8.027230E+00   0.000000E+00          0.8133      Er162
        68            164              0        9.136050E+00   0.000000E+00          1.1335      Er164
        68            166              0        1.244570E+01   0.000000E+00          0.8954      Er166
        68            167              0        1.334470E+00   0.000000E+00          1.0265      Er167
        68            168              0        8.984770E+00   0.000000E+00          1.2781      Er168
        68            170              0        1.282710E+01   0.000000E+00          1.1661      Er170
        69            169              0        6.380350E+00   0.000000E+00          1.0016      Tm169
        70            170              0        5.422010E+00   0.000000E+00          0.9332      Yb170
        70            171              0        1.650760E+01   0.000000E+00          0.9597      Yb171
        70            172              0        1.148610E+01   0.000000E+00          1.0165      Yb172
        70            173              0        1.432860E+01   0.000000E+00          1.0614      Yb173
        70            174              0        4.691780E+01   0.000000E+00          1.0133      Yb174
        70            176              0        8.870840E+00   0.000000E+00          0.9183      Yb176
        71            175              0        6.871690E+00   0.000000E+00          1.0256      Lu175
        72            174              0        1.502210E+01   0.000000E+00          1.0015      Hf174
        72            176              0        5.825840E+00   0.000000E+00          1.0403      Hf176
        72            177              0        2.165950E-01   0.000000E+00          1.0830      Hf177
        72            178              0        4.473230E+00   0.000000E+00          0.9518      Hf178
        72            179              0        7.004320E+00   0.000000E+00          1.0006      Hf179
        72            180              0        2.120710E+01   0.000000E+00          0.9640      Hf180
        73            181              0        5.878300E+00   0.000000E+00          0.9574      Ta181
        74            180              0        1.094280E+01   0.000000E+00          1.3184      W180
        74            182              0        8.868370E+00   0.000000E+00          1.3988      W182
        74            183              0        2.408680E+00   0.000000E+00          0.3574      W183
        74            184              0        7.371480E+00   0.000000E+00          1.0029      W184
        74            186              0        7.423690E-02   0.000000E+00          1.0605      W186
        75            185              0        7.751460E+00   0.000000E+00          1.0856      Re185
        75            187              0        1.338690E+01   0.000000E+00          1.1540      Re187
        76            186              0        2.005480E+01   0.000000E+00          1.0027      Os186
        76            187              0        7.820620E+00   0.000000E+00          1.0026      Os187
        76            188              0        7.726610E+00   0.000000E+00          1.0035      Os188
        76            189              0        1.554890E+01   0.000000E+00          1.0032      Os189
        76            190              0        1.634650E+01   0.000000E+00          1.0029      Os190
        76            192              0        1.494150E+01   0.000000E+00          1.2556      Os192
        77            191              0        1.396970E+01   0.000000E+00          1.1641      Ir191
        77            193              0        9.536310E+00   0.000000E+00          0.7336      Ir193
        78            192              0        1.234310E+01   0.000000E+00          1.0035      Pt192
        78            194              0        1.415380E+01   0.000000E+00          1.0110      Pt194
        78            195              0        7.928030E+00   0.000000E+00          0.7850      Pt195
        78            196              0        1.292790E+01   0.000000E+00          1.0510      Pt196
        78            198              0        7.836350E+00   0.000000E+00          1.0034      Pt198
        79            197              0        8.312790E+00   0.000000E+00          1.0523      Au197
        79            198              0        8.000620E+00   0.000000E+00          0.2286      Au198
        80            198              0        1.281410E+01   0.000000E+00          1.3489      Hg198
        80            199              0        6.669640E+01   0.000000E+00          1.0014      Hg199
        81            203              0        9.302990E+00   0.000000E+00          0.9918      Tl203
        81            205              0        9.245270E+00   0.000000E+00          0.9190      Tl205
        82            204              0        1.223320E+01   0.000000E+00          0.9802      Pb204
        82            206              0        1.084850E+01   0.000000E+00          0.9989      Pb206
        82            208              0        1.145730E+01   0.000000E+00          0.9963      Pb208
        83            209              0        9.389450E+00   0.000000E+00          1.0080      Bi209
        88            226              0        9.822440E+00   0.000000E+00          1.0023      Ra226
        90            229              0        1.042990E+01   0.000000E+00          1.1167      Th229
        90            230              0        1.039160E+01   0.000000E+00          0.9992      Th230
        90            232              0        1.304420E+01   0.000000E+00          0.9620      Th232
        91            231              0        1.058640E+01   0.000000E+00          0.9802      Pa231
        91            233              0        1.413910E+01   0.000000E+00          0.8893      Pa233
        92            232              0        1.081310E+01   0.000000E+00          0.8130      U232
        92            233              0        1.166340E+01   0.000000E+00          0.9406      U233
        92            234              0        1.781620E+01   0.000000E+00          0.9184      U234
        92            235              0        1.410890E+01   0.000000E+00          1.0063      U235
        92            236              0        1.082820E+01   0.000000E+00          1.0026      U236
        92            238              0        9.239540E+00   0.000000E+00          1.0181      U238
        93            237              0        1.420240E+01   0.000000E+00          0.9728      Np237
        94            238              0        3.653150E+01   0.000000E+00          1.6758      Pu238
        94            239              0        8.071170E+00   0.000000E+00          1.0165      Pu239
        94            240              0        2.667030E+00   0.000000E+00          1.5416      Pu240
        94            241              0        1.125910E+01   0.000000E+00          1.2651      Pu241
        94            242              0        8.277520E+00   0.000000E+00          0.9796      Pu242
        94            244              0        1.038660E+01   0.000000E+00          0.9442      Pu244
        95            241              0        4.657220E+00   0.000000E+00          0.3044      Am241
        95            243              0        6.060870E+00   0.000000E+00          0.6795      Am243
        96            244              0        1.234790E+01   0.000000E+00          1.4717      Cm244
        96            246              0        9.161560E+00   0.000000E+00          0.8254      Cm246
        96            248              0        6.989120E+00   0.000000E+00          0.9136      Cm248
