# header: 
#   title: (n,el) thermal cross section for Mughabghab-2018
#   source: Resonancetables
#   date: 2025-12-08
# reaction: 
#   type: (n,el)
# quantity: 
#   type: thermal cross section
# datablock: 
#   columns: 7
#   entries: 254
##       Z              A            Liso           Value         dValue          Ratio         Nuclide
##      []             []             []             [b]            [b]            []             [%]
         1              1              0        2.049100E+01   1.400000E-02          1.0000      H001
         1              2              0        3.390000E+00   1.200000E-02          1.0000      H002
         1              3              0        1.700000E+00   3.000000E-02          1.0000      H003
         2              3              0        3.100000E+00   1.300000E-01          1.0000      He003
         2              4              0        7.900000E-01   2.000000E-02          1.0000      He004
         3              6              0        7.500000E-01   2.000000E-02          1.0000      Li006
         3              7              0        9.700000E-01   4.000000E-02          1.0000      Li007
         4              9              0        6.151000E+00   5.000000E-03          1.0000      Be009
         5             10              0        2.230000E+00   6.000000E-02          1.0000      B010
         6             12              0        4.746000E+00   2.000000E-03          1.0000      C012
         6             13              0        4.190000E+00   1.200000E-01          1.0000      C013
         7             14              0        1.002000E+01   1.200000E-01          1.0000      N014
         7             15              0        4.590000E+00   5.000000E-02          1.0000      N015
         8             17              0        3.610000E+00   6.000000E-02          1.0000      O017
         9             19              0        3.641000E+00   1.000000E-02          1.0000      F019
        10             21              0        5.220000E+00   3.000000E-01          1.0000      Ne021
        10             22              0        1.705000E+00   9.000000E-03          1.0000      Ne022
        11             23              0        3.038000E+00   7.000000E-03          1.0000      Na023
        12             24              0        3.740000E+00   4.000000E-02          1.0000      Mg024
        12             25              0        1.730000E+00   1.300000E-01          1.0000      Mg025
        12             26              0        2.830000E+00   1.700000E-01          1.0000      Mg026
        13             27              0        1.413400E+00   1.000000E-03          1.0000      Al027
        14             28              0        1.992000E+00   6.000000E-03          1.0000      Si028
        14             29              0        2.660000E+00   1.300000E-01          1.0000      Si029
        14             30              0        2.490000E+00   4.000000E-02          1.0000      Si030
        15             31              0        3.134000E+00   1.000000E-02          1.0000      P031
        16             32              0        9.432000E-01   2.100000E-03          1.0000      S032
        16             33              0        2.730000E+00   2.500000E-01          1.0000      S033
        16             34              0        1.460000E+00   3.000000E-02          1.0000      S034
        17             35              0        2.060000E+01   3.000000E-01          1.0000      Cl035
        17             37              0        1.150000E+00   5.000000E-02          1.0000      Cl037
        18             36              0        7.370000E+01   4.000000E-01          1.0000      Ar036
        18             38              0        1.500000E+00   5.000000E-01          1.0000      Ar038
        18             40              0        4.130000E-01   4.000000E-03          1.0000      Ar040
        19             39              0        1.990000E+00   1.700000E-01          1.0000      K039
        19             41              0        9.200000E-01   2.000000E-01          1.0000      K041
        20             40              0        2.730000E+00   6.000000E-02          1.0000      Ca040
        20             42              0        1.370000E+00   8.000000E-02          1.0000      Ca042
        20             43              0        5.000000E+00   2.000000E-01          1.0000      Ca043
        20             46              0        4.770000E+00   6.000000E-01          1.0000      Ca046
        21             45              0        2.240000E+01   4.000000E-01          1.0000      Sc045
        22             47              0        3.430000E+00   2.200000E-01          1.0000      Ti047
        22             48              0        4.100000E+00   2.000000E-01          1.0000      Ti048
        22             49              0        7.000000E-01   3.000000E-01          1.0000      Ti049
        22             50              0        4.220000E+00   1.400000E-01          1.0000      Ti050
        23             49              0        3.600000E+00   0.000000E+00          1.0000      V049
        23             50              0        7.500000E+00   1.000000E+00          1.0000      V050
        23             51              0        4.900000E+00   6.000000E-02          1.0000      V051
        24             52              0        2.780000E+00   2.000000E-02          1.0000      Cr052
        24             53              0        7.300000E+00   2.000000E-01          1.0000      Cr053
        24             54              0        2.540000E+00   1.000000E-01          1.0000      Cr054
        25             55              0        2.060000E+00   3.000000E-02          1.0000      Mn055
        26             54              0        2.170000E+00   1.000000E-01          1.0000      Fe054
        26             56              0        1.262000E+01   4.900000E-01          1.0000      Fe056
        26             57              0        6.800000E-01   6.000000E-02          1.0000      Fe057
        27             59              0        6.020000E+00   7.000000E-02          1.0000      Co059
        27             60              0        4.400000E+00   4.000000E-01          1.0000      Co060
        28             58              0        2.530000E+01   4.000000E-01          1.0000      Ni058
        28             60              0        9.800000E-01   7.000000E-02          1.0000      Ni060
        28             61              0        8.200000E+00   1.000000E+00          1.0000      Ni061
        28             62              0        9.650000E+00   4.000000E-01          1.0000      Ni062
        28             64              0        1.400000E-02   5.000000E-03          1.0000      Ni064
        29             63              0        5.100000E+00   2.000000E-01          1.0000      Cu063
        29             65              0        1.410000E+01   5.000000E-01          1.0000      Cu065
        30             64              0        3.370000E+00   5.000000E-02          1.0000      Zn064
        30             66              0        4.400000E+00   3.000000E-01          1.0000      Zn066
        30             67              0        7.360000E+00   2.700000E-01          1.0000      Zn067
        30             68              0        4.520000E+00   5.000000E-02          1.0000      Zn068
        30             70              0        3.500000E+00   3.000000E-01          1.0000      Zn070
        31             69              0        7.750000E+00   8.000000E-02          1.0000      Ga069
        31             71              0        6.000000E+00   6.000000E-02          1.0000      Ga071
        32             70              0        1.232000E+01   2.500000E-01          1.0000      Ge070
        32             72              0        8.950000E+00   2.100000E-01          1.0000      Ge072
        32             73              0        5.000000E+00   2.000000E-01          1.0000      Ge073
        32             74              0        7.110000E+00   1.900000E-01          1.0000      Ge074
        32             76              0        8.300000E+00   3.000000E+00          1.0000      Ge076
        33             75              0        5.430000E+00   3.000000E-02          1.0000      As075
        34             74              0        3.360000E+00   3.400000E-01          1.0000      Se074
        34             76              0        1.840000E+01   3.000000E-01          1.0000      Se076
        34             77              0        8.950000E+00   1.900000E-01          1.0000      Se077
        34             78              0        8.400000E+00   2.000000E-02          1.0000      Se078
        34             79              0        6.300000E+00   0.000000E+00          1.0000      Se079
        34             80              0        6.950000E+00   6.000000E-02          1.0000      Se080
        34             82              0        5.000000E+00   1.300000E-01          1.0000      Se082
        35             79              0        5.880000E+00   2.400000E-01          1.0000      Br079
        35             81              0        5.760000E+00   1.500000E-01          1.0000      Br081
        36             80              0        1.010000E+01   9.000000E-01          1.0000      Kr080
        36             82              0        1.160000E+01   5.000000E-01          1.0000      Kr082
        36             86              0        6.720000E+00   3.700000E-01          1.0000      Kr086
        37             85              0        6.260000E+00   5.000000E-02          1.0000      Rb085
        37             87              0        6.700000E+00   1.000000E-01          1.0000      Rb087
        38             84              0        7.000000E+00   5.000000E-01          1.0000      Sr084
        38             86              0        4.010000E+00   7.000000E-02          1.0000      Sr086
        38             88              0        6.390000E+00   1.100000E-01          1.0000      Sr088
        39             89              0        7.660000E+00   3.000000E-02          1.0000      Y089
        40             88              0        8.100000E+03   0.000000E+00          1.0000      Zr088
        40             90              0        5.300000E+00   1.600000E-01          1.0000      Zr090
        40             91              0        9.820000E+00   2.300000E-01          1.0000      Zr091
        40             92              0        7.020000E+00   3.900000E-01          1.0000      Zr092
        40             94              0        8.590000E+00   4.100000E-01          1.0000      Zr094
        40             96              0        5.540000E+00   2.000000E-01          1.0000      Zr096
        41             93              0        6.370000E+00   7.000000E-02          1.0000      Nb093
        42             92              0        6.000000E+00   1.400000E-01          1.0000      Mo092
        42             94              0        5.830000E+00   1.200000E-01          1.0000      Mo094
        42             95              0        6.440000E+00   3.700000E-01          1.0000      Mo095
        42             96              0        4.870000E+00   9.000000E-02          1.0000      Mo096
        42             97              0        6.660000E+00   1.400000E-01          1.0000      Mo097
        42             98              0        5.460000E+00   1.200000E-01          1.0000      Mo098
        42            100              0        5.710000E+00   1.200000E-01          1.0000      Mo100
        43             99              0        5.800000E+00   5.000000E-01          1.0000      Tc099
        44             99              0        4.870000E+00   3.000000E-01          1.0000      Ru099
        44            100              0        1.050000E+01   9.000000E-01          1.0000      Ru100
        44            101              0        6.000000E+00   5.000000E-01          1.0000      Ru101
        44            102              0        9.020000E+00   6.400000E-01          1.0000      Ru102
        44            104              0        6.130000E+00   5.300000E-01          1.0000      Ru104
        45            103              0        4.380000E+00   1.300000E-01          1.0000      Rh103
        46            105              0        7.800000E+00   6.000000E-01          1.0000      Pd105
        46            108              0        2.460000E+00   4.500000E-01          1.0000      Pd108
        47            107              0        7.260000E+00   9.000000E-02          1.0000      Ag107
        47            109              0        2.480000E+00   5.000000E-02          1.0000      Ag109
        48            106              0        4.541400E+00   0.000000E+00          1.0000      Cd106
        48            108              0        3.570000E+00   3.200000E-01          1.0000      Cd108
        48            110              0        4.220000E+00   1.200000E-01          1.0000      Cd110
        48            111              0        5.300000E+00   3.000000E-01          1.0000      Cd111
        48            112              0        5.060000E+00   1.000000E-01          1.0000      Cd112
        48            113              0        2.520000E+01   0.000000E+00          1.0000      Cd113
        48            114              0        7.040000E+00   9.000000E-02          1.0000      Cd114
        48            116              0        4.950000E+00   1.400000E-01          1.0000      Cd116
        49            113              0        3.670000E+00   8.000000E-02          1.0000      In113
        49            115              0        2.520000E+00   1.000000E-01          1.0000      In115
        50            112              0        4.500000E+00   5.000000E-01          1.0000      Sn112
        50            114              0        4.600000E+00   5.000000E-01          1.0000      Sn114
        50            116              0        4.460000E+00   1.500000E-01          1.0000      Sn116
        50            117              0        5.520000E+00   2.600000E-01          1.0000      Sn117
        50            118              0        4.900000E+00   6.000000E-02          1.0000      Sn118
        50            119              0        5.020000E+00   5.000000E-02          1.0000      Sn119
        50            120              0        5.610000E+00   7.000000E-02          1.0000      Sn120
        50            122              0        4.450000E+00   5.000000E-02          1.0000      Sn122
        50            124              0        4.780000E+00   5.000000E-02          1.0000      Sn124
        51            121              0        4.030000E+00   9.000000E-02          1.0000      Sb121
        51            123              0        3.680000E+00   1.000000E-01          1.0000      Sb123
        52            122              0        1.870000E+00   1.700000E-01          1.0000      Te122
        52            123              0        6.600000E-01   3.000000E-02          1.0000      Te123
        52            124              0        8.000000E+00   2.000000E-01          1.0000      Te124
        52            125              0        3.200000E+00   1.500000E-01          1.0000      Te125
        52            126              0        3.920000E+00   1.000000E-01          1.0000      Te126
        52            130              0        4.590000E+00   1.100000E-01          1.0000      Te130
        53            127              0        3.720000E+00   6.000000E-02          1.0000      I127
        55            132              0        3.970000E+00   5.000000E-02          1.0000      Cs132
        55            133              0        3.970000E+00   5.000000E-02          1.0000      Cs133
        56            132              0        7.900000E+00   6.000000E-01          1.0000      Ba132
        56            134              0        5.190000E+00   1.800000E-01          1.0000      Ba134
        56            135              0        3.790000E+00   1.400000E-01          1.0000      Ba135
        56            137              0        6.300000E+00   2.000000E-01          1.0000      Ba137
        57            139              0        1.012000E+01   2.200000E-01          1.0000      La139
        58            140              0        2.960000E+00   1.100000E-01          1.0000      Ce140
        59            141              0        2.710000E+00   6.000000E-02          1.0000      Pr141
        60            142              0        7.500000E+00   5.000000E-01          1.0000      Nd142
        60            143              0        8.040000E+01   2.000000E+00          1.0000      Nd143
        60            144              0        1.000000E+00   2.000000E-01          1.0000      Nd144
        60            145              0        1.650000E+01   4.000000E-01          1.0000      Nd145
        60            146              0        9.600000E+00   4.000000E-01          1.0000      Nd146
        60            148              0        4.300000E+00   5.000000E-01          1.0000      Nd148
        60            150              0        4.600000E+00   4.000000E-01          1.0000      Nd150
        61            147              0        2.180000E+01   1.500000E+00          1.0000      Pm147
        62            147              0        7.200000E+00   8.000000E-01          1.0000      Sm147
        62            149              0        1.820000E+02   0.000000E+00          1.0000      Sm149
        62            150              0        2.400000E+01   9.000000E+00          1.0000      Sm150
        62            151              0        6.100000E+01   0.000000E+00          1.0000      Sm151
        62            152              0        3.000000E+00   2.000000E-01          1.0000      Sm152
        62            154              0        1.100000E+01   3.000000E+00          1.0000      Sm154
        63            151              0        2.700000E+00   3.000000E-01          1.0000      Eu151
        64            155              0        5.840000E+01   0.000000E+00          1.0000      Gd155
        64            157              0        1.006000E+03   1.000000E+02          1.0000      Gd157
        65            158              0        6.930000E+00   6.000000E-02          1.0000      Tb158
        65            159              0        6.930000E+00   6.000000E-02          1.0000      Tb159
        66            156              0        4.100000E+00   4.000000E-01          1.0000      Dy156
        66            160              0        5.600000E+00   7.000000E-01          1.0000      Dy160
        66            161              0        1.660000E+01   1.500000E+00          1.0000      Dy161
        66            162              0        1.300000E+00   1.000000E-01          1.0000      Dy162
        66            163              0        3.800000E+00   5.000000E-01          1.0000      Dy163
        66            164              0        3.190000E+02   1.000000E+01          1.0000      Dy164
        67            165              0        8.650000E+00   1.400000E-01          1.0000      Ho165
        68            162              0        9.870000E+00   4.500000E-01          1.0000      Er162
        68            164              0        8.060000E+00   2.800000E-01          1.0000      Er164
        68            166              0        1.390000E+01   5.000000E-01          1.0000      Er166
        68            167              0        1.300000E+00   5.000000E-01          1.0000      Er167
        68            168              0        7.030000E+00   2.500000E-01          1.0000      Er168
        68            170              0        1.100000E+01   1.900000E+00          1.0000      Er170
        69            169              0        6.370000E+00   8.000000E-02          1.0000      Tm169
        70            170              0        5.810000E+00   1.700000E-01          1.0000      Yb170
        70            171              0        1.720000E+01   7.000000E-01          1.0000      Yb171
        70            172              0        1.130000E+01   2.000000E-01          1.0000      Yb172
        70            173              0        1.350000E+01   4.000000E-01          1.0000      Yb173
        70            174              0        4.630000E+01   5.000000E-01          1.0000      Yb174
        70            176              0        9.660000E+00   2.200000E-01          1.0000      Yb176
        71            175              0        6.700000E+00   4.000000E-01          1.0000      Lu175
        71            176              0        2.700000E+00   4.000000E-01          1.0000      Lu176
        72            174              0        1.500000E+01   3.000000E+00          1.0000      Hf174
        72            176              0        5.600000E+00   3.000000E-01          1.0000      Hf176
        72            177              0        2.000000E-01   2.000000E-01          1.0000      Hf177
        72            178              0        4.700000E+00   2.000000E-01          1.0000      Hf178
        72            179              0        7.000000E+00   3.000000E-01          1.0000      Hf179
        72            180              0        2.200000E+01   1.000000E+00          1.0000      Hf180
        73            181              0        6.140000E+00   1.500000E-01          1.0000      Ta181
        74            180              0        8.300000E+00   4.000000E-01          1.0000      W180
        74            182              0        6.340000E+00   7.000000E-02          1.0000      W182
        74            183              0        6.740000E+00   5.000000E-01          1.0000      W183
        74            184              0        7.350000E+00   1.700000E-01          1.0000      W184
        74            186              0        7.000000E-02   1.000000E-02          1.0000      W186
        75            185              0        7.140000E+00   3.100000E-01          1.0000      Re185
        75            187              0        1.160000E+01   2.400000E+00          1.0000      Re187
        76            186              0        2.000000E+01   4.000000E+00          1.0000      Os186
        76            187              0        7.800000E+00   3.600000E+00          1.0000      Os187
        76            188              0        7.700000E+00   6.000000E-01          1.0000      Os188
        76            189              0        1.550000E+01   1.000000E+00          1.0000      Os189
        76            190              0        1.630000E+01   9.000000E-01          1.0000      Os190
        76            192              0        1.190000E+01   2.000000E-01          1.0000      Os192
        77            191              0        1.200000E+01   1.000000E+00          1.0000      Ir191
        78            192              0        1.230000E+01   1.200000E+00          1.0000      Pt192
        78            194              0        1.400000E+01   2.000000E-01          1.0000      Pt194
        78            195              0        1.010000E+01   2.000000E-01          1.0000      Pt195
        78            196              0        1.230000E+01   2.000000E-01          1.0000      Pt196
        78            198              0        7.810000E+00   2.000000E-01          1.0000      Pt198
        79            197              0        7.900000E+00   1.300000E-01          1.0000      Au197
        79            198              0        3.500000E+01   0.000000E+00          1.0000      Au198
        80            198              0        9.500000E+00   3.000000E-01          1.0000      Hg198
        80            199              0        6.660000E+01   2.000000E+00          1.0000      Hg199
        81            205              0        1.006000E+01   1.600000E-01          1.0000      Tl205
        82            204              0        1.248000E+01   2.500000E-01          1.0000      Pb204
        82            206              0        1.086000E+01   1.100000E-01          1.0000      Pb206
        82            208              0        1.150000E+01   1.500000E-01          1.0000      Pb208
        83            209              0        9.315000E+00   4.000000E-03          1.0000      Bi209
        88            226              0        9.800000E+00   3.000000E-01          1.0000      Ra226
        90            232              0        1.356000E+01   8.000000E-02          1.0000      Th232
        91            231              0        1.080000E+01   7.000000E-01          1.0000      Pa231
        91            233              0        1.590000E+01   3.200000E+00          1.0000      Pa233
        92            229              0        1.402000E+01   2.200000E-01          1.0000      U229
        92            232              0        1.330000E+01   2.200000E+00          1.0000      U232
        92            233              0        1.240000E+01   3.000000E-01          1.0000      U233
        92            234              0        1.940000E+01   1.000000E+00          1.0000      U234
        92            235              0        1.402000E+01   2.200000E-01          1.0000      U235
        92            236              0        1.080000E+01   8.000000E-01          1.0000      U236
        92            238              0        9.075000E+00   1.500000E-02          1.0000      U238
        93            237              0        1.460000E+01   3.000000E-01          1.0000      Np237
        94            238              0        2.180000E+01   1.800000E+00          1.0000      Pu238
        94            239              0        7.940000E+00   3.600000E-01          1.0000      Pu239
        94            240              0        1.730000E+00   1.000000E-01          1.0000      Pu240
        94            241              0        8.900000E+00   8.000000E-01          1.0000      Pu241
        94            242              0        8.450000E+00   2.100000E-01          1.0000      Pu242
        94            244              0        1.100000E+01   5.000000E-01          1.0000      Pu244
        95            241              0        1.530000E+01   1.300000E+00          1.0000      Am241
        95            243              0        8.920000E+00   6.500000E-01          1.0000      Am243
        96            244              0        8.390000E+00   1.860000E+00          1.0000      Cm244
