# header: 
#   title: (n,el) thermal cross section for tendl.2025
#   source: Resonancetables
#   date: 2025-12-08
# reaction: 
#   type: (n,el)
# quantity: 
#   type: thermal cross section
# datablock: 
#   columns: 7
#   entries: 265
##       Z              A            Liso           Value         dValue          Ratio         Nuclide
##      []             []             []             [b]            [b]            []             [%]
         3              6              0        4.849640E-01   0.000000E+00          0.6466      Li006
         3              7              0        8.477610E-01   0.000000E+00          0.8740      Li007
         4              9              0        7.128460E+00   0.000000E+00          1.1589      Be009
         5             10              0        2.005180E+00   0.000000E+00          0.8992      B010
         5             11              0        6.235220E+00   0.000000E+00          1.2883      B011
         6             12              0        3.417480E+00   0.000000E+00          0.7201      C012
         6             13              0        4.355220E+00   0.000000E+00          1.0394      C013
         7             14              0        1.076150E+01   0.000000E+00          1.0740      N014
         7             15              0        4.409130E+00   0.000000E+00          0.9606      N015
         8             16              0        3.947620E+00   0.000000E+00          1.0496      O016
         8             17              0        3.779740E+00   0.000000E+00          1.0470      O017
         9             19              0        3.918850E+00   0.000000E+00          1.0763      F019
        10             20              0        2.296820E+00   0.000000E+00          0.9299      Ne020
        10             21              0        5.668110E+00   0.000000E+00          1.0858      Ne021
        10             22              0        2.459140E+00   0.000000E+00          1.4423      Ne022
        11             23              0        3.153300E+00   0.000000E+00          1.0380      Na023
        12             24              0        3.856880E+00   0.000000E+00          1.0313      Mg024
        12             25              0        1.773950E+00   0.000000E+00          1.0254      Mg025
        12             26              0        3.385320E+00   0.000000E+00          1.1962      Mg026
        13             27              0        1.451670E+00   0.000000E+00          1.0271      Al027
        14             28              0        1.990790E+00   0.000000E+00          0.9994      Si028
        14             29              0        2.629040E+00   0.000000E+00          0.9884      Si029
        14             30              0        2.498630E+00   0.000000E+00          1.0035      Si030
        15             31              0        2.961460E+00   0.000000E+00          0.9449      P031
        16             32              0        9.989380E-01   0.000000E+00          1.0591      S032
        16             33              0        2.603040E+00   0.000000E+00          0.9535      S033
        16             34              0        1.996260E+00   0.000000E+00          1.3673      S034
        17             35              0        2.164160E+01   0.000000E+00          1.0506      Cl035
        17             37              0        1.298300E+00   0.000000E+00          1.1290      Cl037
        18             36              0        1.429240E+02   0.000000E+00          1.9393      Ar036
        18             38              0        1.242700E+00   0.000000E+00          0.8285      Ar038
        18             40              0        3.548970E-01   0.000000E+00          0.8593      Ar040
        19             39              0        1.688040E+00   0.000000E+00          0.8483      K039
        19             41              0        9.113020E-01   0.000000E+00          0.9905      K041
        20             40              0        2.033680E+00   0.000000E+00          0.7449      Ca040
        20             42              0        1.393510E+00   0.000000E+00          1.0172      Ca042
        20             43              0        4.237870E+00   0.000000E+00          0.8476      Ca043
        20             46              0        8.419780E+00   0.000000E+00          1.7652      Ca046
        21             45              0        2.333060E+01   0.000000E+00          1.0415      Sc045
        22             46              0        2.744860E+00   0.000000E+00          1.0091      Ti046
        22             47              0        3.427030E+00   0.000000E+00          0.9991      Ti047
        22             48              0        4.037690E+00   0.000000E+00          0.9848      Ti048
        22             49              0        7.716840E-01   0.000000E+00          1.1024      Ti049
        22             50              0        3.084190E+00   0.000000E+00          0.7309      Ti050
        23             49              0        3.646320E+00   0.000000E+00          1.0129      V049
        23             50              0        1.006340E+01   0.000000E+00          1.3418      V050
        23             51              0        4.933710E+00   0.000000E+00          1.0069      V051
        24             52              0        3.450890E+00   0.000000E+00          1.2413      Cr052
        24             53              0        8.087630E+00   0.000000E+00          1.1079      Cr053
        24             54              0        2.544470E+00   0.000000E+00          1.0018      Cr054
        25             55              0        2.228970E+00   0.000000E+00          1.0820      Mn055
        26             54              0        2.141130E+00   0.000000E+00          0.9867      Fe054
        26             56              0        1.218970E+01   0.000000E+00          0.9659      Fe056
        26             57              0        2.951780E-01   0.000000E+00          0.4341      Fe057
        27             59              0        6.217820E+00   0.000000E+00          1.0329      Co059
        27             60              0        4.411230E+00   0.000000E+00          1.0026      Co060
        28             58              0        2.043040E+01   0.000000E+00          0.8075      Ni058
        28             60              0        1.099410E+00   0.000000E+00          1.1218      Ni060
        28             61              0        1.014950E+01   0.000000E+00          1.2377      Ni061
        28             62              0        9.732400E+00   0.000000E+00          1.0085      Ni062
        28             64              0        2.831520E-01   0.000000E+00         20.2251      Ni064
        29             63              0        5.394020E+00   0.000000E+00          1.0577      Cu063
        29             65              0        1.372000E+01   0.000000E+00          0.9730      Cu065
        30             64              0        3.403930E+00   0.000000E+00          1.0101      Zn064
        30             66              0        5.430230E+00   0.000000E+00          1.2341      Zn066
        30             67              0        8.028890E+00   0.000000E+00          1.0909      Zn067
        30             68              0        5.025150E+00   0.000000E+00          1.1118      Zn068
        30             70              0        3.470410E+00   0.000000E+00          0.9915      Zn070
        31             69              0        7.278780E+00   0.000000E+00          0.9392      Ga069
        31             71              0        6.272030E+00   0.000000E+00          1.0453      Ga071
        32             70              0        1.389370E+01   0.000000E+00          1.1277      Ge070
        32             72              0        6.649360E+00   0.000000E+00          0.7429      Ge072
        32             73              0        5.004450E+00   0.000000E+00          1.0009      Ge073
        32             74              0        8.707880E+00   0.000000E+00          1.2247      Ge074
        32             76              0        1.123940E+01   0.000000E+00          1.3541      Ge076
        33             75              0        5.535330E+00   0.000000E+00          1.0194      As075
        34             74              0        3.159790E+00   0.000000E+00          0.9404      Se074
        34             76              0        1.852170E+01   0.000000E+00          1.0066      Se076
        34             77              0        8.492810E+00   0.000000E+00          0.9489      Se077
        34             78              0        8.429000E+00   0.000000E+00          1.0035      Se078
        34             79              0        2.983630E+00   0.000000E+00          0.4736      Se079
        34             80              0        6.651720E+00   0.000000E+00          0.9571      Se080
        34             82              0        5.634230E+00   0.000000E+00          1.1268      Se082
        35             79              0        6.065030E+00   0.000000E+00          1.0315      Br079
        35             81              0        6.047840E+00   0.000000E+00          1.0500      Br081
        36             80              0        8.086450E+00   0.000000E+00          0.8006      Kr080
        36             82              0        1.214290E+01   0.000000E+00          1.0468      Kr082
        36             86              0        6.782790E+00   0.000000E+00          1.0093      Kr086
        37             85              0        8.259050E+00   0.000000E+00          1.3193      Rb085
        37             87              0        6.757910E+00   0.000000E+00          1.0086      Rb087
        38             84              0        6.140960E+00   0.000000E+00          0.8773      Sr084
        38             86              0        4.046580E+00   0.000000E+00          1.0091      Sr086
        38             88              0        6.472350E+00   0.000000E+00          1.0129      Sr088
        39             89              0        7.654510E+00   0.000000E+00          0.9993      Y089
        40             88              0        8.155870E+03   0.000000E+00          1.0069      Zr088
        40             90              0        5.261370E+00   0.000000E+00          0.9927      Zr090
        40             91              0        9.717700E+00   0.000000E+00          0.9896      Zr091
        40             92              0        7.066090E+00   0.000000E+00          1.0066      Zr092
        40             94              0        8.658090E+00   0.000000E+00          1.0079      Zr094
        40             96              0        5.569440E+00   0.000000E+00          1.0053      Zr096
        41             93              0        6.280190E+00   0.000000E+00          0.9859      Nb093
        42             92              0        5.654280E+00   0.000000E+00          0.9424      Mo092
        42             94              0        5.874440E+00   0.000000E+00          1.0076      Mo094
        42             95              0        6.337780E+00   0.000000E+00          0.9841      Mo095
        42             96              0        4.879420E+00   0.000000E+00          1.0019      Mo096
        42             97              0        6.687760E+00   0.000000E+00          1.0042      Mo097
        42             98              0        5.461870E+00   0.000000E+00          1.0003      Mo098
        42            100              0        5.750460E+00   0.000000E+00          1.0071      Mo100
        43             99              0        5.588140E+00   0.000000E+00          0.9635      Tc099
        44             99              0        3.667080E+00   0.000000E+00          0.7530      Ru099
        44            100              0        9.482890E+00   0.000000E+00          0.9031      Ru100
        44            101              0        5.878090E+00   0.000000E+00          0.9797      Ru101
        44            102              0        9.256190E+00   0.000000E+00          1.0262      Ru102
        44            104              0        6.054750E+00   0.000000E+00          0.9877      Ru104
        45            103              0        3.887220E+00   0.000000E+00          0.8875      Rh103
        46            105              0        7.863400E+00   0.000000E+00          1.0081      Pd105
        46            106              0        4.992120E+00   0.000000E+00          0.9788      Pd106
        46            108              0        3.992520E+00   0.000000E+00          1.6230      Pd108
        47            107              0        7.451840E+00   0.000000E+00          1.0264      Ag107
        47            109              0        2.442310E+00   0.000000E+00          0.9848      Ag109
        48            106              0        4.725510E+00   0.000000E+00          1.0405      Cd106
        48            108              0        3.138250E+00   0.000000E+00          0.8791      Cd108
        48            110              0        4.087660E+00   0.000000E+00          0.9686      Cd110
        48            111              0        5.309840E+00   0.000000E+00          1.0019      Cd111
        48            112              0        5.086690E+00   0.000000E+00          1.0053      Cd112
        48            113              0        2.651250E+01   0.000000E+00          1.0521      Cd113
        48            114              0        6.588690E+00   0.000000E+00          0.9359      Cd114
        48            116              0        4.964180E+00   0.000000E+00          1.0029      Cd116
        49            113              0        3.626990E+00   0.000000E+00          0.9883      In113
        49            115              0        2.762070E+00   0.000000E+00          1.0961      In115
        50            112              0        4.246680E+00   0.000000E+00          0.9437      Sn112
        50            113              0        3.174880E+00   0.000000E+00          0.3608      Sn113
        50            114              0        4.405710E+00   0.000000E+00          0.9578      Sn114
        50            116              0        4.461800E+00   0.000000E+00          1.0004      Sn116
        50            117              0        5.352890E+00   0.000000E+00          0.9697      Sn117
        50            118              0        4.904210E+00   0.000000E+00          1.0009      Sn118
        50            119              0        4.982120E+00   0.000000E+00          0.9925      Sn119
        50            120              0        5.641050E+00   0.000000E+00          1.0055      Sn120
        50            122              0        4.310860E+00   0.000000E+00          0.9687      Sn122
        50            124              0        4.941950E+00   0.000000E+00          1.0339      Sn124
        51            121              0        4.240000E+00   0.000000E+00          1.0521      Sb121
        51            123              0        3.706990E+00   0.000000E+00          1.0073      Sb123
        52            122              0        1.808090E+00   0.000000E+00          0.9669      Te122
        52            123              0        7.197270E-01   0.000000E+00          1.0905      Te123
        52            124              0        8.060410E+00   0.000000E+00          1.0076      Te124
        52            125              0        3.484200E+00   0.000000E+00          1.0888      Te125
        52            126              0        3.960440E+00   0.000000E+00          1.0103      Te126
        52            130              0        5.914400E+00   0.000000E+00          1.2885      Te130
        53            127              0        3.639980E+00   0.000000E+00          0.9785      I127
        55            132              0        3.774810E+00   0.000000E+00          0.9508      Cs132
        55            133              0        3.986050E+00   0.000000E+00          1.0040      Cs133
        56            132              0        3.021850E+00   0.000000E+00          0.3825      Ba132
        56            134              0        2.143400E+00   0.000000E+00          0.4130      Ba134
        56            135              0        1.316360E+00   0.000000E+00          0.3473      Ba135
        56            136              0        3.630310E+00   0.000000E+00          1.2101      Ba136
        56            137              0        6.198920E+00   0.000000E+00          0.9840      Ba137
        56            138              0        2.982980E+00   0.000000E+00          0.7688      Ba138
        57            139              0        9.587400E+00   0.000000E+00          0.9474      La139
        58            136              0        2.237200E+00   0.000000E+00          0.5365      Ce136
        58            140              0        4.241060E-01   0.000000E+00          0.1433      Ce140
        58            142              0        3.763780E+00   0.000000E+00          1.0172      Ce142
        59            141              0        2.768260E+00   0.000000E+00          1.0215      Pr141
        60            142              0        5.884390E+00   0.000000E+00          0.7846      Nd142
        60            143              0        8.818770E+01   0.000000E+00          1.0969      Nd143
        60            144              0        9.403300E-01   0.000000E+00          0.9403      Nd144
        60            145              0        1.406900E+01   0.000000E+00          0.8527      Nd145
        60            146              0        9.843740E+00   0.000000E+00          1.0254      Nd146
        60            148              0        4.411870E+00   0.000000E+00          1.0260      Nd148
        60            150              0        4.575410E+00   0.000000E+00          0.9947      Nd150
        61            147              0        1.448810E+01   0.000000E+00          0.6646      Pm147
        62            147              0        7.243870E+00   0.000000E+00          1.0061      Sm147
        62            149              0        1.773350E+02   0.000000E+00          0.9744      Sm149
        62            150              0        2.018930E+01   0.000000E+00          0.8412      Sm150
        62            151              0        5.662550E+01   0.000000E+00          0.9283      Sm151
        62            152              0        3.105920E+00   0.000000E+00          1.0353      Sm152
        62            154              0        6.448260E+00   0.000000E+00          0.5862      Sm154
        63            151              0        2.452140E+00   0.000000E+00          0.9082      Eu151
        63            153              0        7.476810E+00   0.000000E+00          0.7708      Eu153
        64            155              0        5.678530E+01   0.000000E+00          0.9724      Gd155
        64            157              0        1.008250E+03   0.000000E+00          1.0022      Gd157
        65            158              0        7.257890E+00   0.000000E+00          1.0473      Tb158
        65            159              0        6.918740E+00   0.000000E+00          0.9984      Tb159
        66            156              0        2.560670E+00   0.000000E+00          0.6246      Dy156
        66            160              0        5.923590E+00   0.000000E+00          1.0578      Dy160
        66            161              0        1.628800E+01   0.000000E+00          0.9812      Dy161
        66            162              0        1.342670E+00   0.000000E+00          1.0328      Dy162
        66            163              0        2.213480E+00   0.000000E+00          0.5825      Dy163
        66            164              0        3.201800E+02   0.000000E+00          1.0037      Dy164
        67            165              0        8.758140E+00   0.000000E+00          1.0125      Ho165
        68            162              0        1.008480E+01   0.000000E+00          1.0218      Er162
        68            164              0        6.665880E+00   0.000000E+00          0.8270      Er164
        68            166              0        1.357890E+01   0.000000E+00          0.9769      Er166
        68            167              0        1.315220E+00   0.000000E+00          1.0117      Er167
        68            168              0        7.041940E+00   0.000000E+00          1.0017      Er168
        68            170              0        1.113940E+01   0.000000E+00          1.0127      Er170
        69            169              0        7.016990E+00   0.000000E+00          1.1016      Tm169
        70            170              0        5.346550E+00   0.000000E+00          0.9202      Yb170
        70            171              0        1.221450E+01   0.000000E+00          0.7101      Yb171
        70            172              0        1.207590E+01   0.000000E+00          1.0687      Yb172
        70            173              0        1.387910E+01   0.000000E+00          1.0281      Yb173
        70            174              0        4.691770E+01   0.000000E+00          1.0133      Yb174
        70            176              0        9.202550E+00   0.000000E+00          0.9526      Yb176
        71            175              0        6.249630E+00   0.000000E+00          0.9328      Lu175
        71            176              0        2.286780E+00   0.000000E+00          0.8470      Lu176
        72            174              0        1.396430E+01   0.000000E+00          0.9310      Hf174
        72            176              0        5.606780E+00   0.000000E+00          1.0012      Hf176
        72            177              0        3.147560E-01   0.000000E+00          1.5738      Hf177
        72            178              0        4.734190E+00   0.000000E+00          1.0073      Hf178
        72            179              0        6.946800E+00   0.000000E+00          0.9924      Hf179
        72            180              0        2.187380E+01   0.000000E+00          0.9943      Hf180
        73            181              0        5.911980E+00   0.000000E+00          0.9629      Ta181
        74            180              0        7.422770E+00   0.000000E+00          0.8943      W180
        74            182              0        6.253470E+00   0.000000E+00          0.9864      W182
        74            183              0        6.566520E+00   0.000000E+00          0.9743      W183
        74            184              0        7.951140E+00   0.000000E+00          1.0818      W184
        74            186              0        1.062260E-02   0.000000E+00          0.1518      W186
        75            185              0        7.086330E+00   0.000000E+00          0.9925      Re185
        75            187              0        1.149790E+01   0.000000E+00          0.9912      Re187
        76            186              0        1.578170E+01   0.000000E+00          0.7891      Os186
        76            187              0        6.178960E+00   0.000000E+00          0.7922      Os187
        76            188              0        9.291010E+00   0.000000E+00          1.2066      Os188
        76            189              0        2.519910E+01   0.000000E+00          1.6257      Os189
        76            190              0        1.352370E+01   0.000000E+00          0.8297      Os190
        76            192              0        2.125020E+01   0.000000E+00          1.7857      Os192
        77            191              0        1.153790E+01   0.000000E+00          0.9615      Ir191
        77            193              0        2.071810E+01   0.000000E+00          1.5937      Ir193
        78            192              0        1.070540E+01   0.000000E+00          0.8704      Pt192
        78            194              0        1.394400E+01   0.000000E+00          0.9960      Pt194
        78            195              0        1.003130E+01   0.000000E+00          0.9932      Pt195
        78            196              0        1.079880E+01   0.000000E+00          0.8780      Pt196
        78            198              0        6.276790E+00   0.000000E+00          0.8037      Pt198
        79            197              0        8.312790E+00   0.000000E+00          1.0523      Au197
        79            198              0        3.497890E+01   0.000000E+00          0.9994      Au198
        80            198              0        9.915480E+00   0.000000E+00          1.0437      Hg198
        80            199              0        6.579350E+01   0.000000E+00          0.9879      Hg199
        81            203              0        1.070210E+01   0.000000E+00          1.1409      Tl203
        81            205              0        9.245280E+00   0.000000E+00          0.9190      Tl205
        82            204              0        1.223320E+01   0.000000E+00          0.9802      Pb204
        82            206              0        1.084850E+01   0.000000E+00          0.9989      Pb206
        82            208              0        1.145730E+01   0.000000E+00          0.9963      Pb208
        83            209              0        9.779280E+00   0.000000E+00          1.0498      Bi209
        88            226              0        9.892000E+00   0.000000E+00          1.0094      Ra226
        90            229              0        1.130690E+01   0.000000E+00          1.2106      Th229
        90            230              0        1.047120E+01   0.000000E+00          1.0068      Th230
        90            232              0        1.295210E+01   0.000000E+00          0.9552      Th232
        91            231              0        1.015810E+01   0.000000E+00          0.9406      Pa231
        91            233              0        1.990470E+01   0.000000E+00          1.2519      Pa233
        92            232              0        1.081310E+01   0.000000E+00          0.8130      U232
        92            233              0        1.166340E+01   0.000000E+00          0.9406      U233
        92            234              0        2.394230E+01   0.000000E+00          1.2341      U234
        92            235              0        1.410880E+01   0.000000E+00          1.0063      U235
        92            236              0        8.841110E+00   0.000000E+00          0.8186      U236
        92            238              0        9.239680E+00   0.000000E+00          1.0181      U238
        93            237              0        1.421650E+01   0.000000E+00          0.9737      Np237
        94            238              0        2.077620E+01   0.000000E+00          0.9530      Pu238
        94            239              0        8.071270E+00   0.000000E+00          1.0165      Pu239
        94            240              0        1.734050E+00   0.000000E+00          1.0023      Pu240
        94            241              0        1.125910E+01   0.000000E+00          1.2651      Pu241
        94            242              0        8.715090E+00   0.000000E+00          1.0314      Pu242
        94            244              0        1.038660E+01   0.000000E+00          0.9442      Pu244
        95            241              0        1.181810E+01   0.000000E+00          0.7724      Am241
        95            243              0        6.061020E+00   0.000000E+00          0.6795      Am243
        96            244              0        1.238870E+01   0.000000E+00          1.4766      Cm244
        96            246              0        9.221240E+00   0.000000E+00          0.8307      Cm246
        96            248              0        6.989120E+00   0.000000E+00          0.9136      Cm248
