# header: 
#   title: If resonance data for endfb8.1
#   source: Resonancetables
#   date: 2025-09-08
# reaction: 
#   type: If
# quantity: 
#   type: resonance data
# datablock: 
#   columns: 7
#   entries: 45
##       Z              A            Liso           Value         dValue          Ratio         Nuclide
##      []             []             []            [eV]           [eV]            []             [%]
        88            226              0        8.790740E-06   0.000000E+00         0.0007      Ra226
        90            228              0        3.786890E-01   0.000000E+00         0.2069      Th228
        90            229              0        3.143160E+02   0.000000E+00         0.9947      Th229
        90            230              0        2.061900E-01   0.000000E+00         0.1676      Th230
        90            231              0        2.811520E+02   0.000000E+00         1.8023      Th231
        90            232              0        3.639150E-02   0.000000E+00         0.4878      Th232
        91            231              0        1.132610E+00   0.000000E+00         0.2846      Pa231
        91            232              0        9.296410E+02   0.000000E+00         0.8648      Pa232
        91            233              0        1.623290E-01   0.000000E+00         0.1194      Pa233
        92            232              0        3.710270E+02   0.000000E+00         1.0601      U232
        92            233              0        7.740140E+02   0.000000E+00         0.9987      U233
        92            234              0        2.494870E+00   0.000000E+00         0.3898      U234
        92            235              0        2.773210E+02   0.000000E+00         1.0084      U235
        92            236              0        4.986850E+00   0.000000E+00         0.6393      U236
        92            237              0        4.507200E+01   0.000000E+00         0.9590      U237
        92            238              0        1.791860E-01   0.000000E+00         0.0872      U238
        93            235              0        2.987690E+02   0.000000E+00         0.2213      Np235
        93            236              0        1.169450E+03   0.000000E+00         0.9961      Np236
        93            237              0        2.600740E+00   0.000000E+00         0.5533      Np237
        93            238              0        1.095680E+03   0.000000E+00         1.2409      Np238
        94            236              0        9.670670E+02   0.000000E+00         0.9768      Pu236
        94            238              0        2.395820E+01   0.000000E+00         0.8177      Pu238
        94            239              0        2.997730E+02   0.000000E+00         0.9893      Pu239
        94            240              0        5.520190E+00   0.000000E+00         0.6161      Pu240
        94            241              0        5.857470E+02   0.000000E+00         1.0592      Pu241
        94            242              0        1.868760E+00   0.000000E+00         0.3279      Pu242
        94            244              0        1.524710E+00   0.000000E+00         0.3112      Pu244
        95            241              0        1.000970E+01   0.000000E+00         0.6951      Am241
        95            242              1        1.539080E+03   0.000000E+00         0.9803      Am242m
        95            243              0        3.489000E+00   0.000000E+00         1.5170      Am243
        96            242              0        1.587700E+01   0.000000E+00         1.2213      Cm242
        96            243              0        1.542090E+03   0.000000E+00         1.0336      Cm243
        96            244              0        9.821960E+00   0.000000E+00         1.5842      Cm244
        96            245              0        8.286860E+02   0.000000E+00         1.0734      Cm245
        96            246              0        4.823050E+00   0.000000E+00         0.4728      Cm246
        96            247              0        9.497880E+02   0.000000E+00         1.2497      Cm247
        96            248              0        5.442690E+00   0.000000E+00         0.4123      Cm248
        97            249              0        7.187140E+00   0.000000E+00         0.6091      Bk249
        98            249              0        2.214050E+03   0.000000E+00         0.9303      Cf249
        98            250              0        1.296410E+02   0.000000E+00         0.8052      Cf250
        98            251              0        1.029230E+03   0.000000E+00         0.9954      Cf251
        98            252              0        1.051980E+02   0.000000E+00         0.9563      Cf252
        98            253              0        9.621700E+02   0.000000E+00         0.4811      Cf253
        98            254              0        9.966390E+01   0.000000E+00         3.5594      Cf254
        99            254              0        1.118500E+03   0.000000E+00         1.1074      Es254
