# header: 
#   title: If resonance data for jeff4.0
#   source: Resonancetables
#   date: 2025-08-25
# reaction: 
#   type: If
# quantity: 
#   type: resonance data
# datablock: 
#   columns: 7
#   entries: 44
##       Z              A            Liso           Value         dValue          Ratio         Nuclide
##      []             []             []            [eV]           [eV]            []             [%]
        88            226              0        1.087150E-03   0.000000E+00         0.0916      Ra226
        90            228              0        8.599620E-01   0.000000E+00         0.4699      Th228
        90            229              0        4.869420E+02   0.000000E+00         1.5410      Th229
        90            230              0        9.245340E-02   0.000000E+00         0.0752      Th230
        90            232              0        3.642470E-02   0.000000E+00         0.4883      Th232
        91            231              0        1.132610E+00   0.000000E+00         0.2846      Pa231
        91            232              0        9.296410E+02   0.000000E+00         0.8648      Pa232
        91            233              0        1.623290E-01   0.000000E+00         0.1194      Pa233
        92            232              0        3.598770E+02   0.000000E+00         1.0282      U232
        92            233              0        7.727300E+02   0.000000E+00         0.9971      U233
        92            234              0        2.568650E+00   0.000000E+00         0.4014      U234
        92            235              0        2.730700E+02   0.000000E+00         0.9930      U235
        92            236              0        5.509640E-01   0.000000E+00         0.0706      U236
        92            237              0        4.636600E+01   0.000000E+00         0.9865      U237
        92            238              0        1.784420E-01   0.000000E+00         0.0869      U238
        93            235              0        2.987690E+02   0.000000E+00         0.2213      Np235
        93            236              0        1.169450E+03   0.000000E+00         0.9961      Np236
        93            237              0        2.665900E+00   0.000000E+00         0.5672      Np237
        93            238              0        9.882630E+02   0.000000E+00         1.1192      Np238
        94            236              0        9.670670E+02   0.000000E+00         0.9768      Pu236
        94            238              0        2.421160E+01   0.000000E+00         0.8263      Pu238
        94            239              0        3.051610E+02   0.000000E+00         1.0071      Pu239
        94            240              0        5.571090E+00   0.000000E+00         0.6218      Pu240
        94            241              0        5.724420E+02   0.000000E+00         1.0352      Pu241
        94            242              0        1.820170E+00   0.000000E+00         0.3193      Pu242
        94            244              0        5.413650E-01   0.000000E+00         0.1105      Pu244
        95            241              0        9.533110E+00   0.000000E+00         0.6620      Am241
        95            242              1        1.550970E+03   0.000000E+00         0.9879      Am242m
        95            243              0        3.658920E+00   0.000000E+00         1.5908      Am243
        96            242              0        1.590000E+01   0.000000E+00         1.2231      Cm242
        96            243              0        1.540900E+03   0.000000E+00         1.0328      Cm243
        96            244              0        8.327780E+00   0.000000E+00         1.3432      Cm244
        96            245              0        8.238320E+02   0.000000E+00         1.0671      Cm245
        96            246              0        4.888150E+00   0.000000E+00         0.4792      Cm246
        96            247              0        9.502480E+02   0.000000E+00         1.2503      Cm247
        96            248              0        5.375820E+00   0.000000E+00         0.4073      Cm248
        97            249              0        7.187140E+00   0.000000E+00         0.6091      Bk249
        98            249              0        2.214050E+03   0.000000E+00         0.9303      Cf249
        98            250              0        1.296410E+02   0.000000E+00         0.8052      Cf250
        98            251              0        1.029230E+03   0.000000E+00         0.9954      Cf251
        98            252              0        1.051980E+02   0.000000E+00         0.9563      Cf252
        98            253              0        9.621700E+02   0.000000E+00         0.4811      Cf253
        98            254              0        9.966390E+01   0.000000E+00         3.5594      Cf254
        99            254              0        1.118500E+03   0.000000E+00         1.1074      Es254
