# header: 
#   title: If resonance data for jendl5.0
#   source: Resonancetables
#   date: 2025-11-14
# reaction: 
#   type: If
# quantity: 
#   type: resonance data
# datablock: 
#   columns: 7
#   entries: 45
##       Z              A            Liso           Value         dValue          Ratio         Nuclide
##      []             []             []            [eV]           [eV]            []             [%]
        88            226              0        8.790740E-06   0.000000E+00         0.0007      Ra226
        90            228              0        3.786890E-01   0.000000E+00         0.2069      Th228
        90            229              0        3.143160E+02   0.000000E+00         0.9947      Th229
        90            230              0        2.061900E-01   0.000000E+00         0.1676      Th230
        90            231              0        2.811520E+02   0.000000E+00         1.8023      Th231
        90            232              0        3.881230E-02   0.000000E+00         0.5203      Th232
        91            231              0        1.228740E+00   0.000000E+00         0.3087      Pa231
        91            232              0        9.296410E+02   0.000000E+00         0.8648      Pa232
        91            233              0        1.573390E-01   0.000000E+00         0.1157      Pa233
        92            232              0        3.598770E+02   0.000000E+00         1.0282      U232
        92            233              0        7.844330E+02   0.000000E+00         1.0122      U233
        92            234              0        2.589130E+00   0.000000E+00         0.4046      U234
        92            235              0        2.766680E+02   0.000000E+00         1.0061      U235
        92            236              0        5.434240E-01   0.000000E+00         0.0697      U236
        92            237              0        4.480700E+01   0.000000E+00         0.9533      U237
        92            238              0        1.772490E-01   0.000000E+00         0.0863      U238
        93            235              0        2.987690E+02   0.000000E+00         0.2213      Np235
        93            236              0        1.169450E+03   0.000000E+00         0.9961      Np236
        93            237              0        2.624380E+00   0.000000E+00         0.5584      Np237
        93            238              0        1.095680E+03   0.000000E+00         1.2409      Np238
        94            236              0        9.670670E+02   0.000000E+00         0.9768      Pu236
        94            238              0        2.434310E+01   0.000000E+00         0.8308      Pu238
        94            239              0        3.036670E+02   0.000000E+00         1.0022      Pu239
        94            240              0        5.316620E+00   0.000000E+00         0.5934      Pu240
        94            241              0        5.644040E+02   0.000000E+00         1.0206      Pu241
        94            242              0        1.803780E+00   0.000000E+00         0.3165      Pu242
        94            244              0        1.524710E+00   0.000000E+00         0.3112      Pu244
        95            241              0        1.002040E+01   0.000000E+00         0.6959      Am241
        95            242              1        1.550970E+03   0.000000E+00         0.9879      Am242m
        95            243              0        3.910130E+00   0.000000E+00         1.7001      Am243
        96            242              0        1.587700E+01   0.000000E+00         1.2213      Cm242
        96            243              0        1.543510E+03   0.000000E+00         1.0345      Cm243
        96            244              0        8.936590E+00   0.000000E+00         1.4414      Cm244
        96            245              0        8.286860E+02   0.000000E+00         1.0734      Cm245
        96            246              0        4.888150E+00   0.000000E+00         0.4792      Cm246
        96            247              0        9.497550E+02   0.000000E+00         1.2497      Cm247
        96            248              0        5.442690E+00   0.000000E+00         0.4123      Cm248
        97            249              0        7.187140E+00   0.000000E+00         0.6091      Bk249
        98            249              0        2.214050E+03   0.000000E+00         0.9303      Cf249
        98            250              0        1.296410E+02   0.000000E+00         0.8052      Cf250
        98            251              0        1.029230E+03   0.000000E+00         0.9954      Cf251
        98            252              0        1.051980E+02   0.000000E+00         0.9563      Cf252
        98            253              0        9.621700E+02   0.000000E+00         0.4811      Cf253
        98            254              0        9.966390E+01   0.000000E+00         3.5594      Cf254
        99            254              0        1.118500E+03   0.000000E+00         1.1074      Es254
