# header: 
#   title: If resonance data for JUKO
#   source: Resonancetables
#   date: 2025-12-08
# reaction: 
#   type: If
# quantity: 
#   type: resonance data
# datablock: 
#   columns: 7
#   entries: 42
##       Z              A            Liso           Value         dValue          Ratio         Nuclide
##      []             []             []            [eV]           [eV]            []             [%]
        90            229              0        4.050000E+02   7.500000E+01         1.2816      Th229
        90            231              0        1.560000E+02   0.000000E+00         1.0000      Th231
        90            232              0        7.460000E-02   1.600000E-03         1.0000      Th232
        90            233              0        8.400000E+01   0.000000E+00         1.0000      Th233
        91            231              0        5.000000E-02   1.000000E-02         0.0126      Pa231
        91            232              0        1.080000E+03   2.200000E+01         1.0047      Pa232
        91            233              0        3.000000E+00   0.000000E+00         2.2059      Pa233
        92            232              0        3.500000E+02   3.000000E+01         1.0000      U232
        92            233              0        7.750000E+02   1.700000E+01         1.0000      U233
        92            234              0        5.600000E-01   0.000000E+00         0.0875      U234
        92            235              0        2.750000E+02   5.000000E+00         1.0000      U235
        92            236              0        4.100000E+00   1.000000E+00         0.5256      U236
        92            237              0        1.400000E+01   0.000000E+00         0.2979      U237
        92            238              0        1.630000E-03   1.600000E-04         0.0008      U238
        93            235              0        1.350000E+03   3.000000E+02         1.0000      Np235
        93            236              0        1.350000E+03   8.600000E+01         1.1499      Np236
        93            237              0        4.700000E+00   2.300000E-01         1.0000      Np237
        93            238              0        8.830000E+02   7.000000E+01         1.0000      Np238
        94            236              0        9.900000E+02   3.000000E+01         1.0000      Pu236
        94            238              0        3.300000E+01   5.000000E+00         1.1263      Pu238
        94            239              0        3.030000E+02   1.000000E+01         1.0000      Pu239
        94            240              0        3.160000E+00   0.000000E+00         0.3527      Pu240
        94            241              0        5.700000E+02   1.500000E+01         1.0307      Pu241
        94            242              0        1.200000E-01   0.000000E+00         0.0211      Pu242
        94            243              0        5.500000E+02   8.000000E+01         1.0000      Pu243
        95            241              0        1.440000E+01   1.000000E+00         1.0000      Am241
        95            242              0        3.000000E+02   0.000000E+00         0.1429      Am242
        95            243              0        8.500000E+00   5.000000E-01         3.6957      Am243
        96            242              0        1.290000E+01   7.000000E-01         0.9923      Cm242
        96            243              0        1.570000E+03   1.000000E+02         1.0523      Cm243
        96            244              0        1.250000E+01   2.500000E+00         2.0161      Cm244
        96            245              0        8.400000E+02   4.000000E+02         1.0881      Cm245
        96            246              0        1.020000E+01   4.000000E-01         1.0000      Cm246
        96            247              0        7.600000E+02   5.000000E+01         1.0000      Cm247
        96            248              0        1.310000E+01   1.500000E+00         0.9924      Cm248
        98            249              0        2.380000E+03   8.500000E+01         1.0000      Cf249
        98            250              0        1.600000E+02   4.000000E+01         0.9938      Cf250
        98            251              0        5.900000E+03   1.000000E+02         5.7060      Cf251
        98            252              0        1.100000E+02   3.000000E+01         1.0000      Cf252
        98            253              0        2.000000E+03   4.000000E+02         1.0000      Cf253
        98            254              0        2.800000E+01   0.000000E+00         1.0000      Cf254
        99            254              0        1.200000E+03   2.500000E+02         1.1881      Es254
