# header:
#   title: If resonance data for Mughabghab-2018
#   source: Resonancetables
#   date: 2025-05-27
# reaction:
#   type: If
# quantity:
#   type: resonance data
# datablock:
#   columns: 7
#   entries: 29
##       Z              A            Liso           Value         dValue          Ratio         Nuclide
##      []             []             []            [eV]           [eV]            []             []
        91            232              0        1.075000E+03   2.200000E+01   1.000000E+00      Pa232                                                                                                   
        92            232              0        3.500000E+02   3.000000E+01   1.000000E+00      U232                                                                                                    
        92            233              0        7.750000E+02   1.800000E+01   1.000000E+00      U233                                                                                                    
        92            235              0        2.750000E+02   5.000000E+00   1.000000E+00      U235                                                                                                    
        93            237              0        4.700000E+00   2.300000E-01   1.000000E+00      Np237                                                                                                   
        93            238              0        8.830000E+02   7.000000E+01   1.000000E+00      Np238                                                                                                   
        94            236              0        9.900000E+02   3.000000E+01   1.000000E+00      Pu236                                                                                                   
        94            239              0        3.030000E+02   1.000000E+01   1.000000E+00      Pu239                                                                                                   
        94            241              0        5.530000E+02   2.000000E+01   1.000000E+00      Pu241                                                                                                   
        94            243              0        5.500000E+02   8.000000E+01   1.000000E+00      Pu243                                                                                                   
        95            241              0        1.440000E+01   1.000000E+00   1.000000E+00      Am241                                                                                                   
        95            242              0        2.100000E+03   2.000000E+02   1.000000E+00      Am242                                                                                                   
        95            242              1        1.570000E+03   8.000000E+01   1.000000E+00      Am242m                                                                                                  
        95            243              0        2.300000E+00   3.000000E-01   1.000000E+00      Am243                                                                                                   
        95            244              0        2.300000E+03   3.000000E+02   1.000000E+00      Am244                                                                                                   
        95            244              1        1.600000E+03   3.000000E+02   1.000000E+00      Am244m                                                                                                  
        96            242              0        1.300000E+01   7.000000E-01   1.000000E+00      Cm242                                                                                                   
        96            243              0        1.492000E+03   1.000000E+02   1.000000E+00      Cm243                                                                                                   
        96            244              0        6.200000E+00   2.000000E-01   1.000000E+00      Cm244                                                                                                   
        96            245              0        7.720000E+02   4.000000E+01   1.000000E+00      Cm245                                                                                                   
        96            246              0        1.020000E+01   4.000000E-01   1.000000E+00      Cm246                                                                                                   
        96            247              0        7.600000E+02   5.000000E+01   1.000000E+00      Cm247                                                                                                   
        96            248              0        1.320000E+01   8.000000E-01   1.000000E+00      Cm248                                                                                                   
        97            250              0        2.500000E-01   0.000000E+00   1.000000E+00      Bk250                                                                                                   
        98            249              0        2.380000E+03   8.500000E+01   1.000000E+00      Cf249                                                                                                   
        98            250              0        1.610000E+02   3.900000E+01   1.000000E+00      Cf250                                                                                                   
        98            252              0        1.100000E+02   3.000000E+01   1.000000E+00      Cf252                                                                                                   
        98            253              0        2.000000E+03   4.000000E+02   1.000000E+00      Cf253                                                                                                   
        99            254              0        1.010000E+03   8.000000E+01   1.000000E+00      Es254                                                                                                   
