# header: 
#   title: If resonance data for tendl.2025
#   source: Resonancetables
#   date: 2025-12-08
# reaction: 
#   type: If
# quantity: 
#   type: resonance data
# datablock: 
#   columns: 7
#   entries: 42
##       Z              A            Liso           Value         dValue          Ratio         Nuclide
##      []             []             []            [eV]           [eV]            []             [%]
        88            226              0        1.087150E-03   0.000000E+00         0.0916      Ra226
        90            228              0        5.691020E+00   0.000000E+00         3.1098      Th228
        90            229              0        3.157540E+02   0.000000E+00         0.9992      Th229
        90            230              0        9.065930E-02   0.000000E+00         0.0737      Th230
        90            232              0        3.889350E-02   0.000000E+00         0.5214      Th232
        91            231              0        1.149430E+00   0.000000E+00         0.2888      Pa231
        91            232              0        7.803420E+02   0.000000E+00         0.7259      Pa232
        91            233              0        1.871600E+00   0.000000E+00         1.3762      Pa233
        92            232              0        3.724300E+02   0.000000E+00         1.0641      U232
        92            233              0        7.865930E+02   0.000000E+00         1.0150      U233
        92            234              0        2.225410E+00   0.000000E+00         0.3477      U234
        92            235              0        2.765190E+02   0.000000E+00         1.0055      U235
        92            236              0        4.988710E+00   0.000000E+00         0.6396      U236
        92            237              0        1.108990E+01   0.000000E+00         0.2360      U237
        92            238              0        1.786300E-01   0.000000E+00         0.0870      U238
        93            236              0        1.256910E+03   0.000000E+00         1.0706      Np236
        93            237              0        2.581440E+00   0.000000E+00         0.5492      Np237
        93            238              0        9.915940E+02   0.000000E+00         1.1230      Np238
        94            236              0        7.545230E+02   0.000000E+00         0.7621      Pu236
        94            238              0        2.637030E+01   0.000000E+00         0.9000      Pu238
        94            239              0        3.084750E+02   0.000000E+00         1.0181      Pu239
        94            240              0        5.378650E+00   0.000000E+00         0.6003      Pu240
        94            241              0        5.645660E+02   0.000000E+00         1.0209      Pu241
        94            242              0        1.874110E+00   0.000000E+00         0.3288      Pu242
        94            244              0        5.577270E-01   0.000000E+00         0.1138      Pu244
        95            241              0        1.002120E+01   0.000000E+00         0.6959      Am241
        95            242              1        1.530370E+03   0.000000E+00         0.9748      Am242m
        95            243              0        3.909020E+00   0.000000E+00         1.6996      Am243
        96            242              0        2.994920E+01   0.000000E+00         2.3038      Cm242
        96            243              0        1.615620E+03   0.000000E+00         1.0829      Cm243
        96            244              0        8.739670E+00   0.000000E+00         1.4096      Cm244
        96            245              0        8.391190E+02   0.000000E+00         1.0869      Cm245
        96            246              0        2.772610E+00   0.000000E+00         0.2718      Cm246
        96            247              0        9.271720E+02   0.000000E+00         1.2200      Cm247
        96            248              0        4.280090E+00   0.000000E+00         0.3242      Cm248
        97            249              0        2.469830E+00   0.000000E+00         0.2093      Bk249
        98            249              0        2.337830E+03   0.000000E+00         0.9823      Cf249
        98            250              0        2.424940E+02   0.000000E+00         1.5062      Cf250
        98            251              0        8.077240E+02   0.000000E+00         0.7812      Cf251
        98            252              0        1.007490E+02   0.000000E+00         0.9159      Cf252
        98            253              0        2.964140E+02   0.000000E+00         0.1482      Cf253
        99            254              0        1.208750E+03   0.000000E+00         1.1968      Es254
