# header: 
#   title: (n,a) thermal cross section for endfb8.1
#   source: Resonancetables
#   date: 2025-12-15
# reaction: 
#   type: (n,a)
# quantity: 
#   type: thermal cross section
# datablock: 
#   columns: 7
#   entries: 41
##       Z              A            Liso           Value         dValue          Ratio         Nuclide
##      []             []             []             [b]            [b]            []             [%]
         5             10              0        3.844130E+03   0.000000E+00          1.0019      B010
         8             17              0        2.350000E-01   0.000000E+00          1.0000      O017
        10             21              0        1.800030E-04   0.000000E+00          1.0000      Ne021
        11             22              0        2.871400E+01   0.000000E+00          0.1096      Na022
        16             32              0        7.110260E-03   0.000000E+00          1.0158      S032
        16             33              0        1.711960E-01   0.000000E+00          1.4887      S033
        17             35              0        8.001350E-05   0.000000E+00          1.0002      Cl035
        19             39              0        4.301460E-03   0.000000E+00          1.0003      K039
        19             40              0        3.917730E-01   0.000000E+00          1.0045      K040
        20             40              0        1.012600E-20   0.000000E+00          0.0000      Ca040
        27             58              0        7.763820E-04   0.000000E+00          0.2588      Co058
        28             59              0        1.245580E+01   0.000000E+00          1.0127      Ni059
        30             64              0        1.107980E-05   0.000000E+00          1.0073      Zn064
        30             65              0        2.000070E+00   0.000000E+00          1.0000      Zn065
        30             66              0        2.042030E-09   0.000000E+00          0.0001      Zn066
        30             67              0        1.510220E-04   0.000000E+00          0.9498      Zn067
        42             95              0        1.706440E-04   0.000000E+00          5.6881      Mo095
        48            109              0        4.977190E-02   0.000000E+00          0.9954      Cd109
        52            123              0        4.646200E-05   0.000000E+00          1.0100      Te123
        60            143              0        1.649870E-02   0.000000E+00          0.7499      Nd143
        60            145              0        1.003600E-04   0.000000E+00          1.0036      Nd145
        62            147              0        2.252510E-04   0.000000E+00          0.3884      Sm147
        62            149              0        4.298360E-02   0.000000E+00          1.4001      Sm149
        63            151              0        8.768440E-06   0.000000E+00          0.9852      Eu151
        63            153              0        7.134190E-07   0.000000E+00          0.7134      Eu153
        64            152              0        7.007640E-03   0.000000E+00          1.0011      Gd152
        64            153              0        3.460920E-02   0.000000E+00          1.0488      Gd153
        64            155              0        6.657180E-05   0.000000E+00          0.8119      Gd155
        64            157              0        4.737760E-04   0.000000E+00          0.9476      Gd157
        73            181              0        3.737590E-05   0.000000E+00         37.3759      Ta181
        76            184              0        5.000170E-03   0.000000E+00          0.5000      Os184
        76            186              0        4.496090E-04   0.000000E+00          8.9922      Os186
        76            187              0        5.053480E-05   0.000000E+00          0.5053      Os187
        76            188              0        1.234620E-05   0.000000E+00          0.4115      Os188
        76            192              0        1.199000E-15   0.000000E+00          0.0000      Os192
        78            190              0        1.107320E-02   0.000000E+00          1.3841      Pt190
        78            192              0        1.136720E-04   0.000000E+00          0.5684      Pt192
        78            194              0        1.366670E-06   0.000000E+00          0.2733      Pt194
        78            195              0        1.096470E-04   0.000000E+00         21.9294      Pt195
        83            209              0        6.431000E-14   0.000000E+00          0.0000      Bi209
        84            210              0        4.538410E-04   0.000000E+00          0.2269      Po210
