# header: 
#   title: (n,a) thermal cross section for jeff4.0
#   source: Resonancetables
#   date: 2025-10-13
# reaction: 
#   type: (n,a)
# quantity: 
#   type: thermal cross section
# datablock: 
#   columns: 7
#   entries: 74
##       Z              A            Liso           Value         dValue          Ratio         Nuclide
##      []             []             []             [b]            [b]            []             [%]
         8             17              0        2.350010E-01   0.000000E+00          1.0000      O017
        10             21              0        1.800030E-04   0.000000E+00          1.0000      Ne021
        11             22              0        2.620060E+02   0.000000E+00          1.0000      Na022
        13             26              0        3.350420E-01   0.000000E+00          1.0001      Al026
        16             32              0        7.004080E-03   0.000000E+00          1.0006      S032
        16             33              0        1.150520E-01   0.000000E+00          1.0005      S033
        17             35              0        8.001350E-05   0.000000E+00          1.0002      Cl035
        17             36              0        5.904780E-04   0.000000E+00          1.0008      Cl036
        18             36              0        5.504350E-03   0.000000E+00          1.0008      Ar036
        19             39              0        4.306400E-03   0.000000E+00          1.0015      K039
        19             40              0        3.903580E-01   0.000000E+00          1.0009      K040
        20             40              0        2.504840E-03   0.000000E+00          1.0019      Ca040
        27             58              0        2.725220E+01   0.000000E+00       9084.0664      Co058
        28             58              0        3.011140E-05   0.000000E+00          1.0037      Ni058
        28             59              0        1.267960E+01   0.000000E+00          1.0309      Ni059
        28             61              0        3.009140E-05   0.000000E+00          1.0030      Ni061
        30             64              0        1.103440E-05   0.000000E+00          1.0031      Zn064
        30             65              0        1.994640E+00   0.000000E+00          0.9973      Zn065
        30             66              0        2.006970E-05   0.000000E+00          1.0035      Zn066
        30             67              0        1.594170E-04   0.000000E+00          1.0026      Zn067
        30             68              0        1.007400E-20   0.000000E+00          0.0000      Zn068
        34             77              0        9.726690E-04   0.000000E+00          1.0028      Se077
        42             95              0        3.002250E-05   0.000000E+00          1.0008      Mo095
        42             97              0        4.006360E-07   0.000000E+00          1.0016      Mo097
        44            101              0        1.502250E-07   0.000000E+00          1.5023      Ru101
        46            105              0        5.004780E-07   0.000000E+00          1.0010      Pd105
        48            109              0        4.998760E-02   0.000000E+00          0.9998      Cd109
        48            113              0        1.002190E-06   0.000000E+00          2.0044      Cd113
        50            115              0        6.001780E-05   0.000000E+00          1.0003      Sn115
        52            123              0        4.599240E-05   0.000000E+00          0.9998      Te123
        60            143              0        2.162460E-02   0.000000E+00          0.9829      Nd143
        60            145              0        9.909100E-05   0.000000E+00          0.9909      Nd145
        62            147              0        5.741720E-04   0.000000E+00          0.9900      Sm147
        62            149              0        3.034610E-02   0.000000E+00          0.9885      Sm149
        63            151              0        8.858180E-06   0.000000E+00          0.9953      Eu151
        63            153              0        1.001910E-06   0.000000E+00          1.0019      Eu153
        64            152              0        6.982510E-03   0.000000E+00          0.9975      Gd152
        64            153              0        3.287150E-02   0.000000E+00          0.9961      Gd153
        64            155              0        6.657180E-05   0.000000E+00          0.8119      Gd155
        64            157              0        4.737760E-04   0.000000E+00          0.9476      Gd157
        66            156              0        8.971570E-03   0.000000E+00          1.7943      Dy156
        66            158              0        6.004640E-03   0.000000E+00          1.2009      Dy158
        66            160              0        3.003040E-04   0.000000E+00          1.5015      Dy160
        66            161              0        2.991930E-05   0.000000E+00          0.9973      Dy161
        66            163              0        2.001790E-05   0.000000E+00          1.0009      Dy163
        67            165              0        2.002270E-05   0.000000E+00          1.0011      Ho165
        68            162              0        1.095750E-02   0.000000E+00          0.9961      Er162
        68            164              0        1.199980E-03   0.000000E+00          1.0000      Er164
        68            166              0        7.010810E-05   0.000000E+00          1.0015      Er166
        68            167              0        6.985600E-05   0.000000E+00          0.9979      Er167
        68            168              0        9.026660E-05   0.000000E+00          1.0030      Er168
        69            169              0        1.000640E-05   0.000000E+00          2.0013      Tm169
        70            168              0        9.963790E-05   0.000000E+00          0.9964      Yb168
        70            170              0        9.986120E-06   0.000000E+00          0.9986      Yb170
        70            171              0        1.491070E-06   0.000000E+00          0.9940      Yb171
        70            172              0        1.001320E-06   0.000000E+00          1.0013      Yb172
        70            173              0        9.986460E-07   0.000000E+00          0.9986      Yb173
        70            174              0        2.004310E-05   0.000000E+00          2.0043      Yb174
        70            176              0        1.003170E-06   0.000000E+00          1.0032      Yb176
        71            175              0        5.994420E-05   0.000000E+00          0.9991      Lu175
        71            176              0        1.993270E-03   0.000000E+00          0.9966      Lu176
        73            181              0        3.737590E-05   0.000000E+00         37.3759      Ta181
        76            184              0        9.949470E-03   0.000000E+00          0.9949      Os184
        76            186              0        9.926120E-05   0.000000E+00          1.9852      Os186
        76            187              0        9.889860E-05   0.000000E+00          0.9890      Os187
        76            188              0        2.996590E-05   0.000000E+00          0.9989      Os188
        76            192              0        1.002600E-20   0.000000E+00          0.0000      Os192
        78            190              0        7.960610E-03   0.000000E+00          0.9951      Pt190
        78            192              0        2.002150E-04   0.000000E+00          1.0011      Pt192
        78            194              0        5.007900E-06   0.000000E+00          1.0016      Pt194
        78            195              0        5.006080E-06   0.000000E+00          1.0012      Pt195
        81            203              0        2.859260E-02   0.000000E+00          1.0032      Tl203
        82            208              0        3.567420E-06   0.000000E+00          0.7135      Pb208
        83            209              0        2.987500E-07   0.000000E+00          0.9958      Bi209
