# header: 
#   title: (n,a) thermal cross section for jendl5.0
#   source: Resonancetables
#   date: 2025-12-08
# reaction: 
#   type: (n,a)
# quantity: 
#   type: thermal cross section
# datablock: 
#   columns: 7
#   entries: 59
##       Z              A            Liso           Value         dValue          Ratio         Nuclide
##      []             []             []             [b]            [b]            []             [%]
         5             10              0        3.836950E+03   0.000000E+00          1.0000      B010
         8             17              0        2.438160E-01   0.000000E+00          1.0375      O017
        10             21              0        1.800000E-04   0.000000E+00          1.0000      Ne021
        11             22              0        2.620010E+02   0.000000E+00          1.0000      Na022
        13             26              0        8.753870E-01   0.000000E+00          2.6131      Al026
        16             32              0        7.110260E-03   0.000000E+00          1.0158      S032
        16             33              0        1.711960E-01   0.000000E+00          1.4887      S033
        17             35              0        8.000110E-05   0.000000E+00          1.0000      Cl035
        17             36              0        5.896490E-04   0.000000E+00          0.9994      Cl036
        18             36              0        5.526670E-03   0.000000E+00          1.0048      Ar036
        19             39              0        4.300070E-03   0.000000E+00          1.0000      K039
        19             40              0        3.900070E-01   0.000000E+00          1.0000      K040
        27             58              0        3.000110E-04   0.000000E+00          0.1000      Co058
        28             58              0        2.280810E-05   0.000000E+00          0.7603      Ni058
        28             59              0        1.245580E+01   0.000000E+00          1.0127      Ni059
        28             61              0        4.611120E-04   0.000000E+00         15.3704      Ni061
        30             64              0        1.099220E-05   0.000000E+00          0.9993      Zn064
        30             65              0        2.000070E+00   0.000000E+00          1.0000      Zn065
        30             66              0        4.925600E-10   0.000000E+00          0.0000      Zn066
        30             67              0        1.590060E-04   0.000000E+00          1.0000      Zn067
        42             95              0        3.072430E-05   0.000000E+00          1.0241      Mo095
        46            105              0        2.293090E-04   0.000000E+00        458.6180      Pd105
        48            109              0        5.000170E-03   0.000000E+00          0.1000      Cd109
        50            115              0        1.966260E-04   0.000000E+00          3.2771      Sn115
        52            123              0        1.632680E-02   0.000000E+00        354.9304      Te123
        55            132              0        1.500050E-02   0.000000E+00          0.1000      Cs132
        60            143              0        2.217830E-02   0.000000E+00          1.0081      Nd143
        60            145              0        8.030830E-05   0.000000E+00          0.8031      Nd145
        62            147              0        5.773920E-04   0.000000E+00          0.9955      Sm147
        62            149              0        3.116650E-02   0.000000E+00          1.0152      Sm149
        63            151              0        8.768430E-06   0.000000E+00          0.9852      Eu151
        63            153              0        7.134190E-07   0.000000E+00          0.7134      Eu153
        64            152              0        7.037000E-03   0.000000E+00          1.0053      Gd152
        64            153              0        3.286650E-02   0.000000E+00          0.9960      Gd153
        64            155              0        8.946630E-05   0.000000E+00          1.0911      Gd155
        64            157              0        4.234290E-04   0.000000E+00          0.8469      Gd157
        66            156              0        1.355650E-04   0.000000E+00          0.0271      Dy156
        66            158              0        1.464360E-05   0.000000E+00          0.0029      Dy158
        66            160              0        9.439820E-07   0.000000E+00          0.0047      Dy160
        66            161              0        6.722290E-04   0.000000E+00         22.4076      Dy161
        66            163              0        4.795020E-06   0.000000E+00          0.2398      Dy163
        67            165              0        7.704500E-10   0.000000E+00          0.0000      Ho165
        68            167              0        7.000230E-05   0.000000E+00          1.0000      Er167
        69            169              0        5.067450E-06   0.000000E+00          1.0135      Tm169
        71            175              0        2.160620E-07   0.000000E+00          0.0036      Lu175
        73            181              0        6.823830E-08   0.000000E+00          0.0682      Ta181
        76            184              0        5.000170E-03   0.000000E+00          0.5000      Os184
        76            186              0        4.496080E-04   0.000000E+00          8.9922      Os186
        76            187              0        5.053480E-05   0.000000E+00          0.5053      Os187
        76            188              0        1.234530E-05   0.000000E+00          0.4115      Os188
        76            192              0        1.199000E-15   0.000000E+00          0.0000      Os192
        78            190              0        1.550750E-03   0.000000E+00          0.1938      Pt190
        78            192              0        8.539390E-07   0.000000E+00          0.0043      Pt192
        78            194              0        6.738900E-10   0.000000E+00          0.0001      Pt194
        78            195              0        1.133300E-12   0.000000E+00          0.0000      Pt195
        81            203              0        2.543500E-10   0.000000E+00          0.0000      Tl203
        82            208              0        3.567420E-06   0.000000E+00          0.7135      Pb208
        83            209              0        3.000090E-09   0.000000E+00          0.0100      Bi209
        84            210              0        5.552860E-07   0.000000E+00          0.0003      Po210
