# header:
#   title: (n,a) thermal cross section for Mughabghab-2018
#   source: Resonancetables
#   date: 2025-07-13
# reaction:
#   type: (n,a)
# quantity:
#   type: thermal cross section
# datablock:
#   columns: 7
#   entries: 85
##       Z              A            Liso           Value         dValue          Ratio         Nuclide
##      []             []             []             [b]            [b]            []             [%]
         3              6              0        9.400000E+02   4.000000E+00          1.0000      Li006
         3              7              0        1.000000E-01   0.000000E+00          1.0000      Li007
         5             10              0        3.837000E+03   9.000000E+00          1.0000      B010
         8             17              0        2.350000E-01   1.000000E-02          1.0000      O017
        10             21              0        1.800000E-04   7.000000E-05          1.0000      Ne021
        11             22              0        2.620000E+02   5.000000E+01          1.0000      Na022
        13             26              0        3.350000E-01   1.400000E-02          1.0000      Al026
        16             32              0        7.000000E-03   4.000000E-03          1.0000      S032
        16             33              0        1.150000E-01   1.000000E-02          1.0000      S033
        17             35              0        8.000000E-05   4.000000E-05          1.0000      Cl035
        17             36              0        5.900000E-04   7.000000E-05          1.0000      Cl036
        18             36              0        5.500000E-03   1.000000E-04          1.0000      Ar036
        18             37              0        1.070000E+03   8.000000E+01          1.0000      Ar037
        18             39              0        2.900000E-01   0.000000E+00          1.0000      Ar039
        19             39              0        4.300000E-03   5.000000E-04          1.0000      K039
        19             40              0        3.900000E-01   3.000000E-02          1.0000      K040
        20             40              0        2.500000E-03   1.100000E-03          1.0000      Ca040
        20             41              0        1.900000E-01   0.000000E+00          1.0000      Ca041
        26             54              0        1.000000E-05   0.000000E+00          1.0000      Fe054
        28             58              0        3.000000E-05   0.000000E+00          1.0000      Ni058
        28             59              0        1.230000E+01   6.000000E-01          1.0000      Ni059
        28             61              0        3.000000E-05   0.000000E+00          1.0000      Ni061
        30             64              0        1.100000E-05   3.000000E-06          1.0000      Zn064
        30             65              0        2.000000E+00   2.000000E-01          1.0000      Zn065
        30             66              0        2.000000E-05   0.000000E+00          1.0000      Zn066
        30             67              0        1.590000E-04   2.000000E-05          1.0000      Zn067
        30             68              0        2.000000E-05   0.000000E+00          1.0000      Zn068
        34             77              0        9.700000E-04   2.500000E-05          1.0000      Se077
        42             95              0        3.000000E-05   4.000000E-06          1.0000      Mo095
        42             97              0        4.000000E-07   2.000000E-07          1.0000      Mo097
        44            101              0        1.000000E-07   0.000000E+00          1.0000      Ru101
        46            105              0        5.000000E-07   2.000000E-07          1.0000      Pd105
        48            109              0        5.000000E-02   0.000000E+00          1.0000      Cd109
        48            113              0        5.000000E-07   0.000000E+00          1.0000      Cd113
        50            115              0        6.000000E-05   0.000000E+00          1.0000      Sn115
        52            123              0        4.600000E-05   6.000000E-06          1.0000      Te123
        54            127              0        1.000000E-02   0.000000E+00          1.0000      Xe127
        55            132              0        1.500000E-01   0.000000E+00          1.0000      Cs132
        60            143              0        2.200000E-02   3.000000E-03          1.0000      Nd143
        60            145              0        1.000000E-04   0.000000E+00          1.0000      Nd145
        62            147              0        5.800000E-04   6.000000E-05          1.0000      Sm147
        62            149              0        3.070000E-02   2.100000E-03          1.0000      Sm149
        63            151              0        8.900000E-06   1.800000E-06          1.0000      Eu151
        63            153              0        1.000000E-06   0.000000E+00          1.0000      Eu153
        64            152              0        7.000000E-03   0.000000E+00          1.0000      Gd152
        64            153              0        3.300000E-02   0.000000E+00          1.0000      Gd153
        64            155              0        8.200000E-05   1.100000E-05          1.0000      Gd155
        64            157              0        5.000000E-04   0.000000E+00          1.0000      Gd157
        66            156              0        5.000000E-03   0.000000E+00          1.0000      Dy156
        66            158              0        5.000000E-03   0.000000E+00          1.0000      Dy158
        66            160              0        2.000000E-04   0.000000E+00          1.0000      Dy160
        66            161              0        3.000000E-05   0.000000E+00          1.0000      Dy161
        66            163              0        2.000000E-05   0.000000E+00          1.0000      Dy163
        67            165              0        2.000000E-05   0.000000E+00          1.0000      Ho165
        68            162              0        1.100000E-02   0.000000E+00          1.0000      Er162
        68            164              0        1.200000E-03   0.000000E+00          1.0000      Er164
        68            166              0        7.000000E-05   0.000000E+00          1.0000      Er166
        68            167              0        7.000000E-05   0.000000E+00          1.0000      Er167
        68            168              0        9.000000E-05   0.000000E+00          1.0000      Er168
        69            169              0        5.000000E-06   0.000000E+00          1.0000      Tm169
        70            168              0        1.000000E-04   0.000000E+00          1.0000      Yb168
        70            170              0        1.000000E-05   0.000000E+00          1.0000      Yb170
        70            171              0        1.500000E-06   0.000000E+00          1.0000      Yb171
        70            172              0        1.000000E-06   0.000000E+00          1.0000      Yb172
        70            173              0        1.000000E-06   0.000000E+00          1.0000      Yb173
        70            174              0        1.000000E-05   0.000000E+00          1.0000      Yb174
        70            176              0        1.000000E-06   0.000000E+00          1.0000      Yb176
        71            175              0        6.000000E-05   0.000000E+00          1.0000      Lu175
        71            176              0        2.000000E-03   0.000000E+00          1.0000      Lu176
        72            180              0        1.300000E-05   0.000000E+00          1.0000      Hf180
        73            181              0        1.000000E-06   0.000000E+00          1.0000      Ta181
        76            184              0        1.000000E-02   0.000000E+00          1.0000      Os184
        76            186              0        5.000000E-05   0.000000E+00          1.0000      Os186
        76            187              0        1.000000E-04   0.000000E+00          1.0000      Os187
        76            188              0        3.000000E-05   0.000000E+00          1.0000      Os188
        76            192              0        5.000000E-06   0.000000E+00          1.0000      Os192
        78            190              0        8.000000E-03   0.000000E+00          1.0000      Pt190
        78            192              0        2.000000E-04   0.000000E+00          1.0000      Pt192
        78            194              0        5.000000E-06   0.000000E+00          1.0000      Pt194
        78            195              0        5.000000E-06   0.000000E+00          1.0000      Pt195
        81            203              0        2.850000E-02   0.000000E+00          1.0000      Tl203
        82            208              0        5.000000E-06   0.000000E+00          1.0000      Pb208
        83            209              0        3.000000E-07   0.000000E+00          1.0000      Bi209
        84            210              0        2.000000E-03   0.000000E+00          1.0000      Po210
        92            238              0        1.300000E-06   6.000000E-07          1.0000      U238
