# header: 
#   title: (n,a) thermal cross section
#   source: Resonancetables
#   date: 2025-10-02
# reaction: 
#   type: (n,a)
# quantity: 
#   type: thermal cross section
# datablock: 
#   columns: 13
#   entries: 96
##       Z              A            Liso           Value         dValue        Reference   Rel. dev. comp. Rel. dev. NDL Rel. dev. EXFOR Rel. dev. all  #Experiments     Spectrum        Nuclide
##      []             []             []             [b]            [b]            []             [%]            [%]            [%]            [%]            []             []             []
         3              6              0        9.400000E+02   4.000000E+00  Mughabghab-2018       0.00           0.00           0.00           0.00           0                              Li006 
         3              7              0        1.000000E-01   0.000000E+00  Mughabghab-2018     100.00           0.00           0.00         100.00           0                              Li007 
         4              7              0        1.000000E-01   0.000000E+00  Mughabghab-2006       0.00           0.00           0.00          99.80           1                              Be007 
         5              0              0        7.591000E+02   2.000000E+00  J.Als-Nielsen         0.00           0.00           1.26           1.15           6                              B000  
         5             10              0        3.837000E+03   9.000000E+00  Mughabghab-2018       0.00           0.08           1.51           0.98           4                              B010  
         8             17              0        2.350000E-01   1.000000E-02  Mughabghab-2018       0.00           1.61           3.52          21.94           8                              O017  
        10             21              0        1.800000E-04   7.000000E-05  Mughabghab-2018     141.37           0.00           0.00         305.75           4                              Ne021 
        11             22              0        2.620000E+02   5.000000E+01  Mughabghab-2018       0.00          49.60           0.00          35.70           0                              Na022 
        13             26              0        3.350000E-01   1.400000E-02  Mughabghab-2018      70.71          49.45           0.00          69.68           0                              Al026 
        16             32              0        7.000000E-03   4.000000E-03  Mughabghab-2018      63.40           0.74           0.00          50.50           4                              S032  
        16             33              0        1.150000E-01   1.000000E-02  Mughabghab-2018       2.02          18.49           0.00          33.48           5                              S033  
        17             35              0        8.000000E-05   4.000000E-05  Mughabghab-2018       0.00           0.04           0.00          12.30           2                              Cl035 
        17             36              0        5.900000E-04   7.000000E-05  Mughabghab-2018      70.71           0.07           0.00          37.80           2                              Cl036 
        18             36              0        5.500000E-03   1.000000E-04  Mughabghab-2018       4.16           0.19           0.00           5.69           5                              Ar036 
        18             37              0        1.070000E+03   8.000000E+01  Mughabghab-2018      25.69           0.00           0.00          30.58           2                              Ar037 
        18             38              0        2.900000E-01   0.000000E+00  Mughabghab-2006       0.00           0.00           0.00           0.00           0                              Ar038 
        18             39              0        2.900000E-01   0.000000E+00  Mughabghab-2018       0.00           0.00           0.00          39.51           2                              Ar039 
        19             39              0        4.300000E-03   5.000000E-04  Mughabghab-2018       0.00           0.07           0.00           0.06           0                              K039  
        19             40              0        3.900000E-01   3.000000E-02  Mughabghab-2018      70.71           0.18           0.00          35.36           2                              K040  
        20             40              0        2.500000E-03   1.100000E-03  Mughabghab-2018      65.34          70.71           0.00          61.01           1                              Ca040 
        20             41              0        1.900000E-01   0.000000E+00  Mughabghab-2018       0.00           0.00           0.00           0.00           0                              Ca041 
        26             54              0        1.000000E-05   0.000000E+00  Mughabghab-2018       0.00          85.35           0.00          81.65           1                              Fe054 
        27             58              0        3.000000E-03   0.000000E+00  D.C.Santry            0.00         100.00           0.00         122.46           1           MXW                Co058 
        28             58              0        3.000000E-05   0.000000E+00  Mughabghab-2018       0.00          59.49           0.00         201.98           1                              Ni058 
        28             59              0        1.230000E+01   6.000000E-01  Mughabghab-2018       0.00           1.00          25.52          26.37           5                              Ni059 
        28             61              0        3.000000E-05   0.000000E+00  Mughabghab-2018       0.00         116.93           0.00         229.65           2                              Ni061 
        30             64              0        1.100000E-05   3.000000E-06  Mughabghab-2018       0.00           0.30           0.00           0.31           0                              Zn064 
        30             65              0        2.000000E+00   2.000000E-01  Mughabghab-2018       0.00           0.13           0.00          39.65           1                              Zn065 
        30             66              0        2.000000E-05   0.000000E+00  Mughabghab-2018       0.00          99.99           0.00          63.24           0                              Zn066 
        30             67              0        1.590000E-04   2.000000E-05  Mughabghab-2018       0.00           2.60           0.00           2.19           1                              Zn067 
        30             68              0        2.000000E-05   0.000000E+00  Mughabghab-2018       0.00           0.00           0.00          81.65           0                              Zn068 
        34             77              0        9.700000E-04   2.500000E-05  Mughabghab-2018       0.00           0.00           0.00           0.13           0                              Se077 
        37             84              0        6.000000E-02   0.000000E+00  E.Hagberg             0.00           0.00           0.00           0.00           1           MXW                Rb084 
        42             95              0        3.000000E-05   4.000000E-06  Mughabghab-2018       0.00          93.02           0.00          97.74           0                              Mo095 
        42             97              0        4.000000E-07   2.000000E-07  Mughabghab-2018       0.00           0.00           0.00           0.08           0                              Mo097 
        44            101              0        1.000000E-07   0.000000E+00  Mughabghab-2018      20.00           0.00           0.00          15.78           0                              Ru101 
        46            105              0        5.000000E-07   2.000000E-07  Mughabghab-2018       0.00         140.50           0.00         197.84           0                              Pd105 
        48            109              0        5.000000E-02   0.000000E+00  Mughabghab-2018       0.00          50.27           0.00          36.14           1                              Cd109 
        48            113              0        5.000000E-07   0.000000E+00  Mughabghab-2018      33.33           0.00           0.00          24.79           0                              Cd113 
        50            115              0        6.000000E-05   0.000000E+00  Mughabghab-2018       0.00          61.01           0.00          62.57           0                              Sn115 
        52            123              0        4.600000E-05   6.000000E-06  Mughabghab-2018       3.98         171.26           0.00         240.12           0                              Te123 
        54            125              0        3.000000E-02   0.000000E+00  Mughabghab-2006       0.00           0.00           0.00           0.00           1                              Xe125 
        54            127              0        1.000000E-02   0.000000E+00  Mughabghab-2018      70.71           0.00           0.00          57.74           1                              Xe127 
        55            132              0        1.500000E-01   0.000000E+00  Mughabghab-2018       0.00          81.82           0.00          39.46           1                              Cs132 
        60            143              0        2.200000E-02   3.000000E-03  Mughabghab-2018      10.60          12.13           0.00          11.37           1                              Nd143 
        60            145              0        1.000000E-04   0.000000E+00  Mughabghab-2018      58.70           8.33           0.00          33.41           0                              Nd145 
        62            147              0        5.800000E-04   6.000000E-05  Mughabghab-2018       0.00          27.76           0.00          21.86           0                              Sm147 
        62            149              0        3.070000E-02   2.100000E-03  Mughabghab-2018       0.46          14.77           0.00          15.50           1                              Sm149 
        63            151              0        8.900000E-06   1.800000E-06  Mughabghab-2018       0.00           0.50           0.00           0.65           0                              Eu151 
        63            153              0        1.000000E-06   0.000000E+00  Mughabghab-2018       0.00          17.05           0.00          14.96           1                              Eu153 
        64            152              0        7.000000E-03   0.000000E+00  Mughabghab-2018       0.00           0.30           0.00           0.24           0                              Gd152 
        64            153              0        3.300000E-02   0.000000E+00  Mughabghab-2018      22.63           2.26           0.00          18.70           0                              Gd153 
        64            155              0        8.200000E-05   1.100000E-05  Mughabghab-2018       9.18          11.85           0.00          10.42           1                              Gd155 
        64            157              0        5.000000E-04   0.000000E+00  Mughabghab-2018       0.00           5.36           0.00           5.14           0                              Gd157 
        66            156              0        5.000000E-03   0.000000E+00  Mughabghab-2018      28.57          69.12           0.00          54.52           0                              Dy156 
        66            158              0        5.000000E-03   0.000000E+00  Mughabghab-2018       9.09          70.45           0.00          50.55           0                              Dy158 
        66            160              0        2.000000E-04   0.000000E+00  Mughabghab-2018      20.00          70.38           0.00          52.81           0                              Dy160 
        66            161              0        3.000000E-05   0.000000E+00  Mughabghab-2018       0.00         124.07           0.00         174.69           0                              Dy161 
        66            163              0        2.000000E-05   0.000000E+00  Mughabghab-2018       0.00          48.03           0.00          32.45           0                              Dy163 
        67            165              0        2.000000E-05   0.000000E+00  Mughabghab-2018       0.00          70.71           0.00          44.72           0                              Ho165 
        68            162              0        1.100000E-02   0.000000E+00  Mughabghab-2018       0.00           0.04           0.00           0.17           0                              Er162 
        68            164              0        1.200000E-03   0.000000E+00  Mughabghab-2018       0.00           0.03           0.00           0.02           0                              Er164 
        68            166              0        7.000000E-05   0.000000E+00  Mughabghab-2018       0.00           0.03           0.00           0.06           0                              Er166 
        68            167              0        7.000000E-05   0.000000E+00  Mughabghab-2018       0.00           0.09           0.00           0.09           0                              Er167 
        68            168              0        9.000000E-05   0.000000E+00  Mughabghab-2018       0.00           0.00           0.00           0.14           0                              Er168 
        68            169              0        1.000000E-05   0.000000E+00  RIPL-3                0.00           0.00           0.00           0.00           0                              Er169 
        69            169              0        5.000000E-06   0.000000E+00  Mughabghab-2018      28.28          27.85           0.00          28.07           0                              Tm169 
        70            168              0        1.000000E-04   0.000000E+00  Mughabghab-2018       0.00           0.03           0.00           0.16           1                              Yb168 
        70            170              0        1.000000E-05   0.000000E+00  Mughabghab-2018       0.00           0.04           0.00           0.05           1                              Yb170 
        70            171              0        1.500000E-06   0.000000E+00  Mughabghab-2018       0.00           0.03           0.00           0.27           1                              Yb171 
        70            172              0        1.000000E-06   0.000000E+00  Mughabghab-2018       0.00           0.01           0.00           0.07           1                              Yb172 
        70            173              0        1.000000E-06   0.000000E+00  Mughabghab-2018       0.00           0.03           0.00           0.08           1                              Yb173 
        70            174              0        1.000000E-05   0.000000E+00  Mughabghab-2018      33.33           0.02           0.00          24.78           0                              Yb174 
        70            176              0        1.000000E-06   0.000000E+00  Mughabghab-2018       0.00           0.00           0.00           0.15           1                              Yb176 
        71            175              0        6.000000E-05   0.000000E+00  Mughabghab-2018       0.00          70.33           0.00          44.53           0                              Lu175 
        71            176              0        2.000000E-03   0.000000E+00  Mughabghab-2018       0.00           0.00           0.00           0.17           0                              Lu176 
        72            180              0        1.300000E-05   0.000000E+00  Mughabghab-2018       0.00           0.00           0.00           0.12           0                              Hf180 
        73            181              0        1.000000E-06   0.000000E+00  Mughabghab-2018       0.00          80.94           0.00         123.46           0                              Ta181 
        76            184              0        1.000000E-02   0.000000E+00  Mughabghab-2018       0.00          33.11           0.00          28.20           0                              Os184 
        76            186              0        5.000000E-05   0.000000E+00  Mughabghab-2018      33.33          63.83           0.00          82.60           0                              Os186 
        76            187              0        1.000000E-04   0.000000E+00  Mughabghab-2018       0.00          32.36           0.00          25.89           0                              Os187 
        76            188              0        3.000000E-05   0.000000E+00  Mughabghab-2018       0.00          41.64           0.00          31.95           0                              Os188 
        76            192              0        5.000000E-06   0.000000E+00  Mughabghab-2018      33.33         100.00           0.00         152.75           0                              Os192 
        78            190              0        8.000000E-03   0.000000E+00  Mughabghab-2018       0.00          48.57           0.00          38.51           0                              Pt190 
        78            192              0        2.000000E-04   0.000000E+00  Mughabghab-2018       0.00          63.58           0.00          44.71           0                              Pt192 
        78            194              0        5.000000E-06   0.000000E+00  Mughabghab-2018       0.00          77.85           0.00          52.67           0                              Pt194 
        78            195              0        5.000000E-06   0.000000E+00  Mughabghab-2018       0.00         154.03           0.00         192.08           0                              Pt195 
        81            203              0        2.850000E-02   0.000000E+00  Mughabghab-2018       0.00          70.71           0.00          44.72           0                              Tl203 
        82            208              0        5.000000E-06   0.000000E+00  Mughabghab-2018      23.08          70.71           0.00          64.15           0                              Pb208 
        83            209              0        3.000000E-07   0.000000E+00  Mughabghab-2018       0.00          99.01           0.00          62.80           0                              Bi209 
        84            210              0        2.000000E-03   0.000000E+00  Mughabghab-2018       0.00         101.84           0.00          68.04           0                              Po210 
        90            232              0        1.000000E-04   0.000000E+00  C.Wagemans            0.00           0.00           0.00          81.76           1           MXW                Th232 
        92            233              0        2.000000E-04   0.000000E+00  C.Wagemans            0.00           0.00           0.00          20.26           2           MXW                U233  
        92            235              0        1.400000E-04   0.000000E+00  C.Wagemans            0.00           0.00           0.00          73.60           2           MXW                U235  
        92            238              0        1.300000E-06   6.000000E-07  Mughabghab-2018       0.00           0.00           0.00         107.57           2                              U238  
        94            239              0        3.700000E-04   0.000000E+00  C.Wagemans            0.00           0.00           0.00           0.00           1           MXW                Pu239 
