# header: 
#   title: (n,a) thermal cross section for tendl.2025
#   source: Resonancetables
#   date: 2025-09-14
# reaction: 
#   type: (n,a)
# quantity: 
#   type: thermal cross section
# datablock: 
#   columns: 7
#   entries: 82
##       Z              A            Liso           Value         dValue          Ratio         Nuclide
##      []             []             []             [b]            [b]            []             [%]
         5             10              0        3.844350E+03   0.000000E+00          1.0019      B010
         8             17              0        2.350010E-01   0.000000E+00          1.0000      O017
        10             21              0        1.800030E-04   0.000000E+00          1.0000      Ne021
        11             22              0        2.620060E+02   0.000000E+00          1.0000      Na022
        13             26              0        3.350420E-01   0.000000E+00          1.0001      Al026
        16             32              0        7.004080E-03   0.000000E+00          1.0006      S032
        16             33              0        1.150520E-01   0.000000E+00          1.0005      S033
        17             35              0        8.008330E-05   0.000000E+00          1.0010      Cl035
        17             36              0        5.904780E-04   0.000000E+00          1.0008      Cl036
        18             36              0        5.504350E-03   0.000000E+00          1.0008      Ar036
        19             39              0        4.306390E-03   0.000000E+00          1.0015      K039
        19             40              0        3.901080E-01   0.000000E+00          1.0003      K040
        20             40              0        2.504840E-03   0.000000E+00          1.0019      Ca040
        26             54              0        1.009300E-20   0.000000E+00          0.0000      Fe054
        27             58              0        2.725220E+01   0.000000E+00       9084.0664      Co058
        28             58              0        3.011120E-05   0.000000E+00          1.0037      Ni058
        28             59              0        1.233310E+01   0.000000E+00          1.0027      Ni059
        28             61              0        3.009010E-05   0.000000E+00          1.0030      Ni061
        30             64              0        1.103450E-05   0.000000E+00          1.0031      Zn064
        30             65              0        1.995280E+00   0.000000E+00          0.9976      Zn065
        30             66              0        2.006970E-05   0.000000E+00          1.0035      Zn066
        30             67              0        1.594500E-04   0.000000E+00          1.0028      Zn067
        30             68              0        1.007400E-20   0.000000E+00          0.0000      Zn068
        34             77              0        9.726690E-04   0.000000E+00          1.0028      Se077
        42             95              0        3.002250E-05   0.000000E+00          1.0008      Mo095
        42             97              0        4.006360E-07   0.000000E+00          1.0016      Mo097
        44            101              0        1.502250E-07   0.000000E+00          1.5023      Ru101
        46            105              0        5.004780E-07   0.000000E+00          1.0010      Pd105
        48            109              0        4.998760E-02   0.000000E+00          0.9998      Cd109
        48            113              0        1.002190E-06   0.000000E+00          2.0044      Cd113
        50            115              0        6.001780E-05   0.000000E+00          1.0003      Sn115
        52            123              0        4.602440E-05   0.000000E+00          1.0005      Te123
        55            132              0        1.500620E-01   0.000000E+00          1.0004      Cs132
        60            143              0        2.162460E-02   0.000000E+00          0.9829      Nd143
        60            145              0        9.909100E-05   0.000000E+00          0.9909      Nd145
        62            147              0        5.741720E-04   0.000000E+00          0.9900      Sm147
        62            149              0        3.034610E-02   0.000000E+00          0.9885      Sm149
        63            151              0        8.858180E-06   0.000000E+00          0.9953      Eu151
        63            153              0        1.001910E-06   0.000000E+00          1.0019      Eu153
        64            152              0        6.982510E-03   0.000000E+00          0.9975      Gd152
        64            153              0        3.287150E-02   0.000000E+00          0.9961      Gd153
        64            155              0        8.193590E-05   0.000000E+00          0.9992      Gd155
        64            157              0        5.003220E-04   0.000000E+00          1.0006      Gd157
        66            156              0        8.956040E-03   0.000000E+00          1.7912      Dy156
        66            158              0        6.007000E-03   0.000000E+00          1.2014      Dy158
        66            160              0        3.003110E-04   0.000000E+00          1.5016      Dy160
        66            161              0        2.995300E-05   0.000000E+00          0.9984      Dy161
        66            163              0        2.002670E-05   0.000000E+00          1.0013      Dy163
        67            165              0        2.002470E-05   0.000000E+00          1.0012      Ho165
        68            162              0        1.096720E-02   0.000000E+00          0.9970      Er162
        68            164              0        1.200710E-03   0.000000E+00          1.0006      Er164
        68            166              0        7.007090E-05   0.000000E+00          1.0010      Er166
        68            167              0        6.986800E-05   0.000000E+00          0.9981      Er167
        68            168              0        9.026230E-05   0.000000E+00          1.0029      Er168
        69            169              0        1.000840E-05   0.000000E+00          2.0017      Tm169
        70            168              0        9.969190E-05   0.000000E+00          0.9969      Yb168
        70            170              0        9.994150E-06   0.000000E+00          0.9994      Yb170
        70            171              0        1.492090E-06   0.000000E+00          0.9947      Yb171
        70            172              0        1.001440E-06   0.000000E+00          1.0014      Yb172
        70            173              0        9.979690E-07   0.000000E+00          0.9980      Yb173
        70            174              0        2.003480E-05   0.000000E+00          2.0035      Yb174
        70            176              0        1.003170E-06   0.000000E+00          1.0032      Yb176
        71            175              0        5.994420E-05   0.000000E+00          0.9991      Lu175
        71            176              0        1.993270E-03   0.000000E+00          0.9966      Lu176
        72            180              0        1.303570E-05   0.000000E+00          1.0027      Hf180
        73            181              0        9.998100E-07   0.000000E+00          0.9998      Ta181
        76            184              0        9.949470E-03   0.000000E+00          0.9949      Os184
        76            186              0        9.926120E-05   0.000000E+00          1.9852      Os186
        76            187              0        9.889860E-05   0.000000E+00          0.9890      Os187
        76            188              0        2.996590E-05   0.000000E+00          0.9989      Os188
        76            192              0        1.002600E-20   0.000000E+00          0.0000      Os192
        78            190              0        7.960610E-03   0.000000E+00          0.9951      Pt190
        78            192              0        2.002150E-04   0.000000E+00          1.0011      Pt192
        78            194              0        5.007900E-06   0.000000E+00          1.0016      Pt194
        78            195              0        5.006080E-06   0.000000E+00          1.0012      Pt195
        81            203              0        2.859260E-02   0.000000E+00          1.0032      Tl203
        82            208              0        1.002400E-20   0.000000E+00          0.0000      Pb208
        83            209              0        2.999370E-07   0.000000E+00          0.9998      Bi209
        84            210              0        1.809250E-03   0.000000E+00          0.9046      Po210
        90            232              0        9.963179E-04   0.000000E+00          9.9632      Th232
        92            233              0        1.995680E-04   0.000000E+00          0.9978      U233
        92            235              0        1.002100E-20   0.000000E+00          0.0000      U235
