# header: 
#   title: gamgam0 resonance data
#   source: Resonancetables
#   date: 2025-12-18
# reaction: 
#   type: gamgam0
# quantity: 
#   type: resonance data
# datablock: 
#   columns: 12
#   entries: 294
##       Z              A            Liso           Value         dValue        Reference   Rel. dev. comp. Rel. dev. NDL Rel. dev. EXFOR Rel. dev. all  #Experiments      Nuclide
##      []             []             []            [eV]           [eV]            []             [%]            [%]            [%]            [%]            []             []
        13             27              0        1.600000E+00   4.000000E-01  RIPL-3                0.31          37.75          39.39          38.49           2           Al027 
        14             28              0        1.500000E+00   0.000000E+00  B.J.Allen             0.00           0.00          13.50          39.17           3           Si028 
        15             31              0        2.000000E+00   4.000000E-01  RIPL-3                0.00           0.00           0.00           0.00           0           P031  
        16             32              0        2.000000E+00   9.000000E-01  RIPL-3                5.09           5.23           0.00          16.07           0           S032  
        16             34              0        1.000000E+00   6.000000E-01  R.F.Carlton           0.00          22.48          19.76          34.01           2           S034  
        17             35              0        4.500000E-01   6.000000E-02  RIPL-3                0.45           0.00           0.00          13.52           0           Cl035 
        19             39              0        1.000000E+00   5.000000E-01  RIPL-3                0.00          17.61           0.00          21.41           0           K039  
        19             41              0        9.400001E-01   1.800000E-01  RIPL-3                0.00          23.58           0.00          26.58           0           K041  
        20             40              0        1.500000E+00   9.000000E-01  RIPL-3                0.00          13.37          33.93          19.56           2           Ca040 
        20             42              0        1.100000E+00   2.000000E-01  RIPL-3                0.00           2.87           0.00           3.37           1           Ca042 
        20             43              0        7.500001E-01   4.000000E-02  RIPL-3                0.00          12.65           0.00          12.67           1           Ca043 
        20             44              0        1.300000E+00   4.000000E-01  RIPL-3                0.00          11.80           0.00           9.13           1           Ca044 
        21             45              0        8.400000E-01   4.600000E-01  RIPL-3                1.66           3.63           0.00           3.08           1           Sc045 
        22             46              0        1.400000E+00   4.000000E-01  RIPL-3                0.68          14.30           0.00          12.40           1           Ti046 
        22             47              0        1.200000E+00   4.000000E-01  RIPL-3                0.39           1.58          17.53          13.82           2           Ti047 
        22             48              0        2.300000E+00   1.400000E-01  RIPL-3               21.21           0.00           0.00          22.70           1           Ti048 
        22             49              0        8.100001E-01   2.400000E-01  RIPL-3                4.19           5.59           0.00           6.09           1           Ti049 
        22             50              0        1.100000E+00   3.000000E-01  RIPL-2                0.00          26.85           0.00          22.96           1           Ti050 
        23             50              0        6.000000E-01   2.000000E-01  RIPL-3                0.00           0.00           0.00           0.00           0           V050  
        23             51              0        1.500000E+00   3.000000E-01  RIPL-3                5.21           7.49          45.45          22.58           2           V051  
        24              0              0        2.300000E+00   1.000000E+00  L.M.Spitz             0.00           0.00           0.00           0.00           1           Cr000 
        24             50              0        1.100000E+00   4.000000E-01  RIPL-3               15.29           6.65          33.92          27.95           2           Cr050 
        24             52              0        2.000000E+00   5.000000E-01  RIPL-3                3.63           0.79          42.70          33.74           3           Cr052 
        24             53              0        1.400000E+00   5.000000E-01  RIPL-3               17.76          28.35          45.96          31.96           2           Cr053 
        24             54              0        1.500000E+00   5.000000E-01  RIPL-3               25.71           0.08           0.00          15.65           1           Cr054 
        25             55              0        7.500001E-01   1.500000E-01  RIPL-3                0.00           3.99           0.00          11.82           1           Mn055 
        26             54              0        1.600000E+00   7.000000E-01  RIPL-3                6.55          57.53          45.45          43.21           2           Fe054 
        26             56              0        9.200000E-01   4.100000E-01  RIPL-3                1.03           0.42          54.50          32.40           5           Fe056 
        26             57              0        1.850000E+00   5.000000E-01  RIPL-3                1.58           8.64          10.63           9.19           3           Fe057 
        26             58              0        1.130000E+00   1.100000E-01  RIPL-3               50.28          94.11           0.00          76.14           1           Fe058 
        27             59              0        5.400000E-01   5.000000E-02  RIPL-3                1.72           6.33           0.00           9.58           0           Co059 
        28              0              0        2.900000E-01   1.300000E-01  L.M.Spitz             0.00           0.00           7.94           7.94           2           Ni000 
        28             58              0        2.030000E+00   8.000000E-01  RIPL-3               12.10           8.96           0.00          15.68           0           Ni058 
        28             59              0        2.200000E+00   7.000000E-01  RIPL-3                0.21          34.54           0.00          25.57           0           Ni059 
        28             60              0        1.120000E+00   2.000000E-01  RIPL-3               19.94           0.57           0.00          56.86           1           Ni060 
        28             61              0        2.000000E+00   5.000000E-01  RIPL-3                4.56           4.05           0.00           4.54           1           Ni061 
        28             62              0        9.100000E-01   2.700000E-01  RIPL-3                0.00          14.21           0.00          53.47           1           Ni062 
        28             63              0        1.390000E+00   8.000000E-02  Mughabghab-2018       0.00          68.68           0.00          58.74           0           Ni063 
        28             64              0        1.400000E+00   7.000000E-01  RIPL-3               26.32           7.57           0.00          15.33           0           Ni064 
        29             63              0        4.900000E-01   3.000000E-02  RIPL-3                0.00           0.69           9.62           6.68           3           Cu063 
        29             65              0        3.850000E-01   2.000000E-02  RIPL-3                1.21           0.89           0.00           1.11           0           Cu065 
        30             64              0        7.260000E-01   6.000000E-02  RIPL-3                0.00          10.17           0.00           8.32           0           Zn064 
        30             66              0        3.900000E-01   6.000000E-02  RIPL-3                1.20           0.67           0.00           4.49           0           Zn066 
        30             67              0        4.400000E-01   6.000000E-02  RIPL-3                2.11           0.01           0.00           1.69           0           Zn067 
        30             68              0        3.200000E-01   4.000000E-02  RIPL-3                0.00           0.00           0.00           4.10           0           Zn068 
        30             70              0        1.700000E-01   3.000000E-02  RIPL-3                0.00           7.74           0.00           7.53           0           Zn070 
        31              0              0        3.000000E-01   0.000000E+00  J.Julien              0.00           0.00           0.00           0.00           1           Ga000 
        31             69              0        2.660000E-01   2.000000E-02  RIPL-3                0.71          15.73           0.00          12.74           1           Ga069 
        31             71              0        2.300000E-01   2.000000E-02  RIPL-3                2.67          26.19           0.00          24.35           1           Ga071 
        32             70              0        1.850000E-01   5.000000E-02  RIPL-3                6.87           0.86          10.16           9.64           3           Ge070 
        32             72              0        1.620000E-01   5.000000E-02  RIPL-3                3.58           6.55           5.04           6.06           2           Ge072 
        32             73              0        1.950000E-01   4.500000E-02  RIPL-3                0.48           7.16          10.22          12.19           3           Ge073 
        32             74              0        1.950000E-01   6.000000E-02  RIPL-3                0.00           5.31           0.00           4.42           1           Ge074 
        32             76              0        1.150000E-01   3.500000E-02  RIPL-3                0.00          13.80           2.13          11.15           2           Ge076 
        33             75              0        3.000000E-01   9.000000E-02  RIPL-3                6.02           1.77           0.00           3.95           1           As075 
        34             74              0        2.800000E-01   8.000001E-02  RIPL-3                5.42           9.42          11.54           9.03           2           Se074 
        34             76              0        2.300000E-01   6.000000E-02  RIPL-3                0.00           0.00           0.00           0.29           1           Se076 
        34             77              0        3.900000E-01   6.000000E-02  RIPL-3                0.00          11.79           0.00           9.20           1           Se077 
        34             78              0        2.300000E-01   6.000000E-02  RIPL-3               12.73           0.54           0.00           7.89           1           Se078 
        34             80              0        2.300000E-01   7.000000E-02  RIPL-3                0.00           4.93           0.00           3.96           1           Se080 
        34             82              0        1.260000E-01   1.500000E-02  Mughabghab-2018       0.00          97.31           0.00         104.38           0           Se082 
        35              0              0        2.900000E-01   0.000000E+00  J.Julien              0.00           0.00          41.41          41.41           2           Br000 
        35             79              0        3.000000E-01   5.000000E-02  RIPL-3                2.74           0.24           0.00           2.54           1           Br079 
        35             81              0        3.000000E-01   5.000000E-02  RIPL-3                9.56           5.83           0.00           9.45           1           Br081 
        36             78              0        2.350000E-01   3.500000E-02  Mughabghab-2018       0.00           4.91           0.00           5.18           0           Kr078 
        36             80              0        2.300000E-01   6.000000E-02  RIPL-3                2.08           8.83           0.00           9.36           0           Kr080 
        36             83              0        2.100000E-01   1.000000E-01  RIPL-3                0.00          22.36           0.00          21.67           0           Kr083 
        36             84              0        1.600000E-01   3.000000E-02  RIPL-3                0.00          40.10           0.00          34.33           0           Kr084 
        36             86              0        1.530000E-01   2.000000E-02  RIPL-3                0.00          68.36           0.00          73.68           0           Kr086 
        37             85              0        2.500000E-01   1.000000E-02  RIPL-3                9.03          13.97           0.00          15.21           0           Rb085 
        37             87              0        1.700000E-01   3.000000E-02  RIPL-3                3.03          15.20           0.00          16.23           0           Rb087 
        38             84              0        2.400000E-01   8.000001E-02  RIPL-3                9.74           4.51           0.00           9.81           0           Sr084 
        38             86              0        2.600000E-01   8.000001E-02  RIPL-3                0.00          39.83           0.00          38.54           2           Sr086 
        38             87              0        1.500000E-01   4.000000E-02  RIPL-3               33.56          14.75          23.08          31.52           2           Sr087 
        38             88              0        1.900000E-01   5.000000E-02  RIPL-3                0.00           2.24           0.00           7.96           1           Sr088 
        39             89              0        1.300000E-01   4.000000E-02  RIPL-3                1.44          21.12           0.00          24.82           1           Y089  
        40             90              0        1.300000E-01   2.000000E-02  RIPL-3               13.16          24.79           0.00          29.75           1           Zr090 
        40             91              0        1.400000E-01   4.000000E-02  RIPL-3                6.33          12.28          12.00          10.97           2           Zr091 
        40             92              0        1.350000E-01   2.500000E-02  RIPL-3                8.91          12.54           0.00          11.32           1           Zr092 
        40             93              0        1.570000E-01   2.000000E-02  RIPL-3                0.00           6.77           0.00           6.13           0           Zr093 
        40             94              0        8.500000E-02   2.000000E-02  RIPL-3                0.00           5.85           0.00           5.99           1           Zr094 
        40             96              0        6.500001E-02   1.500000E-02  RIPL-3               33.08          14.67           0.00          24.38           0           Zr096 
        41             93              0        1.700000E-01   1.000000E-02  RIPL-3                7.72           3.18          34.83          22.63           2           Nb093 
        42             92              0        1.600000E-01   1.500000E-02  RIPL-3                1.49           5.24           5.33           5.50           2           Mo092 
        42             94              0        1.350000E-01   1.500000E-02  RIPL-3                0.69           3.10           0.00           2.35           1           Mo094 
        42             95              0        1.620000E-01   1.000000E-02  RIPL-3                3.58          12.78          14.01          13.74           3           Mo095 
        42             96              0        1.000000E-01   1.500000E-02  RIPL-3                3.97           3.97           0.44           4.54           2           Mo096 
        42             97              0        1.300000E-01   2.000000E-02  RIPL-3                3.19           5.40          10.34           9.10           2           Mo097 
        42             98              0        8.500000E-02   1.000000E-02  RIPL-3                7.60           8.08           2.76           8.55           2           Mo098 
        42            100              0        6.500001E-02   5.000000E-03  RIPL-3               16.48           2.02           0.00          13.33           1           Mo100 
        43             99              0        1.400000E-01   1.500000E-02  RIPL-3                7.01           3.46           7.74           7.14           2           Tc099 
        44             99              0        1.950000E-01   2.000000E-02  RIPL-3                0.24           3.91           7.95           4.97           2           Ru099 
        44            100              0        1.190000E-01   1.500000E-02  Mughabghab-2018       0.00          19.22           0.00          19.15           0           Ru100 
        44            101              0        1.800000E-01   1.500000E-02  RIPL-3                0.78           2.10           4.48           2.89           3           Ru101 
        44            102              0        1.000000E-01   1.500000E-02  RIPL-3                6.01           1.15           0.00          15.67           1           Ru102 
        44            104              0        1.000000E-01   1.400000E-02  RIPL-3                7.23           2.89           0.00          14.11           1           Ru104 
        45            103              0        1.600000E-01   1.000000E-02  RIPL-3                3.73          10.84         127.99         218.58           5           Rh103 
        46            102              0        1.110000E-01   1.000000E-02  Mughabghab-2018       0.00          43.35           0.00          46.21           0           Pd102 
        46            104              0        1.500000E-01   2.000000E-02  RIPL-3               23.97          21.04           0.00          22.34           0           Pd104 
        46            105              0        1.500000E-01   1.000000E-02  RIPL-3                0.31           0.62           0.00           0.48           2           Pd105 
        46            106              0        8.950000E-02   3.500000E-03  Mughabghab-2018       0.00          10.01           0.00          10.09           0           Pd106 
        46            107              0        1.250000E-01   2.500000E-02  RIPL-3               13.01          11.59           0.00          12.49           0           Pd107 
        46            108              0        8.000001E-02   8.000000E-03  RIPL-3                1.91          13.37           0.00          11.55           0           Pd108 
        46            110              0        6.000000E-02   1.000000E-02  RIPL-3                3.21          19.40           0.00          15.72           0           Pd110 
        47              0              0        1.360000E-01   0.000000E+00  J.H.Gibbons           0.00           0.00           0.00           0.00           1           Ag000 
        47            107              0        1.400000E-01   1.000000E-02  RIPL-3                1.00          31.28           0.00          30.06           1           Ag107 
        47            109              0        1.300000E-01   1.500000E-02  RIPL-3                3.88          28.79           4.00          26.54           2           Ag109 
        47            110              1        1.480000E-01   3.000000E-02  Mughabghab-2018       0.00           0.00           0.00           0.00           0           Ag110m
        48            106              0        1.550000E-01   1.500000E-02  RIPL-3                0.61           6.68           1.64           5.33           2           Cd106 
        48            108              0        1.050000E-01   1.000000E-02  RIPL-3                1.36          76.67           0.96          72.58           2           Cd108 
        48            110              0        7.100000E-02   6.000000E-03  RIPL-3                2.61          12.64          17.83          14.10           3           Cd110 
        48            111              0        1.060000E-01   1.500000E-02  RIPL-3                4.59          15.87          16.42          16.98           4           Cd111 
        48            112              0        7.700001E-02   5.000000E-03  RIPL-3                0.00          19.32          28.50          23.14           7           Cd112 
        48            113              0        9.800000E-02   1.000000E-02  RIPL-3               24.36         117.76          18.91         201.35           4           Cd113 
        48            114              0        5.400000E-02   4.000000E-03  RIPL-3                1.51          26.52          36.83          30.67           3           Cd114 
        48            116              0        5.000000E-02   5.000000E-03  RIPL-3                2.89          12.03           0.21          15.45           2           Cd116 
        49              0              0        7.000000E-02   0.000000E+00  J.H.Gibbons           0.00           0.00           0.00           0.00           1           In000 
        49            113              0        7.500000E-02   5.000000E-03  RIPL-3                0.00           1.63           0.00           1.47           0           In113 
        49            115              0        7.700001E-02   4.000000E-03  RIPL-3                0.61          29.34           0.00          28.39           0           In115 
        50            112              0        1.100000E-01   2.000000E-02  RIPL-3               18.08          22.20           0.00          20.79           0           Sn112 
        50            114              0        9.000000E-02   3.000000E-02  RIPL-2                0.00          28.28           0.00          26.21           0           Sn114 
        50            115              0        1.180000E-01   1.000000E-02  Mughabghab-2018       0.00          30.53           0.00          30.66           0           Sn115 
        50            116              0        5.200000E-02   5.000000E-03  RIPL-3                0.90          12.81           0.00          13.53           1           Sn116 
        50            117              0        1.170000E-01   2.000000E-02  RIPL-3               16.66          12.31          18.40          18.24           3           Sn117 
        50            118              0        4.500000E-02   7.000000E-03  RIPL-3                0.00          42.03           0.00          41.61           0           Sn118 
        50            119              0        1.000000E-01   1.600000E-02  RIPL-3                4.17           3.98           0.00           4.25           0           Sn119 
        50            120              0        4.000000E-02   5.000000E-03  RIPL-3                5.26          54.61           0.00          57.96           1           Sn120 
        50            122              0        4.900000E-02   5.000000E-03  Mughabghab-2018       0.00          64.96           0.00          63.96           0           Sn122 
        50            124              0        5.000000E-02   5.000000E-03  Mughabghab-2018       0.00          51.52           0.00          51.19           0           Sn124 
        51              0              0        7.900000E-02   0.000000E+00  J.H.Gibbons           0.00           0.00           0.00           0.00           1           Sb000 
        51            121              0        1.000000E-01   2.000000E-02  RIPL-3                4.88           4.07           0.00           4.71           0           Sb121 
        51            123              0        1.000000E-01   2.000000E-02  RIPL-3                1.24           1.35           0.00           1.31           0           Sb123 
        52              0              0        1.400000E-01   5.000000E-02  H.Tellier             0.00           0.00           0.00           0.00           1           Te000 
        52            122              0        7.400000E-02   4.000000E-03  RIPL-3               32.63          16.97           0.00          25.36           1           Te122 
        52            123              0        1.210000E-01   1.000000E-02  RIPL-3                1.02           5.79           0.00           4.53           1           Te123 
        52            124              0        5.900000E-02   1.000000E-02  RIPL-3               36.25           9.86           0.00          26.73           1           Te124 
        52            125              0        1.060000E-01   6.000000E-03  RIPL-3               19.55          12.89           0.00          15.86           1           Te125 
        52            126              0        5.300000E-02   1.500000E-02  RIPL-3               53.24          26.21           0.00          44.11           1           Te126 
        52            128              0        3.500000E-02   5.000000E-03  RIPL-3               45.39           8.53           0.00          40.84           0           Te128 
        52            130              0        5.000000E-02   1.500000E-02  Mughabghab-2018       0.00          56.49           0.00          52.84           0           Te130 
        53            127              0        1.100000E-01   1.000000E-02  RIPL-3                9.12          10.08         122.82         234.99           5           I127  
        53            129              0        8.700000E-02   7.000000E-03  RIPL-3                5.95          10.77          70.72         200.01           3           I129  
        54            129              0        1.200000E-01   2.000000E-02  RIPL-3                0.00          23.76          10.65          26.30           2           Xe129 
        54            130              0        4.840000E-02   5.000000E-03  Mughabghab-2018       0.00          60.95           0.00          63.47           0           Xe130 
        54            131              0        1.140000E-01   2.000000E-02  RIPL-3                3.94          14.23           4.68          13.17           2           Xe131 
        54            132              0        7.000000E-02   1.000000E-02  Mughabghab-2018       0.00         123.24           0.00         127.44           0           Xe132 
        55            132              0        1.200000E-01   3.000000E-03  Mughabghab-2018       0.00           0.00           0.00          15.74           0           Cs132 
        55            133              0        1.200000E-01   1.000000E-02  RIPL-3                0.00           1.69           0.42           1.57           2           Cs133 
        55            134              0        1.600000E-01   4.000000E-02  RIPL-3                2.60           1.11           0.00           1.96           0           Cs134 
        55            135              0        1.350000E-01   3.000000E-02  RIPL-3                7.57          25.00           0.00          22.39           0           Cs135 
        56            130              0        1.000000E-01   3.000000E-02  RIPL-3                0.00           0.30           0.00           0.47           0           Ba130 
        56            134              0        7.800000E-02   8.000000E-03  RIPL-3                0.60          20.43           0.00          20.42           1           Ba134 
        56            135              0        1.350000E-01   2.500000E-02  RIPL-3                5.06          20.85          12.50          18.77           2           Ba135 
        56            136              0        8.600000E-02   8.000000E-03  RIPL-3                2.23          28.62          23.00          24.77           2           Ba136 
        56            137              0        8.000001E-02   1.000000E-02  RIPL-3               10.88          19.08           0.00          17.13           1           Ba137 
        56            138              0        5.500000E-02   2.000000E-02  RIPL-3                0.00          50.16           0.00          50.14           1           Ba138 
        57            138              0        9.500001E-02   2.500000E-02  RIPL-3                0.00          28.84           0.00          25.10           0           La138 
        57            139              0        5.500000E-02   2.000000E-03  RIPL-3                2.62           6.79           4.07           6.30           2           La139 
        58            140              0        3.500000E-02   9.000001E-03  RIPL-3               10.01          48.93           0.00          48.29           1           Ce140 
        59            141              0        8.800001E-02   9.000001E-03  RIPL-3                2.45           6.54          23.81          18.17           6           Pr141 
        60              0              0        7.700000E-02   3.500000E-02  H.Tellier             0.00           0.00           0.00           0.00           1           Nd000 
        60            142              0        6.700000E-02   8.000000E-03  RIPL-3               13.07           8.07           0.00          13.36           1           Nd142 
        60            143              0        8.600000E-02   9.000001E-03  RIPL-3                6.78           4.73          10.32           8.33           7           Nd143 
        60            144              0        4.700000E-02   5.000000E-03  RIPL-3                3.90          21.01          32.07          31.38           3           Nd144 
        60            145              0        5.800000E-02   7.000000E-03  RIPL-3               16.25           5.54          23.28          18.91           8           Nd145 
        60            146              0        5.500000E-02   8.000000E-03  RIPL-3                0.86           5.40          18.39          11.52           3           Nd146 
        60            148              0        4.000000E-02   5.000000E-03  RIPL-3                6.01          10.66          38.20          29.41           3           Nd148 
        60            150              0        6.700000E-02   2.500000E-02  RIPL-3                0.00           7.82          20.86          11.11           2           Nd150 
        61            147              0        6.900001E-02   5.000000E-03  RIPL-3                1.38           0.58           0.00           1.50           0           Pm147 
        62            144              0        7.400000E-02   5.000000E-03  RIPL-3                1.66           1.40           0.00           1.53           0           Sm144 
        62            147              0        6.900001E-02   4.000000E-03  RIPL-3                2.68           3.06          11.55           9.47           3           Sm147 
        62            148              0        4.400000E-02   4.000000E-03  RIPL-3                0.69          14.58           0.00          18.73           0           Sm148 
        62            149              0        6.200000E-02   4.000000E-03  RIPL-3                0.00           6.14           7.76           7.33           3           Sm149 
        62            150              0        6.000000E-02   5.000000E-03  RIPL-3               16.06           7.47           0.00          15.81           0           Sm150 
        62            151              0        9.500001E-02   5.000000E-03  RIPL-3                3.20           3.71           0.00           3.57           0           Sm151 
        62            152              0        6.000000E-02   5.000000E-03  RIPL-3                4.53           2.48           0.00           3.51           0           Sm152 
        62            154              0        7.900000E-02   1.300000E-02  RIPL-3                8.42           0.18           0.00           6.08           0           Sm154 
        63            151              0        9.200001E-02   1.200000E-02  RIPL-3                0.67           4.05           0.00           3.76           1           Eu151 
        63            152              0        1.600000E-01   2.500000E-02  RIPL-3                0.00           0.68           0.00           0.76           1           Eu152 
        63            153              0        9.500001E-02   1.200000E-02  RIPL-3                1.00           5.32           0.00           6.22           1           Eu153 
        63            154              0        1.350000E-01   2.500000E-02  RIPL-3                3.21           0.29           0.00           3.04           0           Eu154 
        63            155              0        9.600000E-02   1.800000E-02  RIPL-3                0.99           0.20           0.00           0.67           0           Eu155 
        64            152              0        5.400000E-02   5.000000E-03  RIPL-3               11.47           7.82           0.00           9.52           1           Gd152 
        64            153              0        6.500001E-02   8.000000E-03  RIPL-3                0.00          25.50           0.00          26.03           0           Gd153 
        64            154              0        7.500000E-02   6.000000E-03  RIPL-3                7.05           9.32           3.28          12.38           2           Gd154 
        64            155              0        1.080000E-01   1.000000E-02  RIPL-3                3.82           5.81           5.55           6.91           6           Gd155 
        64            156              0        8.800001E-02   1.200000E-02  RIPL-3                5.11          12.57           0.00          11.15           1           Gd156 
        64            157              0        9.700000E-02   1.000000E-02  RIPL-3                3.78          10.04          10.51           9.46           5           Gd157 
        64            158              0        1.050000E-01   1.000000E-02  RIPL-3                5.93           5.91           0.00           6.63           1           Gd158 
        64            160              0        1.110000E-01   1.500000E-02  RIPL-3                9.66           2.68           0.00           8.42           1           Gd160 
        65            159              0        9.700000E-02   7.000000E-03  RIPL-3                0.00           1.30          17.54          14.08           7           Tb159 
        65            160              0        1.070000E-01   1.100000E-02  Mughabghab-2018       0.00          18.43           0.00          16.68           1           Tb160 
        65            161              0        1.070000E-01   1.100000E-02  Mughabghab-2018       0.00          24.48           0.00          21.36           0           Tb161 
        66            160              0        1.080000E-01   1.000000E-02  RIPL-3                0.88           1.07           0.00           1.05           0           Dy160 
        66            161              0        1.120000E-01   1.000000E-02  RIPL-3                2.14           1.38           0.00           1.96           1           Dy161 
        66            162              0        1.120000E-01   2.000000E-02  RIPL-3                0.00           1.00           0.00          11.77           1           Dy162 
        66            163              0        1.130000E-01   1.300000E-02  RIPL-3                3.42           1.45           0.00           2.47           1           Dy163 
        66            164              0        1.140000E-01   1.400000E-02  RIPL-3                6.49           2.80           0.00          17.38           1           Dy164 
        67            165              0        7.700001E-02   5.000000E-03  RIPL-3                4.16           4.83          35.75          22.97           2           Ho165 
        68            164              0        9.600000E-02   5.000000E-03  Mughabghab-2018       0.00           9.96           0.00           9.96           0           Er164 
        68            166              0        9.200001E-02   8.000000E-03  RIPL-3                1.03           2.32           0.00           2.64           1           Er166 
        68            167              0        8.800001E-02   5.000000E-03  RIPL-3                1.88           1.20           0.00           1.56           1           Er167 
        68            168              0        8.500000E-02   1.000000E-02  RIPL-3                0.55           1.75           0.00           3.19           1           Er168 
        68            170              0        7.320000E-02   4.700000E-03  Mughabghab-2018       0.00           4.60           0.00           4.70           0           Er170 
        69            169              0        9.700000E-02   1.000000E-02  RIPL-3               10.36           7.16         123.44         223.66           5           Tm169 
        69            170              0        1.220000E-01   2.000000E-02  RIPL-3                0.00          10.70           0.00           9.00           0           Tm170 
        69            171              0        8.000000E-02   9.000000E-03  C.Guerrero            0.00          80.22           0.00          93.68           1           Tm171 
        70            168              0        6.500001E-02   1.500000E-02  RIPL-3               17.12           0.23           0.00          15.24           0           Yb168 
        70            169              0        8.000001E-02   2.500000E-02  RIPL-3                0.00           2.54           0.00           2.78           0           Yb169 
        70            170              0        7.000000E-02   1.000000E-02  RIPL-3                3.45          12.51          14.56          23.18           2           Yb170 
        70            171              0        7.500000E-02   5.000000E-03  RIPL-3                1.62           0.37           0.00           3.54           1           Yb171 
        70            172              0        7.700001E-02   1.000000E-02  RIPL-3                3.27           1.91           0.00           3.12           0           Yb172 
        70            173              0        7.400000E-02   5.000000E-03  RIPL-3                0.00           0.07           0.00           1.32           1           Yb173 
        70            174              0        8.300000E-02   1.200000E-02  RIPL-3                4.16          13.65           0.00          11.14           0           Yb174 
        70            176              0        6.000000E-02   2.000000E-02  RIPL-2                0.41           3.24           0.00           3.13           0           Yb176 
        71              0              0        1.200000E-01   0.000000E+00  J.H.Gibbons           0.00           0.00           0.00           0.00           1           Lu000 
        71            173              0        7.400000E-02   6.000000E-02  Mughabghab-2018       0.00           0.32           0.00           0.51           1           Lu173 
        71            175              0        7.700001E-02   5.000000E-03  RIPL-3                0.00           4.86          88.88          43.31           2           Lu175 
        71            176              0        6.300000E-02   1.400000E-02  RIPL-3               17.68          23.58           0.00          21.53           0           Lu176 
        72            174              0        6.590000E-02   6.000000E-03  Mughabghab-2018       0.00          39.05           0.00          38.12           0           Hf174 
        72            176              0        6.000000E-02   1.000000E-02  RIPL-3                0.00           5.11           0.00         261.90           1           Hf176 
        72            177              0        6.600000E-02   5.000000E-03  RIPL-3                3.89           3.44           0.00           4.07           0           Hf177 
        72            178              0        5.400000E-02   5.000000E-03  RIPL-3                0.44          45.79           0.00          35.14           0           Hf178 
        72            179              0        6.600000E-02   6.000000E-03  RIPL-3               10.51          70.10           0.00          64.87           0           Hf179 
        72            180              0        5.000000E-02   5.000000E-03  RIPL-3                4.47           8.68           0.00           7.63           0           Hf180 
        73              0              0        6.500000E-02   0.000000E+00  J.H.Gibbons           0.00           0.00           0.00           0.00           1           Ta000 
        73            180              0        5.100000E-02   3.000000E-03  RIPL-3                0.00           0.00           0.00           0.57           0           Ta180 
        73            180              1        5.100000E-02   2.000000E-03  Mughabghab-2018       0.00           0.00           0.00           0.00           0           Ta180m
        73            181              0        5.700000E-02   3.000000E-03  RIPL-3                4.17           1.07           3.37           6.44           6           Ta181 
        73            182              0        6.700000E-02   3.000000E-03  RIPL-3                0.00           0.00           0.00           0.00           0           Ta182 
        74            180              0        7.000000E-02   1.500000E-02  RIPL-3                0.00          19.62           0.00          16.70           0           W180  
        74            182              0        5.500000E-02   5.000000E-03  RIPL-3                8.12           0.76           0.00           7.71           0           W182  
        74            183              0        7.700001E-02   1.000000E-02  RIPL-3                2.49           8.06           0.00           7.32           1           W183  
        74            184              0        5.700000E-02   7.000000E-03  RIPL-3               12.02          49.65           0.00          61.95           0           W184  
        74            186              0        5.100000E-02   7.000000E-03  RIPL-3                8.68           4.26           0.00           7.26           0           W186  
        75            185              0        5.700000E-02   7.000000E-03  RIPL-3                0.83           1.85           0.00           1.51           0           Re185 
        75            187              0        6.100000E-02   9.000001E-03  RIPL-3                3.16           2.35           0.00           2.73           0           Re187 
        76            186              0        7.400000E-02   1.000000E-02  RIPL-3               19.79          10.35           0.00          18.75           1           Os186 
        76            187              0        8.800001E-02   8.000000E-03  RIPL-3               15.38          10.82           9.55          13.99           2           Os187 
        76            188              0        9.300000E-02   6.000000E-03  RIPL-3               26.74          24.34           0.00          28.83           1           Os188 
        76            189              0        9.200001E-02   5.000000E-03  RIPL-3                7.34           1.00           0.00           4.92           0           Os189 
        76            190              0        5.200000E-02   5.000000E-03  Mughabghab-2018       0.00           0.47           0.00           1.83           0           Os190 
        77            191              0        8.100000E-02   1.100000E-02  RIPL-3                0.58           1.59           0.00           2.58           1           Ir191 
        77            192              0        1.000000E-01   1.000000E-02  RIPL-3                2.89          10.22           0.00           8.70           0           Ir192 
        77            193              0        9.300000E-02   1.000000E-02  RIPL-3                0.51          24.42           0.00          19.72           1           Ir193 
        78            192              0        6.000000E-02   2.000000E-03  RIPL-3               13.22          12.65           0.00          15.76           1           Pt192 
        78            194              0        7.200000E-02   1.300000E-02  RIPL-3                1.32          15.95           0.00          20.71           1           Pt194 
        78            195              0        1.200000E-01   2.000000E-02  RIPL-3                1.17           5.21          11.85           9.56           2           Pt195 
        78            196              0        1.200000E-01   2.000000E-02  RIPL-3               15.94          33.51           0.00          40.58           1           Pt196 
        79            197              0        1.280000E-01   6.000000E-03  RIPL-3                1.68           0.04         141.92         244.58           6           Au197 
        80            198              0        1.200000E-01   2.000000E-02  RIPL-3               12.73           0.13           0.00          10.61           1           Hg198 
        80            199              0        2.950000E-01   2.000000E-02  RIPL-3                0.97           9.05          17.43          10.69           2           Hg199 
        80            200              0        4.500000E-01   1.000000E-01  RIPL-3                9.76           9.04           0.00           9.60           0           Hg200 
        80            201              0        4.000000E-01   1.000000E-01  RIPL-3                1.65           0.00          16.88           8.49           2           Hg201 
        80            202              0        7.220000E-01   4.500000E-02  Mughabghab-2018       0.00          10.93           0.00          11.53           0           Hg202 
        80            204              0        1.980000E+00   3.600000E-01  Mughabghab-2018       0.00          12.34           0.00          12.78           0           Hg204 
        81            203              0        6.900001E-01   7.000000E-02  RIPL-3                4.22           1.01           0.00           2.88           0           Tl203 
        81            205              0        1.100000E+00   2.000000E-01  RIPL-3               15.29           0.00           0.00          16.17           0           Tl205 
        82            204              0        7.300000E-01   7.000000E-02  RIPL-3                2.42           2.42           0.00          10.61           1           Pb204 
        82            206              0        2.100000E+00   2.000000E-01  RIPL-3                0.94          28.44          70.64          62.16           5           Pb206 
        82            207              0        6.000000E-01   1.500000E-01  B.J.Allen             0.00          21.30           0.00          47.04           1           Pb207 
        82            208              0        2.200000E+00   7.000000E-01  B.J.Allen             0.00          27.40           0.00         167.05           1           Pb208 
        83            209              0        5.700000E-02   1.000000E-02  RIPL-3               16.23           4.65           0.00          47.20           1           Bi209 
        88            226              0        2.600000E-02   3.000000E-03  RIPL-3                0.36           2.39           0.00           2.54           1           Ra226 
        90            228              0        3.600000E-02   2.000000E-03  RIPL-3                0.00          74.56           0.00          84.91           0           Th228 
        90            229              0        4.300000E-02   4.000000E-03  RIPL-3                0.00           0.92           0.00           5.40           0           Th229 
        90            230              0        2.600000E-02   2.000000E-03  RIPL-3                0.00           3.52           0.00           4.69           0           Th230 
        90            232              0        2.400000E-02   2.000000E-03  RIPL-3                1.36           0.16           7.70           7.11          10           Th232 
        91            231              0        4.000000E-02   1.000000E-03  RIPL-3                0.35           0.05           0.00           0.38           0           Pa231 
        91            233              0        4.700000E-02   5.000000E-03  RIPL-3                0.50           1.97           0.00           7.38           0           Pa233 
        92            233              0        4.000000E-02   5.000000E-03  RIPL-3                0.00           6.17           0.00           5.92           0           U233  
        92            234              0        2.600000E-02   4.000000E-03  RIPL-3               17.06          17.85           2.96          17.30           2           U234  
        92            235              0        3.800000E-02   3.000000E-03  RIPL-3                3.88           1.68           5.46           7.18          10           U235  
        92            236              0        2.300000E-02   2.000000E-03  RIPL-3                0.82          18.14           0.00          13.58           1           U236  
        92            238              0        2.360000E-02   8.000000E-04  RIPL-3                1.41           1.47           2.42           1.96           6           U238  
        93            237              0        4.080000E-02   1.200000E-03  RIPL-3                0.12           1.45           2.16           1.80           7           Np237 
        94            238              0        3.400000E-02   3.000000E-03  RIPL-3                2.83           1.53           0.00           2.35           0           Pu238 
        94            239              0        4.300000E-02   4.000000E-03  RIPL-3                0.35           4.15           4.94           4.42           6           Pu239 
        94            240              0        3.100000E-02   2.000000E-03  RIPL-3                0.46           1.43           0.62           1.80           2           Pu240 
        94            241              0        4.080000E-02   4.600000E-03  RIPL-3                2.83           7.97           1.05          10.17           2           Pu241 
        94            242              0        2.300000E-02   2.000000E-03  RIPL-3                5.36           4.42           5.35           5.05           3           Pu242 
        94            244              0        2.000000E-02   2.000000E-03  Mughabghab-2018       0.00           5.19           0.00           4.82           0           Pu244 
        95            241              0        4.600000E-02   3.000000E-03  RIPL-3                1.87           4.02          57.69          30.31           4           Am241 
        95            243              0        3.900000E-02   3.000000E-03  RIPL-3                1.20           3.38           0.00           3.80           0           Am243 
        96            242              0        3.800000E-02   6.000000E-03  RIPL-3                4.79           4.68           0.00           5.63           0           Cm242 
        96            243              0        4.000000E-02   5.000000E-03  RIPL-3                9.59           0.00           0.00           6.72           0           Cm243 
        96            244              0        3.600000E-02   8.000000E-03  RIPL-3                1.30           0.15           0.00           1.21           0           Cm244 
        96            245              0        4.000000E-02   5.000000E-03  RIPL-3                0.00           3.46           0.00           3.91           0           Cm245 
        96            246              0        3.400000E-02   5.000000E-03  RIPL-3                2.69           0.25           0.00           2.52           0           Cm246 
        96            247              0        4.000000E-02   5.000000E-03  RIPL-3                0.00           0.23           0.00           0.24           0           Cm247 
        96            248              0        2.800000E-02   3.000000E-03  RIPL-3                4.34           0.00           0.00           3.38           0           Cm248 
        97            249              0        3.600000E-02   3.000000E-03  RIPL-3                0.00           0.67           0.00           3.39           1           Bk249 
        98            250              0        4.100000E-02   5.000000E-03  RIPL-2                5.13           0.12           0.00           3.87           1           Cf250 
        98            251              0        4.200000E-02   5.000000E-03  Mughabghab-2018       0.00           8.25           0.00           9.07           0           Cf251 
