# These data come from INDC(USA)-109, Renormalization of Pile Oscillator thermal neutron capture cross section data 
# R.B. Firestone, 2022.
# taken on June 6, 2022
#
#                                   <------------------------------------------------->
# Element Mass Charge Isomer            (n,g) average            (n,g)  proposed              
#                                            barns                     barns                
#                                   <--------- +/- ---------> <--------- +/- --------->       
   H       0      1    0              0.3321        00014      0.3325        0.0006    H       0      1    0          
   Li      0      3    0              70.8          0.4        71.16         0.24      Li      0      3    0           
   Be      0      4    0              0.0091        0.0003     0.00883       0.00022   Be      0      4    0          
   B       0      5    0              762.2         0.6        762.3         0.5       B       0      5    0               
   C       0      6    0              0.00381       0.00004    0.003830      0.000024  C       0      6    0              
   N       0      7    0              1.92          0.04       1.94          0.03      N       0      7    0              
   O       0      8    0                                       0.000261      0.000009  O       0      8    0            
   F       0      9    0                                       0.00951       0.00009   F       0      9    0                                             
   Ne      0      10   0              2.39          0.04       0.2390        0.0024    Ne      0      10   0             
   Na      0      11   0              0.527         0.006      0.520         0.003     Na      0      11   0                                                                         
   Mg      0      12   0              0.0635        0.0018     0.0658        0.0011    Mg      0      12   0         
   Al      0      13   0              0.2360        0.0020     0.2345        0.0017    Al      0      13   0                                                                                                                           
   Si      0      14   0              0.168         0.009      0.171         0.004     Si      0      14   0          
   P       0      15   0              0.157         0.016      0.165         0.003     P       0      14   0                                                                                                                     
   S       0      16   0              0.507         0.016      0.506         0.008     S       0      16   0         
   Cl      0      17   0              33.6          0.3        33.36         0.20      Cl      0      17   0          
   Ar      0      18   0              0.65          0.05       0.680         0.010     Ar      0      18   0          
   K       0      19   0              2.14          0.09       2.23          0.04      K       0      19   0          
   Ca      0      20   0              0.421         0.014      0.432         0.012     Ca      0      20   0          
   Sc      0      21   0              25.9          1.6        27.18         0.20      Sc      0      21   0                                                                                                                                                                                 
   Ti      0      22   0              6.10          0.24       6.35          0.11      Ti      0      22   0          
   V       0      23   0              5.05          0.22       5.04          0.04      V       0      23   0          
   Cr      0      24   0              2.99          0.10       3.12          0.06      Cr      0      24   0          
   Mn      0      25   0              13.27         0.04       13.31         0.03      Mn      0      25   0          
   Fe      0      26   0              2.57          0.04       2.53          0.03      Fe      0      26   0         
   Co      0      27   0              37.2          0.3        37.18         0.06      Co      0      27   0                                                                                                                                                                                                                                                                      
   Ni      0      28   0              4.38          0.11       4.27          0.06      Ni      0      28   0         
   Cu      0      29   0              3.79          0.05       3.782         0.015     Cu      0      29   0          
   Zn      0      30   0              1.067         0.016      1.067         0.016     Zn      0      30   0          
   Ga      0      31   0              3.01          0.09       2.93          0.06      Ga      0      31   0       
   Ge      0      32   0              2.23          0.09       2.21          0.04      Ge      0      32   0          
   As      0      33   0              4.27          0.09       4.35          0.10      As      0      33   0                                                                                                                                                                                                                                                                                                                                     
   Se      0      34   0              11.82         0.14       11.83         0.14      Se      0      34   0          
   Br      0      35   0              6.84          0.06       6.84          0.06      Br      0      35   0         
   Kr      0      36   0                                       25.4          1.2       Kr      0      36   0         
   Rb      0      37   0              0.71          0.7        0.395         0.004     Rb      0      37   0          
   Sr      0      38   0              1.25          0.04       1.25          0.04      Sr      0      38   0           
   Y       0      39   0              1.41          0.12       1.284         0.020     Y       0      39   0                                                                                                                                                                                                                                                                                                                                                                                               
   Zr      0      40   0              0.188         0.003      0.188         0.003     Zr      0      40   0          
   Nb      0      41   0              1.16          0.03       1.16          0.03      Nb      0      41   0                                                                                                                                                                                                                                                                                                                                                                                                                       
   Mo      0      42   0              2.64          0.03       2.61          0.05      Mo      0      42   0         
   Tc      0      43   0              18.9          2.0        21.6          1.6       Tc      0      43   0                                                                                                                                                                                                                                                                                                                                                                                                               
   Ru      0      44   0              1.57          0.13       2.64          0.12      Ru      0      44   0          
   Rh      0      45   0              146.5         2.5        144.3         1.3       Rh      0      45   0                                                                                                                                                                                                                                                                                                                                                                                                               
   Pd      0      46   0              8.7           0.7        8.0           0.3       Pd      0      46   0          
   Ag      0      47   0              63.7          0.6        63.8          0.5       Ag      0      47   0          
   Cd      0      48   0              2520          0.85       2520          40        Cd      0      48   0          
   In      0      49   0              195           3          194.2         1.6       In      0      49   0          
   Sn      0      50   0              0.616         0.008      0.610         0.003     Sn      0      50   0          
   Sb      0      51   0              5.5           0.4        5.02          0.12      Sb      0      51   0
   Te      0      52   0              4.61          0.09       4.59          0.08      Te      0      52   0          
   I       0      53   0              6.34          0.12       6.19          0.06      I       0      53   0                                                                                                                                                                                                                                                                                                                                                                                                                                                                              
   Xe      0      54   0                                       24.6          2.3       Xe      0      54   0                                                                                                                                                                                                                                                                                                                                                                                                                                                                                                                
   Cs      0      55   0              28.2          0.5        28.6          0.7       Cs      0      55   0                                                                                                                                                                                                                                                                                                                                                                                                                                                                                                                
   Ba      0      56   0              1.14          0.08       1.16          0.05      Ba      0      56   0
   La      0      57   0              8.96          0.09       9.06          0.04      La      0      57   0          
   Ce      0      58   0              0.71          0.06       0.640         0.017     Ce      0      58   0         
   Pr      0      59   0              11.7          0.6        11.5          0.3       Pr      0      59   0                                                                                                                                                                                                                                                                                                                                                                                                                                                                                                                                                                                                           
   Nd      0      60   0              49.2          0.8        50.1          1.2       Nd      0      60   0         
   Sm      0      62   0              5840          30         5840          30        Sm      0      62   0          
   Eu      0      63   0              4378          25         4380          25        Eu      0      63   0          
   Gd      0      64   0              33200         1300       71500         1600      Gd      0      64   0          
   Tb      0      65   0              45            4          23.51         0.12      Tb      0      65   0                                                                                                                                                                                                                                                                                                                                                                                                                                                                                                                                                                                                                                                                                      
   Dy      0      66   0              939           17         994           13        Dy      0      66   0          
   Ho      0      67   0              66.0          2.1        65.0          1.0       Ho      0      67   0                                                                                                                                                                                                                                                                                                                                                                                                                                                                                                                                                                                                                                                                                           
   Er      0      68   0              156           12         156.4         1.9       Er      0      68   0           
   Tm      0      69   0              120           6          107           3         Tm      0      69   0                                                                                                                                                                                                                                                                                                                                                                                                                                                                                                                                                                                                                                                                                                
   Yb      0      70   0              38            3          34.9          0.8       Yb      0      70   0          
   Lu      0      71   0              89.8          1.1        80.7          10        Lu      0      71   0          
   Hf      0      72   0              101.8         0.5        102.0         0.7       Hf      0      72   0          
   Ta      0      73   0              22            4          20.6          0.5       Ta      0      73   0                                                                                                                                                                                                                                                                                                                                                                                                                                                                                                                                                                                                                                                                                                
   W       0      74   0              18.5          0.4        18.26         0.17      W       0      74   0
   Re      0      75   0              85            3          89.0          1.6       Re      0      75   0          
   Os      0      76   0              15.4          0.8        14.2          0.4       Os      0      76   0          
   Ir      0      77   0              460           23         427           8         Ir      0      77   0          
   Pt      0      78   0              9.7           0.3        9.90          0.24      Pt      0      78   0          
   Au      0      79   0              98.82         0.14       98.70         0.08      Au      0      79   0                                                                                                                                                                                                                                                                                                                                                                                                                                                                                                                                                                                                                                                                                                
   Hg      0      80   0              375           4          374           3         Hg      0      80   0          
   Tl      0      81   0              3.4           0.4        3.44          0.06      Tl      0      81   0          
   Pb      0      82   0              0.169         0.017      0.153         0.003     Pb      0      82   0         
   Bi      0      83   0              0.0315        0.0017     0.0338        0.0008    Bi      0      83   0                                                                                                                                                                                                                                                                                                                                                                                                                                                                                                                                                                                                                                                                                                
   Ac      227    89   0              878           35         885           23        Ac      227    89   0                                                                                                                                                                                                                                                                                                                                                                                                                                                                                                                                                                                                                                                                                                
   Th      230    90   0              27.0          2.1        23.0          0.3       Th      230    90   0                                                                                                                                                                                                                                                                                                                                                                                                                                                                                                                                                                                                                                                                                                
   Th      232    90   0              7.45          0.14       7.35          0.03      Th      232    90   0                                                                                                                                                                                                                                                                                                                                                                                                                                                                                                                                                                                                                                                                                                
   U       0      92   0              7.8           0.4        7.673         0.021     U       0      92   0                                                                                                                                                                                                                                                                                                                                                                                                                                                                                                                                                                                                                                                                                                
   U       233    92   0              585           7          587.4         1.0       U       233    92   0                                                                                                                                                                                                                                                                                                                                                                                                                                                                                                                                                                                                                                                                                                
   U       234    92   0              86            9          99.5          2.3       U       234    92   0                                                                                                                                                                                                                                                                                                                                                                                                                                                                                                                                                                                                                                                                                                
   U       235    92   0              697           5          694.9         1.2       U       235    92   0                                                                                                                                                                                                                                                                                                                                                                                                                                                                                                                                                                                                                                                                                                
   U       236    92   0              5.6           1.7        5.09          0.10      U       236    92   0                                                                                                                                                                                                                                                                                                                                                                                                                                                                                                                                                                                                                                                                                                
   U       238    92   0              2.74          0.04       2.692         0.017     U       238    92   0                                                                                                                                                                                                                                                                                                                                                                                                                                                                                                                                                                                                                                                                                                
   Np      237    93   0              161           9          174           3         Np      237    93   0                                                                                                                                                                                                                                                                                                                                                                                                                                                                                                                                                                                                                                                                                                
   Pu      239    94   0              1040          12         1026          3         Pu      239    94   0                                                                                                                                                                                                                                                                                                                                                                                                                                                                                                                                                                                                                                                                                                
   Am      241    95   0              605           42         588           12        Am      241    95   0                                                                                                                                                                                                                                                                                                                                                                                                                                                                                                                                                                                                                                                                                                
   Am      243    95   0              94            34         75.2          1.8       Am      243    95   0                                                                                                                                                                                                                                                                                                                                                                                                                                                                                                                                                                                                                                                                                                
   Bk      249    97   0              740           200        730           140       Bk      249    97   0                                                                                                                                                                                                                                                                                                                                                                                                                                                                                                                                                                                                                                                                                                
   Cf      249    98   0              547                      497           21        Cf      249    98   0                                                                                                                                                                                                                                                                                                                                                                                                                                                                                                                                                                                                                                                                                                
   Cf      252    98   0              20            3          20.3          1.3       Cf      252    98   0                                                                                                                                                                                                                                                                                                                                                                                                                                                                                                                                                                                                                                                                                                
   Cf      254    98   0              <1.3                     4.5           1.5       Cf      254    98   0                                                                                                                                                                                                                                                                                                                                                                                                                                                                                                                                                                                                                                                                                                
   Es      253    99   0              108           4          179           12        Es      253    99   0                                                                                                                                                                                                                                                                                                                                                                                                                                                                                                                                                                                                                                                                                                
   Es      254    99   0              <10                      28.3          2.5       Es      254    99   0                                                                                                                                                                                                                                                                                                                                                                                                                                                                                                                                                                                                                                                                                                
# These data come from INDC(USA)-109, Renormalization of Pile Oscillator thermal neutron capture cross section data 
# These data are from Table 2, being isotopic values.
# R.B. Firestone, 2022.
# taken on August 19, 2025
#
#                                   <------------------------------------------------->
# Element Mass Charge Isomer            (n,g) average            (n,g)  proposed              
#                                            barns                     barns                
#                                   <--------- +/- ---------> <--------- +/- --------->       
   Mg      25     12   0                                       0.28          0.08      Mg      25     12   0
   K       39     19   0                                       1.87          0.15      K       39     19   0
   K       40     19   0                                       66            20        K       40     19   0
   K       41     19   0                                       1.19          0.10      K       41     19   0
   Ti      46     22   0                                       0.57          0.17      Ti      46     22   0
   Ti      47     22   0                                       1.6           0.3       Ti      47     22   0
   Ti      48     22   0                                       8.0           0.6       Ti      48     22   0
   Ti      49     22   0                                       1.8           0.4       Ti      49     22   0
   Cr      50     24   0                                       16.3          1.3       Cr      50     24   0
   Cr      52     24   0                                       0.73          0.06      Cr      52     24   0
   Cr      53     24   0                                       17.5          1.4       Cr      53     24   0
   Fe      54     26   0                                       2.17          0.17      Fe      54     26   0
   Fe      56     26   0                                       2.55          0.20      Fe      56     26   0
   Fe      57     26   0                                       2.4           0.3       Fe      57     26   0 
   Ni      58     28   0                                       4.2           0.3       Ni      58     28   0
   Ni      60     28   0                                       2.54          0.20      Ni      60     28   0
   Ni      61     28   0                                       1.9           1.0       Ni      61     28   0
   Ni      62     28   0                                       14.6          2.2       Ni      62     28   0
   Cu      63     29   0                                       4.3           0.3       Cu      63     29   0
   Cu      65     29   0                                       2.11          0.17      Cu      65     29   0 
   Ga      69     31   0                                       1.99          0.16      Ga      69     31   0
   Ga      71     31   0                                       4.9           0.4       Ga      71     31   0
   Ge      70     32   0                                       3.3           0.3       Ge      70     32   0
   Ge      72     32   0                                       0.94          0.09      Ge      72     32   0
   Ge      73     32   0                                       13.7          1.1       Ge      73     32   0
   Se      74     34   0                                       48            7         Se      74     34   0
   Se      76     34   0                                       82            7         Se      76     34   0
   Se      77     34   0                                       40            4         Se      77     34   0
   Se      80     34   0                                       0.59          0.06      Se      80     34   0
   Zr      91     40   0                                       1.52          0.12      Zr      91     40   0
   Zr      92     40   0                                       0.25          0.08      Zr      92     40   0
   Zr      94     40   0                                       0.08          0.04      Zr      94     40   0
   Mo      92     42   0                                       0.08          0.02      Mo      92     42   0
   Mo      97     42   0                                       2.1           0.6       Mo      97     42   0
   Ag      107    47   0                                       29.9          2.4       Ag      107    47   0
   Ag      109    47   0                                       84            7         Ag      109    47   0
   Cd      113    48   0                                       29400         450       Cd      113    48   0
   Sb      121    51   0                                       5.7           0.5       Sb      121    51   0
   Sb      123    51   0                                       3.9           0.3       Sb      123    51   0
   Te      122    52   0                                       2.7           0.9       Te      122    52   0
   Te      123    52   0                                       390           31        Te      123    52   0
   Te      124    52   0                                       6.5           1.3       Te      124    52   0
   Te      125    52   0                                       1.49          0.15      Te      125    52   0
   Te      126    52   0                                       0.77          0.19      Te      126    52   0
   Ba      135    56   0                                       5.6           0.8       Ba      135    56   0 
   Ba      137    56   0                                       4.9           0.4       Ba      137    56   0
   Ba      138    56   0                                       0.68          0.10      Ba      138    56   0
   Ce      140    58   0                                       0.63          0.06      Ce      140    58   0
   Ce      142    58   0                                       1.8           0.3       Ce      142    58   0
   Nd      142    60   0                                       18.5          2.2       Nd      142    60   0
   Nd      143    60   0                                       292           23        Nd      143    60   0
   Nd      144    60   0                                       4.8           1.0       Nd      144    60   0
   Nd      145    60   0                                       52            4         Nd      145    60   0
   Nd      148    60   0                                       3.3           1.0       Nd      148    60   0
   Eu      151    63   0                                       8790          90        Eu      151    63   0
   Eu      153    63   0                                       317           5         Eu      153    63   0
   Gd      155    64   0                                       46800         900       Gd      155    64   0
   Gd      157    64   0                                       196000        3000      Gd      157    64   0
   Hf      177    72   0                                       375           30        Hf      177    72   0
   Hf      178    72   0                                       72            11        Hf      178    72   0
   Hf      179    72   0                                       50            25        Hf      179    72   0
   Hf      180    72   0                                       13            5         Hf      180    72   0
   W       183    74   0                                       10.9          1.0       W       183    74   0
   W       184    74   0                                       2.0           0.3       W       184    74   0
   W       186    74   0                                       34            3         W       186    74   0
   Re      185    75   0                                       100           8         Re      185    75   0
   Re      187    75   0                                       63            5         Re      187    75   0
   Au      197    79   0                                       95            5         Au      197    79   0
   Tl      203    81   0                                       11.0          0.9       Tl      203    81   0
   Pb      207    82   0                                       0.70          0.07      Pb      207    82   0
   Th      232    90   0                                       7.0           0.4       Th      232    90   0
