# These data come from the k_0 database at http://www.kayzero.com/k0naa/k0naaorg/Links.html
# taken on December 11, 2019
#
#                                   <------------------------------------------------><------------------------------------------------>
#                                                 original k_0 database                       updated k_0 database by A. Trkov (Dec 11, 2019)
# Element Mass Charge Isomer             (n,g)                       I_g                  (n,g)                       I_g                  
#                                         barns                      barns                  barns                      barns                
#                                   <--------- +/- ---------><--------- +/- ---------><--------- +/- ---------><--------- +/- --------->        
   F       19     9    0               0.0090      0.0001      0.0198                   0.00916       0.0001     0.0202        0.0002                                
   Na      23     11   0               0.512       0.0030      0.302         0.014      0.513         0.003      0.303         0.014                                   
   Mg      26     12   0               0.038       0.002       0.024                    0.0371        0.0003     0.024         0.001                        
   Al      27     13   0               0.226       0.002       0.16                     0.226         0.002      0.161         0.001                       
   Si      30     14   0               0.09        0.01        0.1                      0.1139        0.001      0.126         0.008                       
   S       36     16   0               0.16        0.08        0.18                     0.320         0.320      0.359         0.359                       
   Cl      37     17   0               0.437       0.010       0.30          0.01       0.418         0.009      0.289         0.006                       
   Ar      40     18   0               0.64                    0.4                      0.643         0.643      0.405         0.405                       
   K       41     19   0               1.39        0.07        1.34                     1.453         0.011      1.264         0.039                       
   Ca      46     20   0               0.643       0.482       0.84                     0.72          0.54       0.935         0.709                       
   Ca      48     20   0               1.13        0.12        0.51                     1.143         0.128      0.514         0.057                       
   Sc      45     21   0               26.3        0.2         11.3                     26.27         0.10       11.3          0.1                       
   Ti      50     22   0               0.174       0.005       0.117                    0.178         0.002      0.119         0.001                       
   V       51     23   0               4.79        0.09        2.63                     4.794         0.074      2.637         0.041                       
   Cr      50     24   0               15.1        0.1         8.0           0.2        15.18         0.09       8.0           0.2                       
   Mn      55     25   0               13.2        0.2         13.9          0.4        13.21         0.07       13.9          0.4                       
   Fe      58     26   0               1.28        0.04        1.25          0.04       1.295         0.019      1.26          0.02                        
   Co      59     27   0               37.1        0.1         73.9          2.0        37.92         0.12       75.6          2.3                       
   Ni      64     28   0               1.60        0.02        1.07                     1.622         0.011      1.09          0.01                       
   Cu      63     29   0               4.69        0.11        5.35                     4.622         0.039      5.27          0.04                       
   Cu      65     29   0               1.99        0.02        2.01          0.10       1.988         0.022      2.11          0.02                          
   Zn      64     30   0               0.728       0.010       1.39          0.06       0.742         0.010      1.42          0.07                         
   As      75     33   0               3.85        0.18        52.4                     3.854         0.111      52.4          1.5                       
   Se      74     34   0               51.82                   545.4         44.2       53.88         2.45       593           31                       
   Rb      85     37   0               0.502       0.006       7.43          0.20       0.502         0.005      7.43          0.20                        
   Rb      87     37   0               0.107       0.007       2.49          0.17       0.102         0.001      2.37          0.07                        
   Sr      84     38   0               0.716       0.034       9.45                     0.714         0.014      9.43          0.19                       
   Zr      94     40   0               0.051       0.001       0.271         0.011      0.051         0.001      0.27          0.01                         
   Zr      96     40   0               0.0197      0.0006      4.96          0.17       0.0206        0.0007     5.19          0.17                       
   Nb      93     41   0               0.863       0.103       6.34          0.76       1.150         0.139      8.45          1.04                        
   Mo      98     42   0               0.131       0.003       6.96          0.47       0.1305        0.0021     6.93          0.45                          
   Mo      100    42   0               0.199       0.006       3.75          0.20       0.193         0.005      3.62          0.17                        
   Ru      96     44   0               0.23        0.01        6.1           0.3        0.2297        0.0059     6.09          0.26                         
   Ru      102    44   0               1.15        0.01        4.17                     1.152         0.012      4.18          0.04                       
   Ru      104    44   0               0.498       0.011       6.37          0.22       0.504         0.010      6.45          0.21                       
   Rh      103    45   0               171         43          1154          288        170.5         42.7       1151          288                        
   Pd      108    46   0               8.91        0.47        237           13         8.920         0.053      237.28        4.28                       
   Ag      107    47   0               32.9        1.4         95.4          5.5        32.43         2.21       94.05         6.40                       
   Ag      109    47   0               76.8        3.6         1407.2                   76.9          3.9        1343          71                       
   Sn      112    50   0               0.545       0.012       26.4          0.7        0.541         0.007      26.19         0.45                       
   Sb      121    51   0               6.31        0.13        208           8          6.31          0.10       208.37        8.05                       
   Sb      123    51   0               4.02        0.04        115.8         4.4        4.072         0.015      117.26        4.36                       
   I       127    53   0               4.06        0.41        100.7         10.1       5.398         0.086      133.87        4.20                       
   Cs      133    55   0               30.3        3.3         437           114        30.15         0.33       364           11                       
   Ba      130    56   0               8.53        0.11        211.5                    7.93          0.10       168.9         2.2                       
   Ba      138    56   0               0.406       0.041       0.36                     0.405         0.029      0.36          0.01                       
   La      139    57   0               9.39        0.07        11.6                     9.288         0.058      11.52         0.07                       
   Ce      140    58   0               0.575       0.006       0.48                     0.575         0.006      0.48          0.01                       
   Ce      142    58   0               0.979       0.013       1.17                     0.97          0.01       1.17          0.01                       
   Nd      146    60   0               1.42        0.07        2.84          0.14       1.30          0.02       2.60          0.06                       
   Nd      148    60   0               2.38        0.16        12.1          0.87       2.47          0.05       12.53         0.42                       
   Sm      154    62   0               7.7         0.2         33.1          2.5        7.715         0.346      33.17         2.76                       
   Eu      153    63   0               308         3           1743                     310           12         1755          68                       
   Gd      152    64   0               756         44          582           93         759.3         45.9       584           94                       
   Gd      158    64   0               2.26        0.54        67.6          16.2       2.185         0.035      65.3          2.3                        
   Gd      160    64   0               1.58                    6.05                     1.559         0.239      5.97          0.92                       
   Tb      159    65   0               24          1           430           18         23.98         0.38       429.2         17.7                       
   Dy      164    66   0               2727        264         518                      2533          57         481           11                       
   Ho      165    67   0               58.5        0.8         638           17         58.95         1.92       643           26                       
   Er      170    68   0               8.86        0.34        39.2          2.0        8.97          0.33       39.6          2.0                       
   Tm      169    69   0               106         3           1452          48         106           2          1457          34                       
   Yb      168    70   0               2890                    14363                    2871          302        14269                                
   Yb      174    70   0               63.4        1.1         29.2                     62.19         1.48       28.6          0.7                       
   Yb      176    70   0               3.07                    7.7                      2.92          0.21       7.3           0.5                       
   Lu      176    71   0               2100        50          3507                     2215          59         3699          99                       
   Hf      174    72   0               576         42          449                      576           36         449.4         28.4                       
   Hf      180    72   0               13.5        0.2         34            1          13.2          0.5        33.2          1.7                       
   Ta      181    73   0               20.6        0.4         686                      20.3          1.0        678           32                       
   W       186    74   0               41.8        1.2         573           19         34.67         1.03       475           16                       
   Os      184    76   0               3754        1877        1614                     3755          1883       1614          810                       
   Os      190    76   0               3.48        0.25        7.06                     3.81          0.06       7.7           0.1                       
   Os      192    76   0               3.07        0.16        7.18                     3.19          0.16       7.46          0.38                       
   Ir      193    77   0               111         5           1350          100        118.6         1.2        1566          61                       
   Pt      198    78   0               3.37        0.07        57.3          1.6        3.37          0.07       57.3          1.6                       
   Au      197    79   0               98.7        0.1         1550          28         98.65         0.06       1549.8        27.9                       
   Hg      202    80   0               4.34        0.08        3.8                      4.339         0.083      3.82                                              
   Hg      204    80   0               0.44        0.20        0.87                     0.44          0.01       0.87                                              
   Th      232    90   0               7.34        0.06        84.4          3.1        7.341         0.039      84.4          3.1                       
   U       238    92   0               2.68        0.02        277                      2.67          0.01       276           4                                                
