# nuclide=Au-197	Z=79	A=197	N_temps=19
# kT [keV]	au197_macs [mb]	unc [mb]
6.0	1729	61
7.0	1550	54
8.0	1412	49
9.0	1302	46
10.0	1212	42
12.5	1044	37
15.0	927	33
17.5	841	30
20.0	775	27
25.0	678	24
30.0	611	22
35.0	560	20
40.0	521	18
45.0	490	17
50.0	464	16
60.0	423	14
70.0	392	13
85.0	357	12
100.0	330	10
# nuclide=Ce-140	Z=58	A=140	N_temps=18
# kT [keV]	ce140_macs [mb]	unc [mb]
5.0	34.37	0.24
8.0	28.18	0.24
10.0	25.26	0.25
15.0	20.24	0.27
20.0	17.04	0.29
23.0	15.61	0.32
25.0	14.8	0.34
30.0	13.15	0.39
35.0	11.88	0.45
40.0	10.88	0.5
45.0	10.1	0.55
50.0	9.47	0.59
55.0	8.97	0.62
60.0	8.55	0.66
70.0	7.92	0.72
80.0	7.47	0.76
90.0	7.15	0.81
100.0	6.91	0.84
# nuclide=Ge-76	Z=32	A=76	N_temps=12
# kT [keV]	ge76_macs [mb]	unc [mb]
5.0	65.0	3.3
10.0	38.7	1.9
20.0	24.5	1.2
25.0	21.3	1.0
30.0	19.2	0.9
40.0	16.3	0.9
50.0	14.5	0.9
60.0	13.3	0.9
70.0	12.4	0.9
80.0	11.7	0.9
90.0	11.1	0.9
100.0	10.7	0.9
# nuclide=Bi-209	Z=83	A=209	N_temps=4
# kT [keV]	bi209_macs [mb]	unc [mb]
5.0	13.05	0.84
8.0	8.62	0.54
20.0	3.41	0.50
25.0	2.89	0.50
# nuclide=Gd-154	Z=64	A=154	N_temps=12
# kT [keV]	gd154_macs [mb]	unc [mb]
5.0	2160	90
8.0	1820	80
10.0	1590	80
15.0	1270	80
20.0	1080	60
25.0	970	50
30.0	880	50
40.0	770	40
50.0	690	40
60.0	640	40
80.0	560	30
100.0	510	30
# nuclide=Ge-70	Z=32	A=70	N_temps=11
# kT [keV]	ge70_macs [mb]	unc [mb]
5.0	212.4	9.3
10.0	159.7	7.1
20.0	115.8	5.6
30.0	94.2	4.9
40.0	80.8	4.3
50.0	71.5	3.9
60.0	64.6	3.6
70.0	59.3	3.3
80.0	55.1	3.0
90.0	51.7	2.9
100.0	48.9	2.7
# nuclide=Ge-72	Z=32	A=72	N_temps=13
# kT [keV]	ge72_macs [mb]	unc [mb]
5.0	162.9	5.1
10.0	109.9	4.1
15.0	86.0	3.6
20.0	72.4	3.4
25.0	63.6	3.2
30.0	57.4	3.0
40.0	49.2	2.9
50.0	44.0	2.8
60.0	40.4	2.7
70.0	37.7	2.6
80.0	35.7	2.5
90.0	34.1	2.4
100.0	32.9	2.3
# nuclide=Ge-73	Z=32	A=73	N_temps=11
# kT [keV]	ge73_macs [mb]	unc [mb]
5.0	1170	60
10.0	738	38
20.0	475	24
30.0	362	19
40.0	296	15
50.0	251	13
60.0	219	11
70.0	194	10
80.0	175.5	8.9
90.0	160.4	8.2
100.0	148.0	7.6
# nuclide=Ge-74	Z=32	A=74	N_temps=1
# kT [keV]	ge74_macs [mb]	unc [mb]
30.0	43.1	2.4
# nuclide=La-139	Z=57	A=139	N_temps=16
# kT [keV]	la139_macs [mb]	unc [mb]
5.0	106.9	5.3
8.0	74.8	4.1
10.0	63.2	3.9
12.5	53.9	3.8
15.0	48.1	3.8
17.5	43.8	3.7
20.0	40.3	3.3
30.0	32.4	3.1
35.0	29.8	3.0
40.0	27.7	2.8
45.0	25.3	2.5
50.0	23.6	2.4
60.0	22.0	2.2
70.0	19.9	2.0
85.0	17.4	1.7
100.0	15.2	1.5
# nuclide=Mg-25	Z=12	A=25	N_temps=1
# kT [keV]	mg25_macs [mb]	unc [mb]
30.0	3.9	0.2
# nuclide=Ni-58	Z=28	A=58	N_temps=11
# kT [keV]	ni58_macs [mb]	unc [mb]
5.0	41.3	2.4
10.0	50.1	2.9
15.0	45.9	2.6
20.0	41.0	2.3
25.0	37.2	2.1
30.0	34.2	1.9
40.0	30.3	1.6
50.0	27.7	1.5
60.0	25.8	1.3
80.0	23.2	1.1
100.0	21.3	1.0
# nuclide=Ni-62	Z=28	A=62	N_temps=11
# kT [keV]	ni62_macs [mb]	unc [mb]
5.0	181.2	0.6
10.0	83.2	0.6
15.0	50.8	0.6
20.0	35.8	0.7
25.0	27.4	1.0
30.0	22.2	1.5
40.0	16.0	2.7
50.0	12.5	3.8
60.0	10.2	4.7
80.0	7.44	6.0
100.0	5.75	6.7
# nuclide=Ni-63	Z=28	A=63	N_temps=11
# kT [keV]	ni63_macs [mb]	unc [mb]
5.0	224	8
10.0	129.5	7.1
15.0	101.3	6.9
20.0	85.5	6.4
25.0	74.9	5.9
30.0	66.7	5.4
40.0	54.5	4.6
50.0	45.6	3.9
60.0	38.8	3.4
80.0	29.1	2.7
100.0	22.5	2.1
# nuclide=Os-186	Z=76	A=186	N_temps=16
# kT [keV]	os186_macs [mb]	unc [mb]
5.0	1118	44
8.0	799	32
10.0	693	28
12.0	622	26
15.0	552	23
20.0	483	20
23.0	456	19
25.0	441	19
30.0	414	17
40.0	375	16
50.0	347	14
60.0	325	13
70.0	307	13
80.0	291	12
90.0	278	11
100.0	267	11
# nuclide=Os-187	Z=76	A=187	N_temps=16
# kT [keV]	os187_macs [mb]	unc [mb]
5.0	3751	118
8.0	2590	83
10.0	2175	70
12.0	1889	61
15.0	1595	53
20.0	1291	42
23.0	1168	39
25.0	1100	37
30.0	969	32
40.0	794	27
50.0	683	23
60.0	605	21
70.0	545	19
80.0	500	18
90.0	464	15
100.0	434	14
# nuclide=Os-188	Z=76	A=188	N_temps=16
# kT [keV]	os188_macs [mb]	unc [mb]
5.0	768	34
8.0	538	24
10.0	466	21
12.0	419	19
15.0	375	17
20.0	332	16
23.0	317	15
25.0	309	14
30.0	294	14
40.0	273	14
50.0	257	13
60.0	243	12
70.0	231	11
80.0	220	10
90.0	211	10
100.0	203	9
# nuclide=Pb-204	Z=82	A=204	N_temps=10
# kT [keV]	pb204_macs [mb]	unc [mb]
5.0	304	9
8.0	200	6
10.0	165	5
12.0	142	4
15.0	119	4
20.0	98	3
25.0	86	3
30.0	79	3
40.0	72	3
50.0	68	3
# nuclide=Pb-206	Z=82	A=206	N_temps=10
# kT [keV]	pb206_macs [mb]	unc [mb]
5.0	21.3	0.38
8.0	20.4	0.37
10.0	19.4	0.37
12.0	18.4	0.37
15.0	17.1	0.36
20.0	15.6	0.34
25.0	14.7	0.34
30.0	14.2	0.33
40.0	13.5	0.30
50.0	12.8	0.27
# nuclide=Pb-207	Z=82	A=207	N_temps=6
# kT [keV]	pb207_macs [mb]	unc [mb]
5.0	16.2	0.8
8.0	14.1	0.8
10.0	13.7	0.9
20.0	12.0	0.7
25.0	10.9	0.6
30.0	9.9	0.6
# nuclide=Se-77	Z=34	A=77	N_temps=11
# kT [keV]	se77_macs [mb]	unc [mb]
5.0	1485	63
10.0	995	48
15.0	794	41
20.0	680	36
25.0	605	33
30.0	550	30
40.0	475	25
50.0	423	21
60.0	384	19
80.0	326	17
100.0	283	16
# nuclide=Se-78	Z=34	A=78	N_temps=11
# kT [keV]	se78_macs [mb]	unc [mb]
5.0	247	11
10.0	165.4	8.6
15.0	130.4	7.2
20.0	111.7	6.3
25.0	98.1	5.7
30.0	89.5	5.2
40.0	78.4	4.4
50.0	71.5	3.9
60.0	67.8	3.6
80.0	60.5	3.1
100.0	56.3	2.8
# nuclide=Tl-204	Z=81	A=204	N_temps=12
# kT [keV]	tl204_macs [mb]	unc [mb]
5.0	801	203
8.0	580	168
10.0	497	147
15.0	387	121
20.0	326	108
25.0	286	95
30.0	260	90
40.0	220	83
50.0	198	74
60.0	176	66
80.0	157	62
100.0	137	66
# nuclide=Tm-171	Z=69	A=171	N_temps=1
# kT [keV]	tm171_macs [mb]	unc [mb]
30.0	384.0	40.0
# nuclide=Y-89	Z=39	A=89	N_temps=18
# kT [keV]	y89_macs [mb]	unc [mb]
5.0	72.2	3.5
8.0	49.5	2.4
10.0	41.5	2.0
15.0	30.3	1.4
20.0	24.6	1.1
23.0	22.3	1.0
25.0	21.2	1.0
30.0	18.9	0.8
35.0	17.4	0.7
40.0	16.3	0.7
45.0	15.4	0.7
50.0	14.7	0.7
55.0	14.2	0.7
60.0	13.7	0.7
70.0	13.0	0.7
80.0	12.4	0.7
90.0	11.9	0.8
100.0	11.5	0.8
# nuclide=Zr-92	Z=40	A=92	N_temps=18
# kT [keV]	zr92_macs [mb]	unc [mb]
5.0	127.8	6.5
8.0	93.3	4.7
10.0	79.2	4.0
15.0	58.9	2.9
20.0	48.2	2.3
23.0	44.1	2.1
25.0	42.0	2.0
30.0	38.1	1.8
35.0	35.5	1.8
40.0	33.9	1.9
45.0	32.8	2.1
50.0	32.0	2.2
55.0	31.6	2.4
60.0	31.3	2.5
70.0	31.0	2.8
80.0	30.9	3.0
90.0	31.0	3.2
100.0	31.2	3.3
# nuclide=Zr-93	Z=40	A=93	N_temps=6
# kT [keV]	zr93_macs [mb]	unc [mb]
5.0	347	19
10.0	215	17
15.0	160	14
20.0	129	12
25.0	110	10
30.0	96	9
# nuclide=Zr-94	Z=40	A=94	N_temps=13
# kT [keV]	zr94_macs [mb]	unc [mb]
5.0	70.3	3.5
8.0	58.5	2.9
10.0	52.3	2.6
15.0	42.3	2.2
20.0	36.5	2.0
23.0	34.0	2.0
25.0	32.9	2.0
30.0	30.5	2.0
40.0	27.4	2.0
50.0	25.5	2.0
60.0	24.3	2.0
80.0	22.6	2.0
100.0	21.6	2.0
# nuclide=Zr-96	Z=40	A=96	N_temps=5
# kT [keV]	zr96_macs [mb]	unc [mb]
5.0	53.1	2.6
10.0	26.6	1.3
15.0	18.0	0.9
20.0	13.9	0.7
25.0	11.6	0.7
# nuclide=Zr-90	Z=40	A=90	N_temps=11
# kT (keV)	zr90_macs (mb)	unc (mb)
5.0	44.4	2.2
10.0	31.3	1.5
15.0	25.8	1.2
20.0	22.7	1.1
25.0	20.7	1.0
30.0	19.3	0.9
40.0	17.1	0.8
50.0	15.5	0.8
60.0	14.3	0.7
80.0	12.4	0.6
100.0	11.0	0.5
# nuclide=Zr-91	Z=40	A=91	N_temps=11
# kT (keV)	zr91_macs (mb)	unc (mb)
5.0	237	12
10.0	144	8
15.0	106	6
20.0	86	5
25.0	72	5
30.0	63	4
40.0	51	4
50.0	44	4
60.0	38	3
80.0	33	3
100.0	28	3
# nuclide=Sm-151	Z=62	A=151	N_temps=17
# kT (keV)	sm151_macs (mb)	unc (mb)
5.0	10650	500
8.0	7960	390
10.0	6500	320
12.0	5570	270
15.0	4920	240
18.0	4440	210
20.0	4060	190
25.0	3490	160
30.0	3080	150
35.0	2780	140
40.0	2530	120
45.0	2330	110
50.0	2150	100
60.0	1890	90
70.0	1690	80
85.0	1460	70
100.0	1290	60
