# header: 
#   title: S0 resonance data for cendl3.2
#   source: Resonancetables
#   date: 2025-12-08
# reaction: 
#   type: S0
# quantity: 
#   type: resonance data
# datablock: 
#   columns: 7
#   entries: 180
##       Z              A            Liso           Value         dValue          Ratio         Nuclide
##      []             []             []           [*e-4]         [*e-4]           []             [%]
        11             23              0        1.478390E-01   0.000000E+00         0.5914      Na023
        12             25              0        1.169640E+05   0.000000E+00     33418.2852      Mg025
        13             27              0        7.873560E-01   0.000000E+00         0.3423      Al027
        14             28              0        6.165940E-01   0.000000E+00         1.2332      Si028
        16             32              0        5.800530E-01   0.000000E+00         0.7734      S032
        16             34              0        4.734280E-01   0.000000E+00         0.5774      S034
        20             40              0        2.312940E+00   0.000000E+00         0.8566      Ca040
        22             46              0        1.211280E+00   0.000000E+00         0.4659      Ti046
        22             47              0        2.032940E+00   0.000000E+00         0.7260      Ti047
        22             48              0        3.813350E+00   0.000000E+00         0.9533      Ti048
        22             49              0        2.840940E+00   0.000000E+00         0.9470      Ti049
        24             50              0        2.403630E+00   0.000000E+00         0.6325      Cr050
        24             52              0        1.656530E+00   0.000000E+00         0.5020      Cr052
        24             53              0        4.431880E+00   0.000000E+00         0.8690      Cr053
        24             54              0        1.389260E+00   0.000000E+00         0.6040      Cr054
        25             55              0        3.983260E+00   0.000000E+00         0.9053      Mn055
        26             54              0        7.685220E+00   0.000000E+00         1.1644      Fe054
        26             56              0        2.276700E+00   0.000000E+00         0.9899      Fe056
        26             57              0        4.558710E+00   0.000000E+00         0.9117      Fe057
        26             58              0        3.477910E+00   0.000000E+00         0.9529      Fe058
        27             59              0        2.963400E+00   0.000000E+00         0.8467      Co059
        28             58              0        3.205720E+00   0.000000E+00         1.0018      Ni058
        28             60              0        2.383960E+00   0.000000E+00         0.9933      Ni060
        28             61              0        2.788660E+00   0.000000E+00         1.0141      Ni061
        28             62              0        2.762320E+00   0.000000E+00         1.0231      Ni062
        28             64              0        2.699160E+00   0.000000E+00         0.8997      Ni064
        29             63              0        2.006480E+00   0.000000E+00         0.9555      Cu063
        29             65              0        1.711020E+00   0.000000E+00         0.7777      Cu065
        30             64              0        1.488240E+00   0.000000E+00         0.8268      Zn064
        30             66              0        2.117320E+00   0.000000E+00         1.0278      Zn066
        30             67              0        1.836100E+00   0.000000E+00         0.9273      Zn067
        30             68              0        1.614380E+00   0.000000E+00         0.8032      Zn068
        30             70              0        9.171400E-01   0.000000E+00         0.9171      Zn070
        31             69              0        1.271020E+00   0.000000E+00         0.9079      Ga069
        31             71              0        1.512820E+00   0.000000E+00         1.0806      Ga071
        32             70              0        1.746780E+00   0.000000E+00         0.8318      Ge070
        32             72              0        1.384070E+00   0.000000E+00         0.9227      Ge072
        32             73              0        1.240070E+00   0.000000E+00         0.6200      Ge073
        32             74              0        1.153500E+00   0.000000E+00         0.7690      Ge074
        32             76              0        1.429910E+00   0.000000E+00         0.8937      Ge076
        33             75              0        2.170380E+00   0.000000E+00         1.3565      As075
        34             74              0        2.611060E+00   0.000000E+00         0.8704      Se074
        34             76              0        1.848420E+00   0.000000E+00         1.0269      Se076
        34             77              0        1.309000E+00   0.000000E+00         1.0908      Se077
        34             78              0        1.825380E+00   0.000000E+00         1.4041      Se078
        34             80              0        3.121410E+00   0.000000E+00         1.7341      Se080
        34             82              0        8.699550E-01   0.000000E+00         0.9666      Se082
        36             84              0        1.309870E+00   0.000000E+00         0.9849      Kr084
        36             86              0        7.103230E-01   0.000000E+00         1.0147      Kr086
        37             85              0        9.151460E-01   0.000000E+00         0.8885      Rb085
        37             87              0        1.972530E+00   0.000000E+00         1.6168      Rb087
        38             88              0        3.916920E-01   0.000000E+00         1.2240      Sr088
        39             89              0        2.751870E-01   0.000000E+00         0.8339      Y089
        40             90              0        5.675640E-01   0.000000E+00         1.0510      Zr090
        40             91              0        4.260820E-01   0.000000E+00         0.9909      Zr091
        40             92              0        6.406060E-01   0.000000E+00         0.9152      Zr092
        40             93              0        1.613910E-01   0.000000E+00         0.3753      Zr093
        40             94              0        5.358870E-01   0.000000E+00         1.0306      Zr094
        40             96              0        7.715110E-01   0.000000E+00         2.5717      Zr096
        41             93              0        6.490490E-01   0.000000E+00         1.4423      Nb093
        42             92              0        5.071350E-01   0.000000E+00         0.9056      Mo092
        42             94              0        4.374650E-01   0.000000E+00         0.9942      Mo094
        42             95              0        3.958020E-01   0.000000E+00         0.8421      Mo095
        42             96              0        4.253200E-01   0.000000E+00         0.6860      Mo096
        42             97              0        3.646310E-01   0.000000E+00         0.9855      Mo097
        42             98              0        3.722600E-01   0.000000E+00         0.7755      Mo098
        42            100              0        7.023300E-01   0.000000E+00         1.0033      Mo100
        43             99              0        4.731510E-01   0.000000E+00         0.9463      Tc099
        44             99              0        5.144020E-01   0.000000E+00         0.7678      Ru099
        44            100              0        4.728000E-01   0.000000E+00         0.6754      Ru100
        44            101              0        5.900000E-01   0.000000E+00         1.0536      Ru101
        44            102              0        4.649960E-01   0.000000E+00         0.8304      Ru102
        45            103              0        5.340080E-01   0.000000E+00         1.1362      Rh103
        46            105              0        6.000000E-01   0.000000E+00         1.0000      Pd105
        46            108              0        6.242080E-01   0.000000E+00         0.6936      Pd108
        47            107              0        4.323220E-01   0.000000E+00         0.9398      Ag107
        47            109              0        5.760080E-01   0.000000E+00         0.8727      Ag109
        48            113              0        3.327880E-01   0.000000E+00         1.0400      Cd113
        49            113              0        8.400210E-01   0.000000E+00         2.2703      In113
        49            115              0        2.604880E-01   0.000000E+00         1.0019      In115
        50            112              0        2.826550E-01   0.000000E+00         0.6730      Sn112
        50            114              0        2.916760E-01   0.000000E+00         1.4584      Sn114
        50            115              0        2.999980E-01   0.000000E+00         1.0000      Sn115
        50            116              0        4.327420E-01   0.000000E+00         1.7310      Sn116
        50            117              0        1.984870E-01   0.000000E+00         1.3232      Sn117
        50            118              0        4.542130E-01   0.000000E+00         0.9874      Sn118
        50            119              0        9.198620E-02   0.000000E+00         0.9199      Sn119
        50            120              0        1.144790E-01   0.000000E+00         1.1448      Sn120
        50            122              0        1.920540E-01   0.000000E+00         1.4773      Sn122
        50            124              0        1.499970E-01   0.000000E+00         1.0000      Sn124
        51            121              0        3.289050E-01   0.000000E+00         1.0278      Sb121
        51            123              0        2.715480E-01   0.000000E+00         1.0862      Sb123
        52            130              0        6.782200E-02   0.000000E+00         0.3391      Te130
        53            127              0        7.660320E-01   0.000000E+00         0.9575      I127
        53            129              0        7.484390E-01   0.000000E+00         2.1384      I129
        54            129              0        1.197200E+00   0.000000E+00         1.1972      Xe129
        54            131              0        6.423020E-01   0.000000E+00         0.7383      Xe131
        54            132              0        1.186740E+00   0.000000E+00         3.8282      Xe132
        55            133              0        7.706030E-01   0.000000E+00         1.1676      Cs133
        55            134              0        1.399930E+00   0.000000E+00         2.5925      Cs134
        55            135              0        1.500000E+00   0.000000E+00         2.7778      Cs135
        56            130              0        1.299990E+00   0.000000E+00         0.8125      Ba130
        56            134              0        5.066030E-01   0.000000E+00         0.3619      Ba134
        56            135              0        1.799240E+00   0.000000E+00         1.6357      Ba135
        56            136              0        8.828240E-01   0.000000E+00         1.0265      Ba136
        56            137              0        6.798600E-01   0.000000E+00         1.2361      Ba137
        56            138              0        1.386580E+00   0.000000E+00         2.1009      Ba138
        57            139              0        4.900980E-01   0.000000E+00         0.8168      La139
        58            136              0        1.200000E+00   0.000000E+00         0.5217      Ce136
        58            140              0        1.191290E+00   0.000000E+00         0.9927      Ce140
        58            141              0        1.548320E+00   0.000000E+00         1.4076      Ce141
        58            142              0        2.457000E+00   0.000000E+00         0.7226      Ce142
        59            141              0        4.328380E+00   0.000000E+00         2.5461      Pr141
        60            142              0        1.052380E+00   0.000000E+00         0.7258      Nd142
        60            143              0        3.335270E+00   0.000000E+00         0.9014      Nd143
        60            144              0        4.874810E+00   0.000000E+00         0.9558      Nd144
        60            145              0        3.632680E+00   0.000000E+00         1.1352      Nd145
        60            146              0        2.878880E+00   0.000000E+00         0.7576      Nd146
        60            148              0        3.146370E+00   0.000000E+00         0.8504      Nd148
        60            150              0        8.688730E-01   0.000000E+00         0.2996      Nd150
        61            147              0        3.100030E+00   0.000000E+00         1.0000      Pm147
        62            144              0        2.942790E+00   0.000000E+00         0.8408      Sm144
        62            147              0        4.800160E+00   0.000000E+00         1.0000      Sm147
        62            148              0        3.800100E+00   0.000000E+00         1.0000      Sm148
        62            149              0        4.600070E+00   0.000000E+00         0.7797      Sm149
        62            150              0        3.599880E+00   0.000000E+00         1.0285      Sm150
        62            151              0        4.199980E+00   0.000000E+00         1.1053      Sm151
        62            152              0        2.199990E+00   0.000000E+00         1.0000      Sm152
        62            154              0        1.800030E+00   0.000000E+00         0.9474      Sm154
        63            151              0        3.699970E+00   0.000000E+00         1.1562      Eu151
        63            153              0        2.693130E+00   0.000000E+00         1.2241      Eu153
        63            154              0        2.200020E+00   0.000000E+00         1.8333      Eu154
        63            155              0        2.299940E+00   0.000000E+00         1.2105      Eu155
        64            152              0        2.694680E+00   0.000000E+00         0.7091      Gd152
        64            154              0        1.532950E+00   0.000000E+00         0.7665      Gd154
        64            155              0        2.067350E+00   0.000000E+00         1.0337      Gd155
        64            156              0        1.700030E+00   0.000000E+00         0.8948      Gd156
        64            157              0        1.899960E+00   0.000000E+00         0.8636      Gd157
        64            158              0        1.524740E+00   0.000000E+00         1.0165      Gd158
        64            160              0        1.546620E+00   0.000000E+00         0.9666      Gd160
        66            164              0        1.665450E+00   0.000000E+00         0.9252      Dy164
        67            165              0        1.882550E+00   0.000000E+00         0.9908      Ho165
        72            174              0        2.800000E+00   0.000000E+00         1.0000      Hf174
        72            176              0        2.500000E+00   0.000000E+00         1.4706      Hf176
        72            177              0        1.700000E+00   0.000000E+00         0.6538      Hf177
        72            178              0        2.200000E+00   0.000000E+00         1.0476      Hf178
        72            179              0        1.800000E+00   0.000000E+00         0.7200      Hf179
        72            180              0        1.294070E+00   0.000000E+00         0.6811      Hf180
        73            181              0        1.780320E+00   0.000000E+00         1.0472      Ta181
        74            180              0        2.341570E+00   0.000000E+00         2.3416      W180
        74            182              0        2.619520E+00   0.000000E+00         1.1389      W182
        74            183              0        2.690370E+00   0.000000E+00         1.4160      W183
        74            184              0        2.270600E+00   0.000000E+00         0.9082      W184
        74            186              0        3.107360E+00   0.000000E+00         1.3510      W186
        79            197              0        1.582680E+00   0.000000E+00         0.8330      Au197
        82            204              0        8.492990E-01   0.000000E+00         0.7077      Pb204
        82            206              0        1.077830E+00   0.000000E+00         0.8291      Pb206
        82            207              0        9.669290E-01   0.000000E+00         0.9669      Pb207
        82            208              0        8.505580E-01   0.000000E+00         0.8506      Pb208
        83            209              0        5.623340E-01   0.000000E+00         1.0042      Bi209
        90            232              0        8.096760E-01   0.000000E+00         0.9639      Th232
        92            232              0        1.200000E+00   0.000000E+00         1.2000      U232
        92            233              0        1.071600E+00   0.000000E+00         1.1907      U233
        92            234              0        9.600000E-01   0.000000E+00         1.1294      U234
        92            235              0        8.746780E-01   0.000000E+00         0.8925      U235
        92            236              0        1.062750E+00   0.000000E+00         1.0026      U236
        92            238              0        1.025060E+00   0.000000E+00         0.9952      U238
        93            236              0        2.168020E+00   0.000000E+00         1.8067      Np236
        93            237              0        7.082170E-01   0.000000E+00         0.7301      Np237
        94            238              0        1.865690E+00   0.000000E+00         1.7275      Pu238
        94            239              0        1.025990E+00   0.000000E+00         0.8550      Pu239
        94            240              0        1.200000E+00   0.000000E+00         1.1215      Pu240
        94            241              0        1.094590E+00   0.000000E+00         0.9276      Pu241
        94            242              0        8.133330E-01   0.000000E+00         0.8299      Pu242
        94            244              0        8.570180E-01   0.000000E+00         0.9522      Pu244
        95            241              0        9.288420E-01   0.000000E+00         1.0555      Am241
        95            242              0        1.150000E+00   0.000000E+00         0.8712      Am242
        95            243              0        8.335430E-01   0.000000E+00         0.8506      Am243
        97            249              0        1.130000E+00   0.000000E+00         0.9417      Bk249
        98            249              0        1.060030E+00   0.000000E+00         0.8834      Cf249
