# header: 
#   title: S0 resonance data for endfb8.1
#   source: Resonancetables
#   date: 2025-12-15
# reaction: 
#   type: S0
# quantity: 
#   type: resonance data
# datablock: 
#   columns: 7
#   entries: 276
##       Z              A            Liso           Value         dValue          Ratio         Nuclide
##      []             []             []           [*e-4]         [*e-4]           []             [%]
        11             23              0        1.049560E-01   0.000000E+00         0.4198      Na023
        12             25              0        1.169640E+05   0.000000E+00     33418.2852      Mg025
        13             27              0        7.873560E-01   0.000000E+00         0.3423      Al027
        16             32              0        5.800530E-01   0.000000E+00         0.7734      S032
        16             34              0        4.734280E-01   0.000000E+00         0.5774      S034
        17             37              0        8.244500E-02   0.000000E+00         0.1374      Cl037
        18             40              0        2.449050E+00   0.000000E+00         1.2890      Ar040
        19             39              0        2.131820E-01   0.000000E+00         0.2842      K039
        19             41              0        2.599130E-01   0.000000E+00         0.5198      K041
        20             42              0        2.196030E+00   0.000000E+00         0.8784      Ca042
        20             43              0        2.729950E+00   0.000000E+00         0.7583      Ca043
        20             44              0        2.073740E+00   0.000000E+00         0.8641      Ca044
        20             48              0        1.468590E+04   0.000000E+00    209798.5781      Ca048
        21             45              0        4.395770E+00   0.000000E+00         0.9990      Sc045
        22             46              0        2.500560E+00   0.000000E+00         0.9618      Ti046
        22             47              0        2.675170E+00   0.000000E+00         0.9554      Ti047
        22             48              0        3.813350E+00   0.000000E+00         0.9533      Ti048
        22             49              0        3.103450E+00   0.000000E+00         1.0345      Ti049
        23             49              0        6.786970E+00   0.000000E+00         0.9172      V049
        23             50              0        4.114640E+00   0.000000E+00         0.9144      V050
        24             50              0        2.998270E+00   0.000000E+00         0.7890      Cr050
        24             52              0        3.667070E+00   0.000000E+00         1.1112      Cr052
        24             53              0        1.253530E+00   0.000000E+00         0.2458      Cr053
        24             54              0        4.762990E+00   0.000000E+00         2.0709      Cr054
        25             55              0        1.539830E+00   0.000000E+00         0.3500      Mn055
        26             56              0        2.276700E+00   0.000000E+00         0.9899      Fe056
        26             58              0        3.116170E+00   0.000000E+00         0.8537      Fe058
        27             59              0        3.822390E+00   0.000000E+00         1.0921      Co059
        28             58              0        3.205720E+00   0.000000E+00         1.0018      Ni058
        28             59              0        3.930570E+00   0.000000E+00         1.0918      Ni059
        28             60              0        3.083820E+00   0.000000E+00         1.2849      Ni060
        28             61              0        2.069480E+00   0.000000E+00         0.7525      Ni061
        28             62              0        2.764120E+00   0.000000E+00         1.0237      Ni062
        28             64              0        2.750120E+00   0.000000E+00         0.9167      Ni064
        30             64              0        1.488240E+00   0.000000E+00         0.8268      Zn064
        30             66              0        2.117320E+00   0.000000E+00         1.0278      Zn066
        30             67              0        1.836100E+00   0.000000E+00         0.9273      Zn067
        30             68              0        1.614380E+00   0.000000E+00         0.8032      Zn068
        30             70              0        9.171400E-01   0.000000E+00         0.9171      Zn070
        31             69              0        1.031420E+00   0.000000E+00         0.7367      Ga069
        31             71              0        1.512820E+00   0.000000E+00         1.0806      Ga071
        32             70              0        2.432530E+00   0.000000E+00         1.1583      Ge070
        32             72              0        1.138100E+00   0.000000E+00         0.7587      Ge072
        32             73              0        1.412000E+00   0.000000E+00         0.7060      Ge073
        32             74              0        1.400000E+00   0.000000E+00         0.9333      Ge074
        32             76              0        1.500000E+00   0.000000E+00         0.9375      Ge076
        33             75              0        2.170380E+00   0.000000E+00         1.3565      As075
        34             74              0        2.611060E+00   0.000000E+00         0.8704      Se074
        34             76              0        1.848420E+00   0.000000E+00         1.0269      Se076
        34             77              0        1.309000E+00   0.000000E+00         1.0908      Se077
        34             78              0        1.825380E+00   0.000000E+00         1.4041      Se078
        34             80              0        3.121410E+00   0.000000E+00         1.7341      Se080
        34             82              0        8.699550E-01   0.000000E+00         0.9666      Se082
        35             79              0        5.799980E-01   0.000000E+00         0.4143      Br079
        35             81              0        7.925040E-01   0.000000E+00         0.9006      Br081
        36             80              0        5.799930E-01   0.000000E+00         0.3625      Kr080
        36             84              0        9.993550E-01   0.000000E+00         0.7514      Kr084
        36             86              0        6.162900E-01   0.000000E+00         0.8804      Kr086
        37             85              0        8.867150E-01   0.000000E+00         0.8609      Rb085
        37             87              0        1.972530E+00   0.000000E+00         1.6168      Rb087
        38             84              0        8.347080E-01   0.000000E+00         1.0434      Sr084
        38             86              0        1.363980E+00   0.000000E+00         1.9485      Sr086
        38             87              0        6.954860E-01   0.000000E+00         2.0455      Sr087
        39             89              0        3.091030E-01   0.000000E+00         0.9367      Y089
        40             90              0        5.687390E-01   0.000000E+00         1.0532      Zr090
        40             91              0        4.156130E-01   0.000000E+00         0.9665      Zr091
        40             92              0        3.887290E-01   0.000000E+00         0.5553      Zr092
        40             93              0        3.654180E-01   0.000000E+00         0.8498      Zr093
        40             94              0        5.212380E-01   0.000000E+00         1.0024      Zr094
        40             96              0        8.400220E-01   0.000000E+00         2.8001      Zr096
        41             93              0        6.490490E-01   0.000000E+00         1.4423      Nb093
        42             92              0        5.385680E-01   0.000000E+00         0.9617      Mo092
        42             94              0        4.374650E-01   0.000000E+00         0.9942      Mo094
        42             95              0        4.385710E-01   0.000000E+00         0.9331      Mo095
        42             96              0        4.253200E-01   0.000000E+00         0.6860      Mo096
        42             97              0        3.646310E-01   0.000000E+00         0.9855      Mo097
        42             98              0        3.722600E-01   0.000000E+00         0.7755      Mo098
        42            100              0        7.023300E-01   0.000000E+00         1.0033      Mo100
        43             99              0        4.828450E-01   0.000000E+00         0.9657      Tc099
        44             99              0        4.399950E-01   0.000000E+00         0.6567      Ru099
        44            100              0        3.833480E-01   0.000000E+00         0.5476      Ru100
        44            101              0        5.668760E-01   0.000000E+00         1.0123      Ru101
        44            102              0        4.649960E-01   0.000000E+00         0.8304      Ru102
        45            103              0        4.389280E-01   0.000000E+00         0.9339      Rh103
        46            104              0        1.332750E-01   0.000000E+00         0.2666      Pd104
        46            105              0        6.167440E-01   0.000000E+00         1.0279      Pd105
        46            106              0        2.606490E-01   0.000000E+00         0.4344      Pd106
        46            107              0        8.100040E-01   0.000000E+00         1.0125      Pd107
        46            108              0        6.242080E-01   0.000000E+00         0.6936      Pd108
        46            110              0        2.500250E-01   0.000000E+00         1.0001      Pd110
        47            107              0        4.582880E-01   0.000000E+00         0.9963      Ag107
        47            109              0        5.050150E-01   0.000000E+00         0.7652      Ag109
        48            106              0        5.102290E-01   0.000000E+00         0.5102      Cd106
        48            108              0        7.539070E-01   0.000000E+00         0.7539      Cd108
        48            110              0        3.952870E-01   0.000000E+00         0.8784      Cd110
        48            111              0        3.910430E-01   0.000000E+00         0.9094      Cd111
        48            112              0        4.741020E-01   0.000000E+00         0.8620      Cd112
        48            113              0        3.474950E-01   0.000000E+00         1.0859      Cd113
        48            114              0        4.443670E-01   0.000000E+00         0.6943      Cd114
        48            116              0        1.510680E-01   0.000000E+00         0.8393      Cd116
        49            113              0        6.352090E-01   0.000000E+00         1.7168      In113
        49            115              0        2.365050E-01   0.000000E+00         0.9096      In115
        50            112              0        2.809370E-01   0.000000E+00         0.6689      Sn112
        50            114              0        3.645950E-01   0.000000E+00         1.8230      Sn114
        50            115              0        2.999980E-01   0.000000E+00         1.0000      Sn115
        50            116              0        1.817470E-01   0.000000E+00         0.7270      Sn116
        50            117              0        1.093830E-01   0.000000E+00         0.7292      Sn117
        50            118              0        2.673830E-01   0.000000E+00         0.5813      Sn118
        50            119              0        9.220430E-02   0.000000E+00         0.9220      Sn119
        50            120              0        8.863710E-02   0.000000E+00         0.8864      Sn120
        50            122              0        1.280600E-01   0.000000E+00         0.9851      Sn122
        50            124              0        1.220270E-01   0.000000E+00         0.8135      Sn124
        51            121              0        2.603360E-01   0.000000E+00         0.8136      Sb121
        51            123              0        2.343120E-01   0.000000E+00         0.9372      Sb123
        52            122              0        8.450170E-01   0.000000E+00         0.6926      Te122
        52            123              0        7.900060E-01   0.000000E+00         0.8778      Te123
        52            124              0        5.234780E-01   0.000000E+00         0.7478      Te124
        52            125              0        4.985490E-01   0.000000E+00         0.9587      Te125
        52            126              0        2.679750E-01   0.000000E+00         0.9571      Te126
        52            128              0        1.728210E-01   0.000000E+00         0.6647      Te128
        52            130              0        6.782200E-02   0.000000E+00         0.3391      Te130
        53            127              0        6.174010E-01   0.000000E+00         0.7718      I127
        53            129              0        3.598790E-01   0.000000E+00         1.0282      I129
        54            128              0        9.799960E-01   0.000000E+00         1.1529      Xe128
        54            129              0        9.799980E-01   0.000000E+00         0.9800      Xe129
        54            130              0        9.983600E-01   0.000000E+00         0.7131      Xe130
        54            131              0        7.111620E-01   0.000000E+00         0.8174      Xe131
        54            132              0        9.799460E-01   0.000000E+00         3.1611      Xe132
        55            133              0        7.661660E-01   0.000000E+00         1.1609      Cs133
        55            134              0        9.419420E-01   0.000000E+00         1.7443      Cs134
        55            135              0        1.500000E+00   0.000000E+00         2.7778      Cs135
        56            130              0        1.299990E+00   0.000000E+00         0.8125      Ba130
        56            134              0        1.455240E+00   0.000000E+00         1.0395      Ba134
        56            135              0        1.232160E+00   0.000000E+00         1.1201      Ba135
        56            136              0        7.972980E-01   0.000000E+00         0.9271      Ba136
        56            137              0        6.711970E-01   0.000000E+00         1.2204      Ba137
        56            138              0        7.709960E-01   0.000000E+00         1.1682      Ba138
        57            138              0        4.400010E-01   0.000000E+00         0.3667      La138
        57            139              0        4.900980E-01   0.000000E+00         0.8168      La139
        58            136              0        1.200000E+00   0.000000E+00         0.5217      Ce136
        58            138              0        1.200000E+00   0.000000E+00         0.2264      Ce138
        58            139              0        1.200000E+00   0.000000E+00         1.0345      Ce139
        58            140              0        9.642790E-01   0.000000E+00         0.8036      Ce140
        58            141              0        5.639230E-01   0.000000E+00         0.5127      Ce141
        58            142              0        2.870130E+00   0.000000E+00         0.8442      Ce142
        59            141              0        1.642760E+00   0.000000E+00         0.9663      Pr141
        60            142              0        1.140240E+00   0.000000E+00         0.7864      Nd142
        60            143              0        3.530110E+00   0.000000E+00         0.9541      Nd143
        60            144              0        4.879800E+00   0.000000E+00         0.9568      Nd144
        60            145              0        4.460000E+00   0.000000E+00         1.3937      Nd145
        60            146              0        3.386330E+00   0.000000E+00         0.8911      Nd146
        60            148              0        3.348380E+00   0.000000E+00         0.9050      Nd148
        60            150              0        2.854350E+00   0.000000E+00         0.9843      Nd150
        61            147              0        5.545010E+00   0.000000E+00         1.7887      Pm147
        62            144              0        3.834940E+00   0.000000E+00         1.0957      Sm144
        62            147              0        4.800000E+00   0.000000E+00         1.0000      Sm147
        62            148              0        4.600000E+00   0.000000E+00         1.2105      Sm148
        62            149              0        4.600000E+00   0.000000E+00         0.7797      Sm149
        62            150              0        4.000000E+00   0.000000E+00         1.1429      Sm150
        62            151              0        4.200000E+00   0.000000E+00         1.1053      Sm151
        62            152              0        2.096330E+00   0.000000E+00         0.9529      Sm152
        62            154              0        2.200000E+00   0.000000E+00         1.1579      Sm154
        63            151              0        3.699970E+00   0.000000E+00         1.1562      Eu151
        63            152              0        3.599990E+00   0.000000E+00         2.5714      Eu152
        63            153              0        2.500000E+00   0.000000E+00         1.1364      Eu153
        63            154              0        2.200020E+00   0.000000E+00         1.8333      Eu154
        63            155              0        2.678970E+00   0.000000E+00         1.4100      Eu155
        64            152              0        3.600000E+00   0.000000E+00         0.9474      Gd152
        64            153              0        2.300000E+00   0.000000E+00         1.7692      Gd153
        64            154              0        1.930000E+00   0.000000E+00         0.9650      Gd154
        64            155              0        2.140000E+00   0.000000E+00         1.0700      Gd155
        64            156              0        1.797900E+00   0.000000E+00         0.9463      Gd156
        64            157              0        2.200000E+00   0.000000E+00         1.0000      Gd157
        64            158              0        1.410570E+00   0.000000E+00         0.9404      Gd158
        64            160              0        1.557650E+00   0.000000E+00         0.9735      Gd160
        65            158              0        5.956930E+00   0.000000E+00         3.8432      Tb158
        65            159              0        1.694120E+00   0.000000E+00         1.0930      Tb159
        66            156              0        2.000000E+00   0.000000E+00         1.0526      Dy156
        66            158              0        2.000000E+00   0.000000E+00         0.9524      Dy158
        66            160              0        1.800000E+00   0.000000E+00         0.9000      Dy160
        66            161              0        1.793000E+00   0.000000E+00         0.9961      Dy161
        66            162              0        1.951760E+00   0.000000E+00         1.0272      Dy162
        66            163              0        2.040000E+00   0.000000E+00         1.0200      Dy163
        66            164              0        1.909090E+00   0.000000E+00         1.0606      Dy164
        67            165              0        1.882550E+00   0.000000E+00         0.9908      Ho165
        68            162              0        1.879520E+00   0.000000E+00         0.9398      Er162
        68            164              0        1.086980E+00   0.000000E+00         0.7247      Er164
        68            166              0        1.597970E+00   0.000000E+00         0.9400      Er166
        68            167              0        1.858080E+00   0.000000E+00         0.9290      Er167
        68            168              0        1.512410E+00   0.000000E+00         1.0083      Er168
        68            170              0        1.349410E+00   0.000000E+00         0.8996      Er170
        69            169              0        2.220000E+00   0.000000E+00         1.4800      Tm169
        69            170              0        1.800000E+00   0.000000E+00         1.2857      Tm170
        70            169              0        2.138120E+00   0.000000E+00         1.2577      Yb169
        70            170              0        2.326330E+00   0.000000E+00         1.5509      Yb170
        70            171              0        1.899060E+00   0.000000E+00         0.9995      Yb171
        70            172              0        1.654590E+00   0.000000E+00         0.9509      Yb172
        70            173              0        1.603160E+00   0.000000E+00         1.0688      Yb173
        70            174              0        1.508730E+00   0.000000E+00         1.0777      Yb174
        70            176              0        1.768820E+00   0.000000E+00         0.7370      Yb176
        71            175              0        1.700000E+00   0.000000E+00         0.9341      Lu175
        71            176              0        1.600000E+00   0.000000E+00         1.0000      Lu176
        72            174              0        3.188940E+00   0.000000E+00         1.1389      Hf174
        72            176              0        2.596380E+00   0.000000E+00         1.5273      Hf176
        72            177              0        2.079990E+00   0.000000E+00         0.8000      Hf177
        72            178              0        2.184510E+00   0.000000E+00         1.0402      Hf178
        72            179              0        1.531250E+00   0.000000E+00         0.6125      Hf179
        72            180              0        1.915000E+00   0.000000E+00         1.0079      Hf180
        73            180              0        2.062540E+00   0.000000E+00         1.0855      Ta180
        73            181              0        1.689800E+00   0.000000E+00         0.9940      Ta181
        73            182              0        1.791100E+00   0.000000E+00         1.7911      Ta182
        74            180              0        9.011560E-01   0.000000E+00         0.9012      W180
        74            182              0        1.800000E+00   0.000000E+00         0.7826      W182
        74            183              0        2.124990E+00   0.000000E+00         1.1184      W183
        74            184              0        2.300000E+00   0.000000E+00         0.9200      W184
        74            186              0        1.789800E+00   0.000000E+00         0.7782      W186
        75            185              0        2.331070E+00   0.000000E+00         0.8634      Re185
        75            187              0        2.876200E+00   0.000000E+00         1.1505      Re187
        76            186              0        4.283320E+00   0.000000E+00         1.5298      Os186
        76            187              0        4.787720E+00   0.000000E+00         1.5444      Os187
        76            188              0        5.229240E+00   0.000000E+00         2.0917      Os188
        76            189              0        4.902700E+00   0.000000E+00         2.0428      Os189
        76            190              0        5.727670E+00   0.000000E+00         2.2911      Os190
        77            191              0        1.938400E+00   0.000000E+00         1.0202      Ir191
        77            192              0        1.418430E+00   0.000000E+00         0.5674      Ir192
        77            193              0        2.000000E+00   0.000000E+00         1.5385      Ir193
        78            192              0        3.464240E-01   0.000000E+00         0.1732      Pt192
        78            194              0        1.252580E+00   0.000000E+00         0.6263      Pt194
        78            195              0        1.412810E+00   0.000000E+00         0.7849      Pt195
        78            196              0        1.118740E+00   0.000000E+00         0.5737      Pt196
        78            198              0        1.180210E+00   0.000000E+00         0.8430      Pt198
        79            197              0        1.529220E+00   0.000000E+00         0.8049      Au197
        80            198              0        1.299110E+00   0.000000E+00         0.9993      Hg198
        80            199              0        2.449870E+00   0.000000E+00         1.1666      Hg199
        80            200              0        1.630360E+00   0.000000E+00         1.0190      Hg200
        80            201              0        1.231650E+00   0.000000E+00         1.0264      Hg201
        81            203              0        1.339860E+00   0.000000E+00         0.9570      Tl203
        81            205              0        1.692150E+00   0.000000E+00         1.4101      Tl205
        82            204              0        8.492990E-01   0.000000E+00         0.7077      Pb204
        82            206              0        1.050440E+00   0.000000E+00         0.8080      Pb206
        82            207              0        1.142990E+00   0.000000E+00         1.1430      Pb207
        82            208              0        6.140220E-01   0.000000E+00         0.6140      Pb208
        83            209              0        5.623340E-01   0.000000E+00         1.0042      Bi209
        88            226              0        1.029780E+00   0.000000E+00         0.9535      Ra226
        90            229              0        9.978390E-01   0.000000E+00         0.8677      Th229
        90            230              0        8.758920E-01   0.000000E+00         0.6843      Th230
        90            232              0        8.096760E-01   0.000000E+00         0.9639      Th232
        91            231              0        7.294000E-01   0.000000E+00         0.9005      Pa231
        91            232              0        8.878900E-01   0.000000E+00         0.9346      Pa232
        91            233              0        7.543000E-01   0.000000E+00         1.0057      Pa233
        92            232              0        5.103480E-01   0.000000E+00         0.5103      U232
        92            233              0        9.540250E-01   0.000000E+00         1.0600      U233
        92            234              0        4.849340E-01   0.000000E+00         0.5705      U234
        92            235              0        8.746780E-01   0.000000E+00         0.8925      U235
        92            236              0        1.062750E+00   0.000000E+00         1.0026      U236
        92            238              0        1.016480E+00   0.000000E+00         0.9869      U238
        93            236              0        9.043970E-01   0.000000E+00         0.7537      Np236
        93            237              0        7.082170E-01   0.000000E+00         0.7301      Np237
        94            238              0        1.195360E+00   0.000000E+00         1.1068      Pu238
        94            239              0        1.117950E+00   0.000000E+00         0.9316      Pu239
        94            240              0        1.029760E+00   0.000000E+00         0.9624      Pu240
        94            241              0        1.234380E+00   0.000000E+00         1.0461      Pu241
        94            242              0        9.640710E-01   0.000000E+00         0.9837      Pu242
        94            244              0        8.987570E-01   0.000000E+00         0.9986      Pu244
        95            241              0        9.888600E-01   0.000000E+00         1.1237      Am241
        95            242              0        1.150000E+00   0.000000E+00         0.8712      Am242
        95            243              0        9.800000E-01   0.000000E+00         1.0000      Am243
        96            242              0        9.983540E-01   0.000000E+00         1.2479      Cm242
        96            243              0        1.221780E+00   0.000000E+00         0.9774      Cm243
        96            244              0        9.141150E-01   0.000000E+00         0.9141      Cm244
        96            245              0        1.087670E+00   0.000000E+00         1.0359      Cm245
        96            246              0        8.299080E-01   0.000000E+00         0.9880      Cm246
        96            247              0        4.650940E-01   0.000000E+00         0.6201      Cm247
        96            248              0        1.191590E+00   0.000000E+00         0.9930      Cm248
        97            249              0        1.355960E+00   0.000000E+00         1.1300      Bk249
        98            249              0        1.263120E+00   0.000000E+00         1.0526      Cf249
