# header: 
#   title: S0 resonance data for jeff4.0
#   source: Resonancetables
#   date: 2025-11-14
# reaction: 
#   type: S0
# quantity: 
#   type: resonance data
# datablock: 
#   columns: 7
#   entries: 281
##       Z              A            Liso           Value         dValue          Ratio         Nuclide
##      []             []             []           [*e-4]         [*e-4]           []             [%]
        11             23              0        1.167040E-01   0.000000E+00         0.4668      Na023
        12             25              0        5.956100E-01   0.000000E+00         0.1702      Mg025
        13             27              0        7.873550E-01   0.000000E+00         0.3423      Al027
        15             31              0        1.084170E+00   0.000000E+00         2.5814      P031
        16             32              0        7.634950E-01   0.000000E+00         1.0180      S032
        16             34              0        5.659430E-01   0.000000E+00         0.6902      S034
        17             37              0        8.244500E-02   0.000000E+00         0.1374      Cl037
        18             40              0        7.117440E-01   0.000000E+00         0.3746      Ar040
        19             39              0        1.171900E-01   0.000000E+00         0.1563      K039
        19             41              0        5.307910E-01   0.000000E+00         1.0616      K041
        20             40              0        3.447640E+00   0.000000E+00         1.2769      Ca040
        20             42              0        2.812550E+00   0.000000E+00         1.1250      Ca042
        20             43              0        2.232190E+00   0.000000E+00         0.6201      Ca043
        20             44              0        2.315440E+00   0.000000E+00         0.9648      Ca044
        20             48              0        1.443820E+01   0.000000E+00       206.2600      Ca048
        21             45              0        4.540940E+00   0.000000E+00         1.0320      Sc045
        22             46              0        2.709310E+00   0.000000E+00         1.0420      Ti046
        22             47              0        3.404720E+00   0.000000E+00         1.2160      Ti047
        22             48              0        3.813260E+00   0.000000E+00         0.9533      Ti048
        22             49              0        3.127710E+00   0.000000E+00         1.0426      Ti049
        23             49              0        1.007730E-01   0.000000E+00         0.0136      V049
        23             50              0        4.084950E+00   0.000000E+00         0.9078      V050
        23             51              0        7.483840E+00   0.000000E+00         1.0541      V051
        24             50              0        2.998270E+00   0.000000E+00         0.7890      Cr050
        24             52              0        3.667070E+00   0.000000E+00         1.1112      Cr052
        24             53              0        1.253530E+00   0.000000E+00         0.2458      Cr053
        24             54              0        4.762990E+00   0.000000E+00         2.0709      Cr054
        25             55              0        1.539830E+00   0.000000E+00         0.3500      Mn055
        26             56              0        2.276640E+00   0.000000E+00         0.9898      Fe056
        26             58              0        3.116170E+00   0.000000E+00         0.8537      Fe058
        27             59              0        3.822390E+00   0.000000E+00         1.0921      Co059
        28             58              0        3.246090E+00   0.000000E+00         1.0144      Ni058
        28             59              0        7.555390E-01   0.000000E+00         0.2099      Ni059
        28             60              0        3.083820E+00   0.000000E+00         1.2849      Ni060
        28             61              0        2.478730E+00   0.000000E+00         0.9014      Ni061
        28             62              0        2.754830E+00   0.000000E+00         1.0203      Ni062
        28             64              0        2.750120E+00   0.000000E+00         0.9167      Ni064
        30             64              0        1.872430E+00   0.000000E+00         1.0402      Zn064
        30             66              0        1.440610E+00   0.000000E+00         0.6993      Zn066
        30             67              0        1.286180E+00   0.000000E+00         0.6496      Zn067
        30             68              0        1.614380E+00   0.000000E+00         0.8032      Zn068
        30             70              0        9.654130E-01   0.000000E+00         0.9654      Zn070
        31             69              0        1.853760E+00   0.000000E+00         1.3241      Ga069
        31             71              0        1.419840E+00   0.000000E+00         1.0142      Ga071
        32             70              0        2.432530E+00   0.000000E+00         1.1583      Ge070
        32             72              0        2.598160E+00   0.000000E+00         1.7321      Ge072
        32             73              0        1.695510E+00   0.000000E+00         0.8478      Ge073
        32             74              0        2.072830E+00   0.000000E+00         1.3819      Ge074
        32             76              0        9.824940E-01   0.000000E+00         0.6141      Ge076
        33             75              0        1.333390E+00   0.000000E+00         0.8334      As075
        34             74              0        2.554640E+00   0.000000E+00         0.8515      Se074
        34             76              0        1.848420E+00   0.000000E+00         1.0269      Se076
        34             77              0        1.259170E+00   0.000000E+00         1.0493      Se077
        34             78              0        1.227540E+00   0.000000E+00         0.9443      Se078
        34             80              0        3.449060E+00   0.000000E+00         1.9161      Se080
        34             82              0        6.610110E-01   0.000000E+00         0.7345      Se082
        35             79              0        1.378360E+00   0.000000E+00         0.9845      Br079
        35             81              0        8.668260E-01   0.000000E+00         0.9850      Br081
        36             80              0        2.091900E-01   0.000000E+00         0.1307      Kr080
        36             84              0        7.625390E-01   0.000000E+00         0.5733      Kr084
        36             86              0        5.670230E-01   0.000000E+00         0.8100      Kr086
        37             85              0        9.302470E-01   0.000000E+00         0.9032      Rb085
        37             87              0        3.088280E-01   0.000000E+00         0.2531      Rb087
        38             84              0        3.217520E-01   0.000000E+00         0.4022      Sr084
        38             86              0        6.284010E-01   0.000000E+00         0.8977      Sr086
        38             87              0        3.978340E-01   0.000000E+00         1.1701      Sr087
        38             88              0        3.916120E-01   0.000000E+00         1.2238      Sr088
        39             89              0        3.982520E-01   0.000000E+00         1.2068      Y089
        40             90              0        5.443860E-01   0.000000E+00         1.0081      Zr090
        40             91              0        3.655070E-01   0.000000E+00         0.8500      Zr091
        40             92              0        3.919650E-01   0.000000E+00         0.5599      Zr092
        40             93              0        2.923550E-01   0.000000E+00         0.6799      Zr093
        40             94              0        5.186190E-01   0.000000E+00         0.9973      Zr094
        40             96              0        4.016240E-01   0.000000E+00         1.3387      Zr096
        41             93              0        4.336840E-01   0.000000E+00         0.9637      Nb093
        42             92              0        5.337510E-01   0.000000E+00         0.9531      Mo092
        42             94              0        4.585590E-01   0.000000E+00         1.0422      Mo094
        42             95              0        5.247070E-01   0.000000E+00         1.1164      Mo095
        42             96              0        4.045490E-01   0.000000E+00         0.6525      Mo096
        42             97              0        3.646130E-01   0.000000E+00         0.9854      Mo097
        42             98              0        3.499330E-01   0.000000E+00         0.7290      Mo098
        42            100              0        7.001490E-01   0.000000E+00         1.0002      Mo100
        43             99              0        5.156950E-01   0.000000E+00         1.0314      Tc099
        44             99              0        1.097350E+00   0.000000E+00         1.6378      Ru099
        44            100              0        8.623540E-01   0.000000E+00         1.2319      Ru100
        44            101              0        5.555550E-01   0.000000E+00         0.9921      Ru101
        44            102              0        4.443010E-01   0.000000E+00         0.7934      Ru102
        45            103              0        1.315190E+00   0.000000E+00         2.7983      Rh103
        46            104              0        7.987760E-01   0.000000E+00         1.5976      Pd104
        46            105              0        5.954610E-01   0.000000E+00         0.9924      Pd105
        46            106              0        4.233430E-01   0.000000E+00         0.7056      Pd106
        46            107              0        6.758610E-01   0.000000E+00         0.8448      Pd107
        46            108              0        7.158160E-01   0.000000E+00         0.7954      Pd108
        46            110              0        2.470630E-01   0.000000E+00         0.9883      Pd110
        47            107              0        4.440920E-01   0.000000E+00         0.9654      Ag107
        47            109              0        5.899910E-01   0.000000E+00         0.8939      Ag109
        48            106              0        6.885030E-01   0.000000E+00         0.6885      Cd106
        48            108              0        8.729870E-01   0.000000E+00         0.8730      Cd108
        48            110              0        4.345560E-01   0.000000E+00         0.9657      Cd110
        48            111              0        3.752450E-01   0.000000E+00         0.8727      Cd111
        48            112              0        4.430620E-01   0.000000E+00         0.8056      Cd112
        48            113              0        3.019410E+00   0.000000E+00         9.4357      Cd113
        48            114              0        4.495450E-01   0.000000E+00         0.7024      Cd114
        48            116              0        1.362780E-01   0.000000E+00         0.7571      Cd116
        49            113              0        6.352090E-01   0.000000E+00         1.7168      In113
        49            115              0        2.533040E-01   0.000000E+00         0.9742      In115
        50            112              0        5.735350E-01   0.000000E+00         1.3656      Sn112
        50            114              0        5.206900E-01   0.000000E+00         2.6035      Sn114
        50            115              0        7.488980E-01   0.000000E+00         2.4963      Sn115
        50            116              0        2.010670E-01   0.000000E+00         0.8043      Sn116
        50            117              0        1.846830E-01   0.000000E+00         1.2312      Sn117
        50            118              0        2.667170E-01   0.000000E+00         0.5798      Sn118
        50            119              0        3.959650E-01   0.000000E+00         3.9597      Sn119
        50            120              0        9.201880E-02   0.000000E+00         0.9202      Sn120
        50            122              0        1.946160E-01   0.000000E+00         1.4970      Sn122
        50            124              0        1.241270E-01   0.000000E+00         0.8275      Sn124
        51            121              0        2.627200E-01   0.000000E+00         0.8210      Sb121
        51            123              0        2.365910E-01   0.000000E+00         0.9464      Sb123
        52            122              0        2.053430E+00   0.000000E+00         1.6831      Te122
        52            123              0        1.323460E+00   0.000000E+00         1.4705      Te123
        52            124              0        6.820500E-01   0.000000E+00         0.9744      Te124
        52            125              0        5.917560E-01   0.000000E+00         1.1380      Te125
        52            126              0        1.980050E-01   0.000000E+00         0.7072      Te126
        52            128              0        1.581200E-01   0.000000E+00         0.6082      Te128
        52            130              0        7.442690E-01   0.000000E+00         3.7213      Te130
        53            127              0        6.708790E-01   0.000000E+00         0.8386      I127
        53            129              0        3.714410E-01   0.000000E+00         1.0613      I129
        54            128              0        6.799490E-01   0.000000E+00         0.7999      Xe128
        54            129              0        2.692700E-01   0.000000E+00         0.2693      Xe129
        54            130              0        1.201590E+00   0.000000E+00         0.8583      Xe130
        54            131              0        8.526560E-01   0.000000E+00         0.9801      Xe131
        54            132              0        1.980680E+00   0.000000E+00         6.3893      Xe132
        55            133              0        7.661660E-01   0.000000E+00         1.1609      Cs133
        55            134              0        1.508960E+00   0.000000E+00         2.7944      Cs134
        55            135              0        1.095160E+00   0.000000E+00         2.0281      Cs135
        56            130              0        1.290000E+00   0.000000E+00         0.8062      Ba130
        56            134              0        1.450740E+00   0.000000E+00         1.0362      Ba134
        56            135              0        1.635730E+00   0.000000E+00         1.4870      Ba135
        56            136              0        8.451680E-01   0.000000E+00         0.9828      Ba136
        56            137              0        4.104140E-01   0.000000E+00         0.7462      Ba137
        56            138              0        4.584520E-01   0.000000E+00         0.6946      Ba138
        57            138              0        1.813250E+00   0.000000E+00         1.5110      La138
        57            139              0        5.522730E-01   0.000000E+00         0.9205      La139
        58            136              0        4.903140E+00   0.000000E+00         2.1318      Ce136
        58            138              0        1.252270E+00   0.000000E+00         0.2363      Ce138
        58            139              0        5.642940E-01   0.000000E+00         0.4865      Ce139
        58            140              0        8.391290E+00   0.000000E+00         6.9927      Ce140
        58            141              0        2.440450E+00   0.000000E+00         2.2186      Ce141
        58            142              0        4.752060E+00   0.000000E+00         1.3977      Ce142
        59            141              0        1.664980E+00   0.000000E+00         0.9794      Pr141
        60            142              0        1.169400E+00   0.000000E+00         0.8065      Nd142
        60            143              0        3.297160E+00   0.000000E+00         0.8911      Nd143
        60            144              0        4.038600E+00   0.000000E+00         0.7919      Nd144
        60            145              0        3.388880E+00   0.000000E+00         1.0590      Nd145
        60            146              0        2.970640E+00   0.000000E+00         0.7817      Nd146
        60            148              0        3.402770E+00   0.000000E+00         0.9197      Nd148
        60            150              0        2.860520E+00   0.000000E+00         0.9864      Nd150
        61            147              0        3.318510E+00   0.000000E+00         1.0705      Pm147
        62            144              0        3.045010E+00   0.000000E+00         0.8700      Sm144
        62            147              0        1.648180E+00   0.000000E+00         0.3434      Sm147
        62            148              0        3.083720E+00   0.000000E+00         0.8115      Sm148
        62            149              0        4.820270E+00   0.000000E+00         0.8170      Sm149
        62            150              0        2.748200E+00   0.000000E+00         0.7852      Sm150
        62            151              0        3.116200E+00   0.000000E+00         0.8201      Sm151
        62            152              0        2.116860E+00   0.000000E+00         0.9622      Sm152
        62            154              0        2.637820E+00   0.000000E+00         1.3883      Sm154
        63            151              0        4.172200E+00   0.000000E+00         1.3038      Eu151
        63            152              0        1.255110E+00   0.000000E+00         0.8965      Eu152
        63            153              0        3.041130E+00   0.000000E+00         1.3823      Eu153
        63            154              0        4.829240E+00   0.000000E+00         4.0244      Eu154
        63            155              0        9.464150E+00   0.000000E+00         4.9811      Eu155
        64            152              0        6.316690E+00   0.000000E+00         1.6623      Gd152
        64            153              0        6.480600E+00   0.000000E+00         4.9851      Gd153
        64            154              0        1.155670E+00   0.000000E+00         0.5778      Gd154
        64            155              0        2.140000E+00   0.000000E+00         1.0700      Gd155
        64            156              0        1.804770E+00   0.000000E+00         0.9499      Gd156
        64            157              0        2.200000E+00   0.000000E+00         1.0000      Gd157
        64            158              0        1.519490E+00   0.000000E+00         1.0130      Gd158
        64            160              0        1.699190E+00   0.000000E+00         1.0620      Gd160
        65            158              0        3.487260E-01   0.000000E+00         0.2250      Tb158
        65            159              0        1.190400E+00   0.000000E+00         0.7680      Tb159
        66            156              0        3.858460E+00   0.000000E+00         2.0308      Dy156
        66            158              0        7.267560E+00   0.000000E+00         3.4607      Dy158
        66            160              0        4.774250E+00   0.000000E+00         2.3871      Dy160
        66            161              0        1.921530E+00   0.000000E+00         1.0675      Dy161
        66            162              0        1.935320E+00   0.000000E+00         1.0186      Dy162
        66            163              0        1.936640E+00   0.000000E+00         0.9683      Dy163
        66            164              0        1.944650E+00   0.000000E+00         1.0804      Dy164
        67            165              0        2.945470E+00   0.000000E+00         1.5502      Ho165
        68            162              0        3.115940E+00   0.000000E+00         1.5580      Er162
        68            164              0        2.917600E+00   0.000000E+00         1.9451      Er164
        68            166              0        1.794430E+00   0.000000E+00         1.0555      Er166
        68            167              0        2.602300E+00   0.000000E+00         1.3011      Er167
        68            168              0        1.506230E+00   0.000000E+00         1.0042      Er168
        68            170              0        1.427730E+00   0.000000E+00         0.9518      Er170
        69            169              0        1.102400E+00   0.000000E+00         0.7349      Tm169
        69            170              0        4.087720E+00   0.000000E+00         2.9198      Tm170
        70            169              0        3.895330E+00   0.000000E+00         2.2914      Yb169
        70            170              0        1.672010E+00   0.000000E+00         1.1147      Yb170
        70            171              0        1.486510E+00   0.000000E+00         0.7824      Yb171
        70            172              0        1.741180E+00   0.000000E+00         1.0007      Yb172
        70            173              0        2.442040E+00   0.000000E+00         1.6280      Yb173
        70            174              0        1.507720E+00   0.000000E+00         1.0769      Yb174
        70            176              0        2.255620E+00   0.000000E+00         0.9398      Yb176
        71            173              0        3.021790E+00   0.000000E+00         2.0145      Lu173
        71            175              0        1.700000E+00   0.000000E+00         0.9341      Lu175
        71            176              0        1.600000E+00   0.000000E+00         1.0000      Lu176
        72            174              0        1.798700E+00   0.000000E+00         0.6424      Hf174
        72            176              0        1.765200E+00   0.000000E+00         1.0384      Hf176
        72            177              0        1.981200E+00   0.000000E+00         0.7620      Hf177
        72            178              0        1.899230E+01   0.000000E+00         9.0440      Hf178
        72            179              0        1.904800E+00   0.000000E+00         0.7619      Hf179
        72            180              0        1.670200E+00   0.000000E+00         0.8791      Hf180
        73            180              0        2.726060E+00   0.000000E+00         1.4348      Ta180
        73            181              0        1.689800E+00   0.000000E+00         0.9940      Ta181
        73            182              0        2.553610E+00   0.000000E+00         2.5536      Ta182
        74            180              0        9.011560E-01   0.000000E+00         0.9012      W180
        74            182              0        1.800000E+00   0.000000E+00         0.7826      W182
        74            183              0        2.124990E+00   0.000000E+00         1.1184      W183
        74            184              0        2.300000E+00   0.000000E+00         0.9200      W184
        74            186              0        1.789800E+00   0.000000E+00         0.7782      W186
        75            185              0        2.571810E+00   0.000000E+00         0.9525      Re185
        75            187              0        2.663820E+00   0.000000E+00         1.0655      Re187
        76            186              0        2.630580E+00   0.000000E+00         0.9395      Os186
        76            187              0        4.748500E+00   0.000000E+00         1.5318      Os187
        76            188              0        2.516700E+00   0.000000E+00         1.0067      Os188
        76            189              0        1.990030E+00   0.000000E+00         0.8292      Os189
        76            190              0        4.733940E+00   0.000000E+00         1.8936      Os190
        77            191              0        1.437770E+00   0.000000E+00         0.7567      Ir191
        77            192              0        1.502630E+00   0.000000E+00         0.6011      Ir192
        77            193              0        1.357390E+00   0.000000E+00         1.0441      Ir193
        78            192              0        1.541360E+00   0.000000E+00         0.7707      Pt192
        78            194              0        1.353420E+00   0.000000E+00         0.6767      Pt194
        78            195              0        2.630840E+01   0.000000E+00        14.6158      Pt195
        78            196              0        1.095370E+00   0.000000E+00         0.5617      Pt196
        78            198              0        1.180210E+00   0.000000E+00         0.8430      Pt198
        79            197              0        1.529220E+00   0.000000E+00         0.8049      Au197
        80            198              0        9.997620E-01   0.000000E+00         0.7690      Hg198
        80            199              0        1.539980E+00   0.000000E+00         0.7333      Hg199
        80            200              0        1.252110E+00   0.000000E+00         0.7826      Hg200
        80            201              0        9.247150E-01   0.000000E+00         0.7706      Hg201
        81            203              0        1.342150E+00   0.000000E+00         0.9587      Tl203
        81            205              0        1.692150E+00   0.000000E+00         1.4101      Tl205
        82            204              0        8.257020E-01   0.000000E+00         0.6881      Pb204
        82            206              0        1.158730E+00   0.000000E+00         0.8913      Pb206
        82            207              0        1.272870E+00   0.000000E+00         1.2729      Pb207
        82            208              0        8.505580E-01   0.000000E+00         0.8506      Pb208
        83            209              0        7.909250E-01   0.000000E+00         1.4124      Bi209
        88            226              0        8.932660E-01   0.000000E+00         0.8271      Ra226
        90            229              0        7.869700E-01   0.000000E+00         0.6843      Th229
        90            230              0        1.519600E+00   0.000000E+00         1.1872      Th230
        90            232              0        8.096760E-01   0.000000E+00         0.9639      Th232
        91            231              0        7.294000E-01   0.000000E+00         0.9005      Pa231
        91            232              0        8.878900E-01   0.000000E+00         0.9346      Pa232
        91            233              0        7.543000E-01   0.000000E+00         1.0057      Pa233
        92            232              0        5.103480E-01   0.000000E+00         0.5103      U232
        92            233              0        9.540250E-01   0.000000E+00         1.0600      U233
        92            234              0        8.899910E-01   0.000000E+00         1.0470      U234
        92            235              0        9.826800E-01   0.000000E+00         1.0027      U235
        92            236              0        1.513460E+00   0.000000E+00         1.4278      U236
        92            238              0        1.023830E+00   0.000000E+00         0.9940      U238
        93            236              0        9.043970E-01   0.000000E+00         0.7537      Np236
        93            237              0        7.082170E-01   0.000000E+00         0.7301      Np237
        94            238              0        1.195360E+00   0.000000E+00         1.1068      Pu238
        94            239              0        1.117950E+00   0.000000E+00         0.9316      Pu239
        94            240              0        1.029760E+00   0.000000E+00         0.9624      Pu240
        94            241              0        1.234380E+00   0.000000E+00         1.0461      Pu241
        94            242              0        1.053200E+00   0.000000E+00         1.0747      Pu242
        94            244              0        1.170660E+00   0.000000E+00         1.3007      Pu244
        95            241              0        1.008600E+00   0.000000E+00         1.1461      Am241
        95            242              0        1.301700E+00   0.000000E+00         0.9861      Am242
        95            243              0        8.624630E-01   0.000000E+00         0.8801      Am243
        96            242              0        9.983540E-01   0.000000E+00         1.2479      Cm242
        96            243              0        1.221780E+00   0.000000E+00         0.9774      Cm243
        96            244              0        9.141150E-01   0.000000E+00         0.9141      Cm244
        96            245              0        1.087670E+00   0.000000E+00         1.0359      Cm245
        96            246              0        8.299080E-01   0.000000E+00         0.9880      Cm246
        96            247              0        4.650940E-01   0.000000E+00         0.6201      Cm247
        96            248              0        1.191590E+00   0.000000E+00         0.9930      Cm248
        97            249              0        1.355960E+00   0.000000E+00         1.1300      Bk249
        98            249              0        1.263120E+00   0.000000E+00         1.0526      Cf249
