# header: 
#   title: S0 resonance data for jendl5.0
#   source: Resonancetables
#   date: 2025-12-08
# reaction: 
#   type: S0
# quantity: 
#   type: resonance data
# datablock: 
#   columns: 7
#   entries: 279
##       Z              A            Liso           Value         dValue          Ratio         Nuclide
##      []             []             []           [*e-4]         [*e-4]           []             [%]
        12             25              0        1.169640E+05   0.000000E+00     33418.2852      Mg025
        13             27              0        3.121210E+00   0.000000E+00         1.3570      Al027
        14             28              0        6.165940E-01   0.000000E+00         1.2332      Si028
        15             31              0        9.641660E-02   0.000000E+00         0.2296      P031
        16             32              0        5.800530E-01   0.000000E+00         0.7734      S032
        16             34              0        4.734280E-01   0.000000E+00         0.5774      S034
        17             37              0        8.244500E-02   0.000000E+00         0.1374      Cl037
        18             40              0        2.449050E+00   0.000000E+00         1.2890      Ar040
        19             39              0        2.131820E-01   0.000000E+00         0.2842      K039
        19             41              0        2.599130E-01   0.000000E+00         0.5198      K041
        20             40              0        2.312940E+00   0.000000E+00         0.8566      Ca040
        20             42              0        2.196030E+00   0.000000E+00         0.8784      Ca042
        20             43              0        4.018560E+00   0.000000E+00         1.1163      Ca043
        20             44              0        2.073740E+00   0.000000E+00         0.8641      Ca044
        20             48              0        1.468590E+04   0.000000E+00    209798.5781      Ca048
        21             45              0        4.421860E+00   0.000000E+00         1.0050      Sc045
        22             46              0        2.500560E+00   0.000000E+00         0.9618      Ti046
        22             47              0        2.504630E+00   0.000000E+00         0.8945      Ti047
        22             48              0        3.813350E+00   0.000000E+00         0.9533      Ti048
        22             49              0        3.103450E+00   0.000000E+00         1.0345      Ti049
        23             50              0        4.114640E+00   0.000000E+00         0.9144      V050
        23             51              0        6.128550E+00   0.000000E+00         0.8632      V051
        24             50              0        2.986130E+00   0.000000E+00         0.7858      Cr050
        24             52              0        3.667070E+00   0.000000E+00         1.1112      Cr052
        24             53              0        1.232630E+00   0.000000E+00         0.2417      Cr053
        24             54              0        4.762990E+00   0.000000E+00         2.0709      Cr054
        25             55              0        1.540530E+00   0.000000E+00         0.3501      Mn055
        26             56              0        2.276700E+00   0.000000E+00         0.9899      Fe056
        26             58              0        3.116170E+00   0.000000E+00         0.8537      Fe058
        27             59              0        3.822390E+00   0.000000E+00         1.0921      Co059
        28             58              0        3.205720E+00   0.000000E+00         1.0018      Ni058
        28             59              0        3.930570E+00   0.000000E+00         1.0918      Ni059
        28             60              0        3.083820E+00   0.000000E+00         1.2849      Ni060
        28             61              0        2.069480E+00   0.000000E+00         0.7525      Ni061
        28             62              0        2.764120E+00   0.000000E+00         1.0237      Ni062
        28             64              0        2.750120E+00   0.000000E+00         0.9167      Ni064
        29             63              0        2.004240E+00   0.000000E+00         0.9544      Cu063
        29             65              0        1.706030E+00   0.000000E+00         0.7755      Cu065
        30             64              0        1.488240E+00   0.000000E+00         0.8268      Zn064
        30             66              0        2.117320E+00   0.000000E+00         1.0278      Zn066
        30             67              0        1.836100E+00   0.000000E+00         0.9273      Zn067
        30             68              0        1.614380E+00   0.000000E+00         0.8032      Zn068
        30             70              0        9.171400E-01   0.000000E+00         0.9171      Zn070
        31             69              0        1.342080E+00   0.000000E+00         0.9586      Ga069
        31             71              0        1.527780E+00   0.000000E+00         1.0913      Ga071
        32             70              0        2.432530E+00   0.000000E+00         1.1583      Ge070
        32             72              0        1.138100E+00   0.000000E+00         0.7587      Ge072
        32             73              0        1.412000E+00   0.000000E+00         0.7060      Ge073
        32             74              0        1.400000E+00   0.000000E+00         0.9333      Ge074
        32             76              0        1.500000E+00   0.000000E+00         0.9375      Ge076
        33             75              0        2.170380E+00   0.000000E+00         1.3565      As075
        34             74              0        2.611060E+00   0.000000E+00         0.8704      Se074
        34             76              0        1.848420E+00   0.000000E+00         1.0269      Se076
        34             77              0        1.135810E+00   0.000000E+00         0.9465      Se077
        34             78              0        1.825380E+00   0.000000E+00         1.4041      Se078
        34             80              0        3.121410E+00   0.000000E+00         1.7341      Se080
        34             82              0        1.452000E+00   0.000000E+00         1.6133      Se082
        35             79              0        1.975720E+00   0.000000E+00         1.4112      Br079
        35             81              0        1.725000E+00   0.000000E+00         1.9602      Br081
        36             80              0        1.890300E+00   0.000000E+00         1.1814      Kr080
        36             84              0        1.223780E+00   0.000000E+00         0.9201      Kr084
        36             86              0        7.094350E-01   0.000000E+00         1.0135      Kr086
        37             85              0        9.151460E-01   0.000000E+00         0.8885      Rb085
        37             87              0        1.972530E+00   0.000000E+00         1.6168      Rb087
        38             84              0        1.512010E+00   0.000000E+00         1.8900      Sr084
        38             86              0        8.640000E-01   0.000000E+00         1.2343      Sr086
        38             87              0        6.954860E-01   0.000000E+00         2.0455      Sr087
        38             88              0        3.916920E-01   0.000000E+00         1.2240      Sr088
        39             89              0        3.982520E-01   0.000000E+00         1.2068      Y089
        40             90              0        6.420320E-01   0.000000E+00         1.1889      Zr090
        40             91              0        4.514970E-01   0.000000E+00         1.0500      Zr091
        40             92              0        6.026060E-01   0.000000E+00         0.8609      Zr092
        40             93              0        2.771770E-01   0.000000E+00         0.6446      Zr093
        40             94              0        5.484740E-01   0.000000E+00         1.0548      Zr094
        40             96              0        7.714730E-01   0.000000E+00         2.5716      Zr096
        41             93              0        6.488650E-01   0.000000E+00         1.4419      Nb093
        42             92              0        5.071350E-01   0.000000E+00         0.9056      Mo092
        42             94              0        4.763710E-01   0.000000E+00         1.0827      Mo094
        42             95              0        6.539710E-01   0.000000E+00         1.3914      Mo095
        42             96              0        4.197650E-01   0.000000E+00         0.6770      Mo096
        42             97              0        3.843600E-01   0.000000E+00         1.0388      Mo097
        42             98              0        3.630680E-01   0.000000E+00         0.7564      Mo098
        42            100              0        7.023300E-01   0.000000E+00         1.0033      Mo100
        43             99              0        5.148670E-01   0.000000E+00         1.0297      Tc099
        44             99              0        7.304890E-01   0.000000E+00         1.0903      Ru099
        44            100              0        4.728000E-01   0.000000E+00         0.6754      Ru100
        44            101              0        7.584200E-01   0.000000E+00         1.3543      Ru101
        44            102              0        4.848360E-01   0.000000E+00         0.8658      Ru102
        45            103              0        5.691890E-01   0.000000E+00         1.2110      Rh103
        46            104              0        4.320770E-01   0.000000E+00         0.8642      Pd104
        46            105              0        6.271700E-01   0.000000E+00         1.0453      Pd105
        46            106              0        5.798610E-01   0.000000E+00         0.9664      Pd106
        46            107              0        7.647890E-01   0.000000E+00         0.9560      Pd107
        46            108              0        6.704250E-01   0.000000E+00         0.7449      Pd108
        46            110              0        4.739140E-01   0.000000E+00         1.8957      Pd110
        47            107              0        4.429580E-01   0.000000E+00         0.9630      Ag107
        47            109              0        5.851900E-01   0.000000E+00         0.8867      Ag109
        48            106              0        5.459890E-01   0.000000E+00         0.5460      Cd106
        48            108              0        8.594760E-01   0.000000E+00         0.8595      Cd108
        48            110              0        4.530680E-01   0.000000E+00         1.0068      Cd110
        48            111              0        5.497300E-01   0.000000E+00         1.2784      Cd111
        48            112              0        5.524270E-01   0.000000E+00         1.0044      Cd112
        48            113              0        4.589410E-01   0.000000E+00         1.4342      Cd113
        48            114              0        4.880330E-01   0.000000E+00         0.7626      Cd114
        48            116              0        2.001170E-01   0.000000E+00         1.1118      Cd116
        49            113              0        6.352090E-01   0.000000E+00         1.7168      In113
        49            115              0        2.533040E-01   0.000000E+00         0.9742      In115
        50            112              0        2.826550E-01   0.000000E+00         0.6730      Sn112
        50            114              0        2.916760E-01   0.000000E+00         1.4584      Sn114
        50            115              0        8.178190E-01   0.000000E+00         2.7261      Sn115
        50            116              0        1.811850E-01   0.000000E+00         0.7247      Sn116
        50            117              0        1.951660E-01   0.000000E+00         1.3011      Sn117
        50            118              0        1.701630E-01   0.000000E+00         0.3699      Sn118
        50            119              0        9.220430E-02   0.000000E+00         0.9220      Sn119
        50            120              0        1.840430E-01   0.000000E+00         1.8404      Sn120
        50            122              0        2.018150E-01   0.000000E+00         1.5524      Sn122
        50            124              0        9.755460E-02   0.000000E+00         0.6504      Sn124
        51            121              0        3.286300E-01   0.000000E+00         1.0270      Sb121
        51            123              0        2.667820E-01   0.000000E+00         1.0671      Sb123
        52            122              0        8.450170E-01   0.000000E+00         0.6926      Te122
        52            123              0        8.682420E-01   0.000000E+00         0.9647      Te123
        52            124              0        6.776360E-01   0.000000E+00         0.9681      Te124
        52            125              0        5.218430E-01   0.000000E+00         1.0035      Te125
        52            126              0        3.042480E-01   0.000000E+00         1.0866      Te126
        52            128              0        8.656180E-02   0.000000E+00         0.3329      Te128
        52            130              0        1.006300E-01   0.000000E+00         0.5031      Te130
        53            127              0        2.072220E-01   0.000000E+00         0.2590      I127
        53            129              0        6.204070E-01   0.000000E+00         1.7726      I129
        54            128              0        1.539760E+00   0.000000E+00         1.8115      Xe128
        54            129              0        1.197200E+00   0.000000E+00         1.1972      Xe129
        54            130              0        1.431870E+00   0.000000E+00         1.0228      Xe130
        54            131              0        8.706610E-01   0.000000E+00         1.0008      Xe131
        54            132              0        1.186740E+00   0.000000E+00         3.8282      Xe132
        55            133              0        7.855350E-01   0.000000E+00         1.1902      Cs133
        55            134              0        9.419420E-01   0.000000E+00         1.7443      Cs134
        55            135              0        8.979900E-01   0.000000E+00         1.6629      Cs135
        56            130              0        1.421450E+00   0.000000E+00         0.8884      Ba130
        56            134              0        1.455240E+00   0.000000E+00         1.0395      Ba134
        56            135              0        1.799240E+00   0.000000E+00         1.6357      Ba135
        56            136              0        8.467550E-01   0.000000E+00         0.9846      Ba136
        56            137              0        6.711970E-01   0.000000E+00         1.2204      Ba137
        56            138              0        6.565610E-01   0.000000E+00         0.9948      Ba138
        57            138              0        1.481020E+00   0.000000E+00         1.2342      La138
        57            139              0        5.763290E-01   0.000000E+00         0.9605      La139
        58            136              0        1.500010E+00   0.000000E+00         0.6522      Ce136
        58            138              0        1.500030E+00   0.000000E+00         0.2830      Ce138
        58            140              0        1.191290E+00   0.000000E+00         0.9927      Ce140
        58            141              0        1.548320E+00   0.000000E+00         1.4076      Ce141
        58            142              0        2.457000E+00   0.000000E+00         0.7226      Ce142
        59            141              0        1.431500E+00   0.000000E+00         0.8421      Pr141
        60            142              0        1.060470E+00   0.000000E+00         0.7314      Nd142
        60            143              0        3.338480E+00   0.000000E+00         0.9023      Nd143
        60            144              0        4.901970E+00   0.000000E+00         0.9612      Nd144
        60            145              0        4.125010E+00   0.000000E+00         1.2891      Nd145
        60            146              0        2.879170E+00   0.000000E+00         0.7577      Nd146
        60            148              0        3.308490E+00   0.000000E+00         0.8942      Nd148
        60            150              0        3.200820E+00   0.000000E+00         1.1037      Nd150
        61            147              0        5.545010E+00   0.000000E+00         1.7887      Pm147
        62            144              0        2.942790E+00   0.000000E+00         0.8408      Sm144
        62            147              0        4.706870E+00   0.000000E+00         0.9806      Sm147
        62            148              0        4.934320E+00   0.000000E+00         1.2985      Sm148
        62            149              0        5.246900E+00   0.000000E+00         0.8893      Sm149
        62            150              0        5.533160E+00   0.000000E+00         1.5809      Sm150
        62            151              0        5.035240E+00   0.000000E+00         1.3251      Sm151
        62            152              0        4.270250E+00   0.000000E+00         1.9410      Sm152
        62            154              0        3.897030E+00   0.000000E+00         2.0511      Sm154
        63            151              0        4.083850E+00   0.000000E+00         1.2762      Eu151
        63            152              0        3.658660E+00   0.000000E+00         2.6133      Eu152
        63            153              0        3.024800E+00   0.000000E+00         1.3749      Eu153
        63            154              0        2.816920E+00   0.000000E+00         2.3474      Eu154
        63            155              0        2.678970E+00   0.000000E+00         1.4100      Eu155
        64            152              0        2.688540E+00   0.000000E+00         0.7075      Gd152
        64            153              0        2.512060E+00   0.000000E+00         1.9324      Gd153
        64            154              0        1.603270E+00   0.000000E+00         0.8016      Gd154
        64            155              0        2.022590E+00   0.000000E+00         1.0113      Gd155
        64            156              0        1.996050E+00   0.000000E+00         1.0506      Gd156
        64            157              0        1.996580E+00   0.000000E+00         0.9075      Gd157
        64            158              0        1.527770E+00   0.000000E+00         1.0185      Gd158
        64            160              0        1.546760E+00   0.000000E+00         0.9667      Gd160
        65            159              0        1.694130E+00   0.000000E+00         1.0930      Tb159
        66            156              0        3.733000E+00   0.000000E+00         1.9647      Dy156
        66            158              0        3.059160E+00   0.000000E+00         1.4567      Dy158
        66            160              0        2.135350E+00   0.000000E+00         1.0677      Dy160
        66            161              0        2.402810E+00   0.000000E+00         1.3349      Dy161
        66            162              0        1.891490E+00   0.000000E+00         0.9955      Dy162
        66            163              0        2.102530E+00   0.000000E+00         1.0513      Dy163
        66            164              0        1.873880E+00   0.000000E+00         1.0410      Dy164
        67            165              0        1.897740E+00   0.000000E+00         0.9988      Ho165
        68            162              0        2.866380E+00   0.000000E+00         1.4332      Er162
        68            164              0        3.480000E+00   0.000000E+00         2.3200      Er164
        68            166              0        2.330930E+00   0.000000E+00         1.3711      Er166
        68            167              0        2.114520E+00   0.000000E+00         1.0573      Er167
        68            168              0        1.314770E+00   0.000000E+00         0.8765      Er168
        68            170              0        1.716550E+00   0.000000E+00         1.1444      Er170
        69            169              0        1.715610E+00   0.000000E+00         1.1437      Tm169
        69            170              0        1.632300E+00   0.000000E+00         1.1659      Tm170
        70            170              0        2.326330E+00   0.000000E+00         1.5509      Yb170
        70            171              0        1.899060E+00   0.000000E+00         0.9995      Yb171
        70            172              0        1.654590E+00   0.000000E+00         0.9509      Yb172
        70            173              0        1.603160E+00   0.000000E+00         1.0688      Yb173
        70            174              0        1.508730E+00   0.000000E+00         1.0777      Yb174
        70            176              0        1.768820E+00   0.000000E+00         0.7370      Yb176
        71            173              0        1.270540E+00   0.000000E+00         0.8470      Lu173
        71            175              0        1.774040E+00   0.000000E+00         0.9747      Lu175
        71            176              0        1.414340E+00   0.000000E+00         0.8840      Lu176
        72            174              0        3.188940E+00   0.000000E+00         1.1389      Hf174
        72            176              0        2.596380E+00   0.000000E+00         1.5273      Hf176
        72            177              0        2.079990E+00   0.000000E+00         0.8000      Hf177
        72            178              0        2.184510E+00   0.000000E+00         1.0402      Hf178
        72            179              0        1.531250E+00   0.000000E+00         0.6125      Hf179
        72            180              0        1.915000E+00   0.000000E+00         1.0079      Hf180
        73            180              0        2.062540E+00   0.000000E+00         1.0855      Ta180
        73            181              0        1.805930E+00   0.000000E+00         1.0623      Ta181
        73            182              0        1.987780E+00   0.000000E+00         1.9878      Ta182
        74            180              0        2.341570E+00   0.000000E+00         2.3416      W180
        74            182              0        2.619520E+00   0.000000E+00         1.1389      W182
        74            183              0        2.690370E+00   0.000000E+00         1.4160      W183
        74            184              0        2.537520E+00   0.000000E+00         1.0150      W184
        74            186              0        3.107360E+00   0.000000E+00         1.3510      W186
        75            185              0        2.537010E+00   0.000000E+00         0.9396      Re185
        75            187              0        2.218250E+00   0.000000E+00         0.8873      Re187
        76            186              0        4.283320E+00   0.000000E+00         1.5298      Os186
        76            187              0        4.787720E+00   0.000000E+00         1.5444      Os187
        76            188              0        5.229240E+00   0.000000E+00         2.0917      Os188
        76            189              0        4.902700E+00   0.000000E+00         2.0428      Os189
        76            190              0        5.727670E+00   0.000000E+00         2.2911      Os190
        77            191              0        2.182250E+00   0.000000E+00         1.1486      Ir191
        77            192              0        2.958240E+00   0.000000E+00         1.1833      Ir192
        77            193              0        1.085980E+00   0.000000E+00         0.8354      Ir193
        78            192              0        2.788730E+00   0.000000E+00         1.3944      Pt192
        78            194              0        2.169240E+00   0.000000E+00         1.0846      Pt194
        78            195              0        1.763590E+00   0.000000E+00         0.9798      Pt195
        78            196              0        1.920000E+00   0.000000E+00         0.9846      Pt196
        78            198              0        1.560000E+00   0.000000E+00         1.1143      Pt198
        79            197              0        1.937320E+00   0.000000E+00         1.0196      Au197
        80            198              0        2.087890E+00   0.000000E+00         1.6061      Hg198
        80            199              0        2.601360E+00   0.000000E+00         1.2387      Hg199
        80            200              0        1.377950E+00   0.000000E+00         0.8612      Hg200
        80            201              0        3.398440E+00   0.000000E+00         2.8320      Hg201
        81            203              0        1.339860E+00   0.000000E+00         0.9570      Tl203
        81            205              0        1.692150E+00   0.000000E+00         1.4101      Tl205
        82            204              0        8.257020E-01   0.000000E+00         0.6881      Pb204
        82            206              0        1.158730E+00   0.000000E+00         0.8913      Pb206
        82            207              0        1.272870E+00   0.000000E+00         1.2729      Pb207
        82            208              0        8.505580E-01   0.000000E+00         0.8506      Pb208
        83            209              0        7.909250E-01   0.000000E+00         1.4124      Bi209
        88            226              0        1.029780E+00   0.000000E+00         0.9535      Ra226
        90            229              0        9.978390E-01   0.000000E+00         0.8677      Th229
        90            230              0        8.758920E-01   0.000000E+00         0.6843      Th230
        90            232              0        8.096760E-01   0.000000E+00         0.9639      Th232
        91            231              0        8.189160E-01   0.000000E+00         1.0110      Pa231
        91            232              0        8.878900E-01   0.000000E+00         0.9346      Pa232
        91            233              0        7.345350E-01   0.000000E+00         0.9794      Pa233
        92            232              0        5.103480E-01   0.000000E+00         0.5103      U232
        92            233              0        9.540250E-01   0.000000E+00         1.0600      U233
        92            234              0        8.899910E-01   0.000000E+00         1.0470      U234
        92            235              0        9.291130E-01   0.000000E+00         0.9481      U235
        92            236              0        9.667840E-01   0.000000E+00         0.9121      U236
        92            238              0        1.016480E+00   0.000000E+00         0.9869      U238
        93            236              0        9.043970E-01   0.000000E+00         0.7537      Np236
        93            237              0        9.700100E-01   0.000000E+00         1.0000      Np237
        94            238              0        1.195360E+00   0.000000E+00         1.1068      Pu238
        94            239              0        1.006650E+00   0.000000E+00         0.8389      Pu239
        94            240              0        1.080000E+00   0.000000E+00         1.0093      Pu240
        94            241              0        1.234380E+00   0.000000E+00         1.0461      Pu241
        94            242              0        1.053200E+00   0.000000E+00         1.0747      Pu242
        94            244              0        8.987570E-01   0.000000E+00         0.9986      Pu244
        95            241              0        9.795690E-01   0.000000E+00         1.1131      Am241
        95            242              0        1.301700E+00   0.000000E+00         0.9861      Am242
        95            243              0        8.624630E-01   0.000000E+00         0.8801      Am243
        96            242              0        9.983540E-01   0.000000E+00         1.2479      Cm242
        96            243              0        1.221780E+00   0.000000E+00         0.9774      Cm243
        96            244              0        9.141150E-01   0.000000E+00         0.9141      Cm244
        96            245              0        1.087670E+00   0.000000E+00         1.0359      Cm245
        96            246              0        8.299080E-01   0.000000E+00         0.9880      Cm246
        96            247              0        4.650940E-01   0.000000E+00         0.6201      Cm247
        96            248              0        1.191590E+00   0.000000E+00         0.9930      Cm248
        97            249              0        1.355960E+00   0.000000E+00         1.1300      Bk249
        98            249              0        1.263120E+00   0.000000E+00         1.0526      Cf249
