# header:
#   title: S0 resonance data for Mughabghab-2018
#   source: Resonancetables
#   date: 2025-05-27
# reaction:
#   type: S0
# quantity:
#   type: resonance data
# datablock:
#   columns: 7
#   entries: 268
##       Z              A            Liso           Value         dValue          Ratio         Nuclide
##      []             []             []            [eV]           [eV]            []             []
        11             23              0        3.600000E-01   2.500000E-01   1.440000E+00      Na023                                                                                                   
        12             25              0        3.500000E+00   1.400000E+00   1.000000E+00      Mg025                                                                                                   
        13             27              0        2.800000E+00   1.200000E+00   1.217391E+00      Al027                                                                                                   
        14             28              0        5.000000E-01   2.400000E-01   1.000000E+00      Si028                                                                                                   
        16             32              0        3.300000E-01   1.500000E-01   4.400000E-01      S032                                                                                                    
        16             34              0        8.200000E-01   4.200000E-01   1.000000E+00      S034                                                                                                    
        17             35              0        5.300000E-01   1.600000E-01   1.606061E+00      Cl035                                                                                                   
        17             37              0        7.000000E-01   2.700000E-01   1.166667E+00      Cl037                                                                                                   
        18             40              0        4.200000E-01   1.200000E-01   2.210526E-01      Ar040                                                                                                   
        19             39              0        7.500000E-01   3.300000E-01   1.000000E+00      K039                                                                                                    
        20             40              0        2.700000E+00   7.000000E-01   1.000000E+00      Ca040                                                                                                   
        20             42              0        2.700000E+00   3.000000E-01   1.080000E+00      Ca042                                                                                                   
        20             43              0        3.300000E+00   3.000000E-01   9.166667E-01      Ca043                                                                                                   
        20             44              0        2.400000E+00   5.000000E-01   1.000000E+00      Ca044                                                                                                   
        20             48              0        7.000000E-02   5.000000E-02   1.000000E+00      Ca048                                                                                                   
        21             45              0        4.200000E+00   6.000000E-01   9.545454E-01      Sc045                                                                                                   
        22             46              0        3.400000E+00   1.200000E+00   1.307692E+00      Ti046                                                                                                   
        22             47              0        3.550000E+00   7.900000E-01   1.267857E+00      Ti047                                                                                                   
        22             48              0        4.000000E+00   1.300000E+00   1.000000E+00      Ti048                                                                                                   
        22             49              0        4.300000E+00   8.000000E-01   1.433333E+00      Ti049                                                                                                   
        23             49              0        7.400000E+00   2.200000E+00   1.000000E+00      V049                                                                                                    
        23             50              0        7.400000E+00   2.200000E+00   1.644444E+00      V050                                                                                                    
        23             51              0        8.500000E+00   1.700000E+00   1.197183E+00      V051                                                                                                    
        24             50              0        4.550000E+00   9.100000E-01   1.197369E+00      Cr050                                                                                                   
        24             52              0        4.100000E+00   1.080000E+00   1.242424E+00      Cr052                                                                                                   
        24             53              0        5.720000E+00   8.500000E-01   1.121569E+00      Cr053                                                                                                   
        24             54              0        2.450000E+00   4.600000E-01   1.065217E+00      Cr054                                                                                                   
        25             55              0        4.200000E+00   8.000000E-01   9.545454E-01      Mn055                                                                                                   
        26             54              0        5.200000E+00   1.000000E+00   7.878788E-01      Fe054                                                                                                   
        26             56              0        2.260000E+00   5.000000E-01   9.826087E-01      Fe056                                                                                                   
        26             57              0        2.840000E+00   4.100000E-01   5.680000E-01      Fe057                                                                                                   
        26             58              0        3.650000E+00   1.250000E+00   1.000000E+00      Fe058                                                                                                   
        27             59              0        4.200000E+00   6.000000E-01   1.200000E+00      Co059                                                                                                   
        28             58              0        3.790000E+00   6.900000E-01   1.184375E+00      Ni058                                                                                                   
        28             60              0        3.170000E+00   7.000000E-01   1.320833E+00      Ni060                                                                                                   
        28             61              0        3.300000E+00   7.000000E-01   1.200000E+00      Ni061                                                                                                   
        28             62              0        2.550000E+00   3.300000E-01   9.444444E-01      Ni062                                                                                                   
        28             64              0        2.600000E+00   7.000000E-01   8.666666E-01      Ni064                                                                                                   
        29             63              0        2.300000E+00   2.000000E-01   1.095238E+00      Cu063                                                                                                   
        29             65              0        2.160000E+00   3.700000E-01   9.818182E-01      Cu065                                                                                                   
        30             64              0        1.990000E+00   2.500000E-01   1.105556E+00      Zn064                                                                                                   
        30             66              0        1.900000E+00   2.000000E-01   9.223301E-01      Zn066                                                                                                   
        30             67              0        1.980000E+00   2.800000E-01   1.000000E+00      Zn067                                                                                                   
        30             68              0        2.120000E+00   3.800000E-01   1.054726E+00      Zn068                                                                                                   
        30             70              0        1.580000E+00   2.200000E-01   1.580000E+00      Zn070                                                                                                   
        31             69              0        1.390000E+00   5.000000E-01   9.928572E-01      Ga069                                                                                                   
        31             71              0        1.970000E+00   6.000000E-01   1.407143E+00      Ga071                                                                                                   
        32             70              0        2.100000E+00   7.000000E-01   1.000000E+00      Ge070                                                                                                   
        32             72              0        1.390000E+00   5.400000E-01   9.266667E-01      Ge072                                                                                                   
        32             73              0        2.170000E+00   5.500000E-01   1.085000E+00      Ge073                                                                                                   
        32             74              0        2.200000E+00   7.000000E-01   1.466667E+00      Ge074                                                                                                   
        32             76              0        1.600000E+00   7.000000E-01   1.000000E+00      Ge076                                                                                                   
        33             75              0        1.660000E+00   2.800000E-01   1.037500E+00      As075                                                                                                   
        34             74              0        4.600000E+00   2.300000E+00   1.533333E+00      Se074                                                                                                   
        34             76              0        2.680000E+00   9.700000E-01   1.488889E+00      Se076                                                                                                   
        34             77              0        1.490000E+00   3.800000E-01   1.241667E+00      Se077                                                                                                   
        34             78              0        1.280000E+00   4.900000E-01   9.846154E-01      Se078                                                                                                   
        34             80              0        1.610000E+00   1.000000E+00   8.944445E-01      Se080                                                                                                   
        34             82              0        9.000000E-01   4.800000E-01   1.000000E+00      Se082                                                                                                   
        35             79              0        1.450000E+00   2.400000E-01   1.035714E+00      Br079                                                                                                   
        35             81              0        1.150000E+00   1.900000E-01   1.306818E+00      Br081                                                                                                   
        36             84              0        4.800000E-01   1.700000E-01   3.609022E-01      Kr084                                                                                                   
        36             86              0        7.000000E-01   1.700000E-01   1.000000E+00      Kr086                                                                                                   
        37             85              0        1.030000E+00   1.500000E-01   1.000000E+00      Rb085                                                                                                   
        37             87              0        1.700000E+00   5.000000E-01   1.393443E+00      Rb087                                                                                                   
        38             84              0        8.700000E-01   3.900000E-01   1.087500E+00      Sr084                                                                                                   
        38             86              0        6.200000E-01   1.000000E-01   8.857143E-01      Sr086                                                                                                   
        38             87              0        5.000000E-01   1.800000E-01   1.470588E+00      Sr087                                                                                                   
        38             88              0        3.200000E-01   6.000000E-02   1.000000E+00      Sr088                                                                                                   
        39             89              0        3.300000E-01   5.000000E-02   1.000000E+00      Y089                                                                                                    
        40             90              0        6.100000E-01   1.300000E-01   1.129630E+00      Zr090                                                                                                   
        40             91              0        5.500000E-01   1.500000E-01   1.279070E+00      Zr091                                                                                                   
        40             92              0        5.000000E-01   1.000000E-01   7.142857E-01      Zr092                                                                                                   
        40             93              0        4.300000E-01   1.800000E-01   1.000000E+00      Zr093                                                                                                   
        40             94              0        6.400000E-01   2.000000E-01   1.230769E+00      Zr094                                                                                                   
        40             96              0        3.400000E-01   1.400000E-01   1.133333E+00      Zr096                                                                                                   
        41             93              0        6.200000E-01   9.000000E-02   1.377778E+00      Nb093                                                                                                   
        42             92              0        6.400000E-01   2.400000E-01   1.142857E+00      Mo092                                                                                                   
        42             94              0        7.000000E-01   3.400000E-01   1.590909E+00      Mo094                                                                                                   
        42             95              0        5.700000E-01   2.500000E-01   1.212766E+00      Mo095                                                                                                   
        42             96              0        6.300000E-01   3.000000E-01   1.016129E+00      Mo096                                                                                                   
        42             97              0        4.600000E-01   1.400000E-01   1.243243E+00      Mo097                                                                                                   
        42             98              0        5.800000E-01   1.300000E-01   1.208333E+00      Mo098                                                                                                   
        42            100              0        8.000000E-01   2.200000E-01   1.142857E+00      Mo100                                                                                                   
        43             99              0        5.200000E-01   6.000000E-02   1.040000E+00      Tc099                                                                                                   
        44             99              0        7.400000E-01   1.800000E-01   1.104478E+00      Ru099                                                                                                   
        44            100              0        7.000000E-01   2.000000E-01   1.000000E+00      Ru100                                                                                                   
        44            101              0        5.900000E-01   4.000000E-02   1.053571E+00      Ru101                                                                                                   
        44            102              0        6.200000E-01   2.000000E-01   1.107143E+00      Ru102                                                                                                   
        45            103              0        5.500000E-01   8.000000E-02   1.170213E+00      Rh103                                                                                                   
        46            104              0        4.900000E-01   2.600000E-01   9.800000E-01      Pd104                                                                                                   
        46            105              0        5.600000E-01   2.200000E-01   9.333333E-01      Pd105                                                                                                   
        46            106              0        4.200000E-01   1.900000E-01   6.999999E-01      Pd106                                                                                                   
        46            107              0        5.600000E-01   6.000000E-02   7.000000E-01      Pd107                                                                                                   
        46            108              0        6.000000E-01   1.700000E-01   6.666667E-01      Pd108                                                                                                   
        46            110              0        4.700000E-01   1.700000E-01   1.880000E+00      Pd110                                                                                                   
        47            107              0        4.000000E-01   5.000000E-02   8.695652E-01      Ag107                                                                                                   
        47            109              0        3.400000E-01   4.000000E-02   5.151515E-01      Ag109                                                                                                   
        47            110              1        1.100000E-01   5.000000E-02   1.000000E+00      Ag110m                                                                                                  
        48            106              0        1.200000E+00   2.700000E-01   1.200000E+00      Cd106                                                                                                   
        48            108              0        1.320000E+00   2.700000E-01   1.320000E+00      Cd108                                                                                                   
        48            110              0        3.500000E-01   7.000000E-02   7.777778E-01      Cd110                                                                                                   
        48            111              0        4.300000E-01   7.000000E-02   1.000000E+00      Cd111                                                                                                   
        48            112              0        5.100000E-01   1.100000E-01   9.272727E-01      Cd112                                                                                                   
        48            113              0        4.400000E-01   6.000000E-02   1.375000E+00      Cd113                                                                                                   
        48            114              0        5.900000E-01   1.800000E-01   9.218750E-01      Cd114                                                                                                   
        48            116              0        1.800000E-01   1.000000E-01   1.000000E+00      Cd116                                                                                                   
        49            113              0        3.700000E-01   8.000000E-02   1.000000E+00      In113                                                                                                   
        49            115              0        4.800000E-01   6.000000E-02   1.846154E+00      In115                                                                                                   
        50            112              0        4.200000E-01   2.400000E-01   1.000000E+00      Sn112                                                                                                   
        50            114              0        2.000000E-01   1.000000E-01   1.000000E+00      Sn114                                                                                                   
        50            115              0        3.000000E-01   2.000000E-01   1.000000E+00      Sn115                                                                                                   
        50            116              0        2.100000E-01   5.000000E-02   8.400000E-01      Sn116                                                                                                   
        50            117              0        1.500000E-01   3.000000E-02   1.000000E+00      Sn117                                                                                                   
        50            118              0        4.600000E-01   2.100000E-01   1.000000E+00      Sn118                                                                                                   
        50            119              0        1.000000E-01   3.000000E-02   1.000000E+00      Sn119                                                                                                   
        50            120              0        1.400000E-01   2.000000E-02   1.400000E+00      Sn120                                                                                                   
        50            122              0        1.300000E-01   2.000000E-02   1.000000E+00      Sn122                                                                                                   
        50            124              0        1.900000E-01   5.000000E-02   1.266667E+00      Sn124                                                                                                   
        51            121              0        3.600000E-01   4.000000E-02   1.125000E+00      Sb121                                                                                                   
        51            123              0        2.900000E-01   4.000000E-02   1.160000E+00      Sb123                                                                                                   
        52            122              0        1.260000E+00   2.900000E-01   1.032787E+00      Te122                                                                                                   
        52            123              0        9.000000E-01   1.700000E-01   1.000000E+00      Te123                                                                                                   
        52            124              0        5.700000E-01   1.400000E-01   8.142857E-01      Te124                                                                                                   
        52            125              0        5.900000E-01   7.000000E-02   1.134615E+00      Te125                                                                                                   
        52            126              0        2.800000E-01   1.000000E-01   1.000000E+00      Te126                                                                                                   
        52            128              0        2.600000E-01   1.500000E-01   1.000000E+00      Te128                                                                                                   
        52            130              0        1.600000E-01   5.000000E-02   8.000000E-01      Te130                                                                                                   
        53            127              0        6.500000E-01   7.000000E-02   8.124999E-01      I127                                                                                                    
        53            129              0        5.400000E-01   7.000000E-02   1.542857E+00      I129                                                                                                    
        54            128              0        1.050000E+00   4.700000E-01   1.235294E+00      Xe128                                                                                                   
        54            129              0        1.110000E+00   2.000000E-01   1.110000E+00      Xe129                                                                                                   
        54            130              0        1.330000E+00   4.900000E-01   9.500000E-01      Xe130                                                                                                   
        54            131              0        8.500000E-01   2.100000E-01   9.770115E-01      Xe131                                                                                                   
        55            132              0        7.200000E-01   7.000000E-02   1.000000E+00      Cs132                                                                                                   
        56            130              0        1.440000E+00   3.500000E-01   9.000000E-01      Ba130                                                                                                   
        56            134              0        1.640000E+00   5.100000E-01   1.171429E+00      Ba134                                                                                                   
        56            135              0        1.270000E+00   1.800000E-01   1.154545E+00      Ba135                                                                                                   
        56            136              0        5.900000E-01   2.000000E-01   6.860465E-01      Ba136                                                                                                   
        56            138              0        6.600000E-01   2.800000E-01   1.000000E+00      Ba138                                                                                                   
        57            138              0        2.120000E+00   1.090000E+00   1.766667E+00      La138                                                                                                   
        57            139              0        5.500000E-01   1.000000E-01   9.166666E-01      La139                                                                                                   
        58            136              0        3.600000E+00   2.000000E+00   1.565217E+00      Ce136                                                                                                   
        58            138              0        5.300000E+00   8.000000E-01   1.000000E+00      Ce138                                                                                                   
        58            139              0        1.160000E+00   3.400000E-01   1.000000E+00      Ce139                                                                                                   
        58            142              0        2.600000E+00   5.000000E-01   7.647058E-01      Ce142                                                                                                   
        59            141              0        1.810000E+00   3.100000E-01   1.064706E+00      Pr141                                                                                                   
        60            142              0        1.250000E+00   4.900000E-01   8.620690E-01      Nd142                                                                                                   
        60            143              0        3.780000E+00   5.100000E-01   1.021622E+00      Nd143                                                                                                   
        60            144              0        5.360000E+00   1.160000E+00   1.050980E+00      Nd144                                                                                                   
        60            145              0        4.460000E+00   4.400000E-01   1.393750E+00      Nd145                                                                                                   
        60            146              0        4.780000E+00   1.600000E+00   1.257895E+00      Nd146                                                                                                   
        60            148              0        3.960000E+00   6.700000E-01   1.070270E+00      Nd148                                                                                                   
        60            150              0        3.400000E+00   4.000000E-01   1.172414E+00      Nd150                                                                                                   
        61            147              0        3.100000E+00   6.000000E-01   1.000000E+00      Pm147                                                                                                   
        62            144              0        4.240000E+00   8.600000E-01   1.211429E+00      Sm144                                                                                                   
        62            147              0        4.950000E+00   5.100000E-01   1.031250E+00      Sm147                                                                                                   
        62            148              0        3.800000E+00   1.100000E+00   1.000000E+00      Sm148                                                                                                   
        62            149              0        4.550000E+00   3.600000E-01   7.711865E-01      Sm149                                                                                                   
        62            150              0        3.600000E+00   1.100000E+00   1.028571E+00      Sm150                                                                                                   
        62            151              0        4.000000E+00   4.000000E-01   1.052632E+00      Sm151                                                                                                   
        62            152              0        2.300000E+00   3.000000E-01   1.045455E+00      Sm152                                                                                                   
        62            154              0        2.240000E+00   4.500000E-01   1.178947E+00      Sm154                                                                                                   
        63            151              0        3.600000E+00   3.000000E-01   1.125000E+00      Eu151                                                                                                   
        63            152              0        2.020000E+00   7.400000E-01   1.442857E+00      Eu152                                                                                                   
        63            153              0        2.500000E+00   2.000000E-01   1.136364E+00      Eu153                                                                                                   
        64            152              0        3.100000E+00   5.000000E-01   8.157895E-01      Gd152                                                                                                   
        64            153              0        1.300000E+00   6.000000E-01   1.000000E+00      Gd153                                                                                                   
        64            154              0        1.930000E+00   3.000000E-01   9.650000E-01      Gd154                                                                                                   
        64            155              0        2.200000E+00   1.400000E-01   1.100000E+00      Gd155                                                                                                   
        64            156              0        1.950000E+00   3.600000E-01   1.026316E+00      Gd156                                                                                                   
        64            157              0        2.200000E+00   2.000000E-01   1.000000E+00      Gd157                                                                                                   
        64            158              0        1.600000E+00   2.000000E-01   1.066667E+00      Gd158                                                                                                   
        64            160              0        1.740000E+00   4.200000E-01   1.087500E+00      Gd160                                                                                                   
        65            158              0        1.550000E+00   1.500000E-01   1.000000E+00      Tb158                                                                                                   
        65            159              0        1.550000E+00   1.500000E-01   1.000000E+00      Tb159                                                                                                   
        66            156              0        2.000000E+00   1.000000E+00   1.052632E+00      Dy156                                                                                                   
        66            160              0        2.000000E+00   4.000000E-01   1.000000E+00      Dy160                                                                                                   
        66            161              0        1.970000E+00   1.100000E-01   1.094445E+00      Dy161                                                                                                   
        66            162              0        2.000000E+00   2.800000E-01   1.052632E+00      Dy162                                                                                                   
        66            163              0        1.900000E+00   2.000000E-01   9.500000E-01      Dy163                                                                                                   
        66            164              0        1.820000E+00   2.900000E-01   1.011111E+00      Dy164                                                                                                   
        67            165              0        1.970000E+00   1.900000E-01   1.036842E+00      Ho165                                                                                                   
        68            162              0        2.200000E+00   5.000000E-01   1.100000E+00      Er162                                                                                                   
        68            164              0        2.100000E+00   2.500000E-01   1.400000E+00      Er164                                                                                                   
        68            166              0        1.750000E+00   1.600000E-01   1.029412E+00      Er166                                                                                                   
        68            167              0        2.050000E+00   1.700000E-01   1.025000E+00      Er167                                                                                                   
        68            168              0        1.620000E+00   2.400000E-01   1.080000E+00      Er168                                                                                                   
        68            170              0        1.830000E+00   2.900000E-01   1.220000E+00      Er170                                                                                                   
        69            169              0        1.720000E+00   1.200000E-01   1.146667E+00      Tm169                                                                                                   
        69            170              0        1.500000E+00   2.000000E-01   1.071429E+00      Tm170                                                                                                   
        70            166              0        1.500000E+00   2.000000E-01   1.000000E+00      Yb166                                                                                                   
        70            169              0        2.520000E+00   8.500000E-01   1.482353E+00      Yb169                                                                                                   
        70            170              0        1.560000E+00   2.400000E-01   1.040000E+00      Yb170                                                                                                   
        70            171              0        2.000000E+00   1.500000E-01   1.052632E+00      Yb171                                                                                                   
        70            172              0        1.730000E+00   2.700000E-01   9.942529E-01      Yb172                                                                                                   
        70            173              0        1.760000E+00   1.500000E-01   1.173333E+00      Yb173                                                                                                   
        70            174              0        1.770000E+00   3.000000E-01   1.264286E+00      Yb174                                                                                                   
        70            176              0        2.430000E+00   4.800000E-01   1.012500E+00      Yb176                                                                                                   
        71            173              0        1.500000E+00   3.000000E-01   1.000000E+00      Lu173                                                                                                   
        71            175              0        1.820000E+00   1.200000E-01   1.000000E+00      Lu175                                                                                                   
        71            176              0        1.590000E+00   2.000000E-01   9.937500E-01      Lu176                                                                                                   
        72            174              0        2.800000E+00   1.800000E+00   1.000000E+00      Hf174                                                                                                   
        72            176              0        2.200000E+00   3.000000E-01   1.294118E+00      Hf176                                                                                                   
        72            177              0        2.740000E+00   2.700000E-01   1.053846E+00      Hf177                                                                                                   
        72            178              0        2.200000E+00   7.000000E-01   1.047619E+00      Hf178                                                                                                   
        72            179              0        2.210000E+00   1.800000E-01   8.840000E-01      Hf179                                                                                                   
        72            180              0        1.930000E+00   4.000000E-01   1.015790E+00      Hf180                                                                                                   
        73            180              1        2.040000E+00   4.000000E-01   1.000000E+00      Ta180m                                                                                                  
        73            181              0        1.740000E+00   1.200000E-01   1.023529E+00      Ta181                                                                                                   
        74            180              0        1.930000E+00   6.000000E-02   1.930000E+00      W180                                                                                                    
        74            182              0        2.510000E+00   3.000000E-01   1.091304E+00      W182                                                                                                    
        74            183              0        1.890000E+00   2.900000E-01   9.947369E-01      W183                                                                                                    
        74            184              0        2.520000E+00   3.200000E-01   1.008000E+00      W184                                                                                                    
        74            186              0        2.220000E+00   3.000000E-01   9.652174E-01      W186                                                                                                    
        75            185              0        2.160000E+00   1.400000E-01   8.000000E-01      Re185                                                                                                   
        76            186              0        2.000000E+00   3.100000E-01   7.142857E-01      Os186                                                                                                   
        76            188              0        2.390000E+00   3.600000E-01   9.560000E-01      Os188                                                                                                   
        76            189              0        2.600000E+00   8.000000E-01   1.083333E+00      Os189                                                                                                   
        76            190              0        2.500000E+00   3.000000E-01   1.000000E+00      Os190                                                                                                   
        77            191              0        2.100000E+00   2.000000E-01   1.105263E+00      Ir191                                                                                                   
        77            193              0        2.000000E+00   3.000000E-01   1.538462E+00      Ir193                                                                                                   
        78            192              0        2.040000E+00   2.300000E-01   1.020000E+00      Pt192                                                                                                   
        78            194              0        2.000000E+00   2.300000E-01   1.000000E+00      Pt194                                                                                                   
        78            195              0        1.900000E+00   1.600000E-01   1.055556E+00      Pt195                                                                                                   
        78            196              0        1.950000E+00   3.400000E-01   1.000000E+00      Pt196                                                                                                   
        79            197              0        2.000000E+00   1.000000E-01   1.052632E+00      Au197                                                                                                   
        80            199              0        1.800000E+00   2.000000E-01   8.571429E-01      Hg199                                                                                                   
        80            200              0        1.400000E+00   3.000000E-01   8.750000E-01      Hg200                                                                                                   
        80            201              0        9.600000E-01   2.300000E-01   8.000000E-01      Hg201                                                                                                   
        81            203              0        1.580000E+00   3.300000E-01   1.128572E+00      Tl203                                                                                                   
        81            205              0        7.800000E-01   2.000000E-01   6.500000E-01      Tl205                                                                                                   
        82            204              0        1.270000E+00   1.600000E-01   1.058333E+00      Pb204                                                                                                   
        82            206              0        1.060000E+00   2.600000E-01   8.153846E-01      Pb206                                                                                                   
        82            207              0        7.600000E-01   3.100000E-01   7.600000E-01      Pb207                                                                                                   
        83            209              0        7.800000E-01   1.700000E-01   1.392857E+00      Bi209                                                                                                   
        88            226              0        1.210000E+00   3.300000E-01   1.120370E+00      Ra226                                                                                                   
        90            229              0        6.200000E-01   1.600000E-01   5.391304E-01      Th229                                                                                                   
        90            230              0        1.750000E+00   5.100000E-01   1.367188E+00      Th230                                                                                                   
        90            232              0        8.700000E-01   8.000000E-02   1.035714E+00      Th232                                                                                                   
        91            231              0        8.100000E-01   1.000000E-01   1.000000E+00      Pa231                                                                                                   
        91            232              0        1.270000E+00   2.600000E-01   1.336842E+00      Pa232                                                                                                   
        91            233              0        7.500000E-01   6.000000E-02   1.000000E+00      Pa233                                                                                                   
        92            232              0        9.100000E-01   2.000000E-01   9.100000E-01      U232                                                                                                    
        92            233              0        9.800000E-01   9.000000E-02   1.088889E+00      U233                                                                                                    
        92            234              0        8.300000E-01   1.100000E-01   9.764705E-01      U234                                                                                                    
        92            235              0        9.800000E-01   7.000000E-02   1.000000E+00      U235                                                                                                    
        92            236              0        1.030000E+00   9.000000E-02   9.716982E-01      U236                                                                                                    
        92            238              0        1.290000E+00   1.300000E-01   1.252427E+00      U238                                                                                                    
        93            236              0        1.680000E+00   4.200000E-01   1.400000E+00      Np236                                                                                                   
        93            237              0        9.800000E-01   6.000000E-02   1.010309E+00      Np237                                                                                                   
        94            238              0        1.100000E+00   2.000000E-01   1.018518E+00      Pu238                                                                                                   
        94            239              0        1.300000E+00   1.000000E-01   1.083333E+00      Pu239                                                                                                   
        94            240              0        1.110000E+00   8.000000E-02   1.037383E+00      Pu240                                                                                                   
        94            241              0        1.230000E+00   9.000000E-02   1.042373E+00      Pu241                                                                                                   
        94            242              0        9.200000E-01   1.000000E-01   9.387755E-01      Pu242                                                                                                   
        95            241              0        1.020000E+00   4.000000E-02   1.159091E+00      Am241                                                                                                   
        95            242              1        1.340000E+00   1.900000E-01   1.000000E+00      Am242m                                                                                                  
        95            243              0        9.800000E-01   9.000000E-02   1.000000E+00      Am243                                                                                                   
        96            242              0        1.060000E+00   3.600000E-01   1.325000E+00      Cm242                                                                                                   
        96            243              0        1.200000E+00   2.200000E-01   9.600000E-01      Cm243                                                                                                   
        96            244              0        9.500000E-01   1.800000E-01   9.500000E-01      Cm244                                                                                                   
        96            245              0        1.050000E+00   2.100000E-01   1.000000E+00      Cm245                                                                                                   
        96            246              0        8.200000E-01   2.600000E-01   9.761905E-01      Cm246                                                                                                   
        96            247              0        8.500000E-01   1.800000E-01   1.133333E+00      Cm247                                                                                                   
        96            248              0        1.250000E+00   2.200000E-01   1.041667E+00      Cm248                                                                                                   
        97            249              0        9.300000E-01   2.100000E-01   7.750000E-01      Bk249                                                                                                   
        98            249              0        1.550000E+00   2.000000E-01   1.291667E+00      Cf249                                                                                                   
