# header: 
#   title: S0 resonance data for RIPL-2
#   source: Resonancetables
#   date: 2025-08-25
# reaction: 
#   type: S0
# quantity: 
#   type: resonance data
# datablock: 
#   columns: 7
#   entries: 264
##       Z              A            Liso           Value         dValue          Ratio         Nuclide
##      []             []             []           [*e-4]         [*e-4]           []             [%]
        16             32              0        7.300000E-01   2.400000E-01         0.9733      S032
        17             35              0        3.300000E-01   1.500000E-01         1.0000      Cl035
        17             37              0        6.000000E-01   2.200000E-01         1.0000      Cl037
        18             40              0        9.000000E-01   4.500000E-01         0.4737      Ar040
        19             39              0        4.600000E-01   1.600000E-01         0.6133      K039
        19             41              0        4.000000E-01   2.000000E-01         0.8000      K041
        20             40              0        3.200000E+00   8.000000E-01         1.1852      Ca040
        20             42              0        2.500000E+00   5.000000E-01         1.0000      Ca042
        20             43              0        3.000000E+00   6.000000E-01         0.8333      Ca043
        20             44              0        2.400000E+00   5.000000E-01         1.0000      Ca044
        21             45              0        4.400000E+00   6.000000E-01         1.0000      Sc045
        22             46              0        2.400000E+00   1.200000E+00         0.9231      Ti046
        22             47              0        2.800000E+00   6.000000E-01         1.0000      Ti047
        22             48              0        4.000000E+00   1.300000E+00         1.0000      Ti048
        22             49              0        3.000000E+00   5.000000E-01         1.0000      Ti049
        23             50              0        4.200000E+00   1.300000E+00         0.9333      V050
        23             51              0        7.100000E+00   1.500000E+00         1.0000      V051
        24             50              0        2.400000E+00   4.000000E-01         0.6316      Cr050
        24             52              0        2.850000E+00   4.500000E-01         0.8636      Cr052
        24             53              0        4.600000E+00   1.000000E+00         0.9020      Cr053
        24             54              0        2.300000E+00   1.000000E+00         1.0000      Cr054
        25             55              0        4.400000E+00   6.000000E-01         1.0000      Mn055
        26             54              0        6.900000E+00   1.800000E+00         1.0455      Fe054
        26             56              0        2.300000E+00   6.000000E-01         1.0000      Fe056
        26             57              0        4.700000E+00   1.100000E+00         0.9400      Fe057
        26             58              0        4.400000E+00   1.300000E+00         1.2055      Fe058
        27             59              0        4.400000E+00   8.000000E-01         1.2571      Co059
        28             58              0        3.260000E+00   5.900000E-01         1.0187      Ni058
        28             59              0        4.200000E+00   1.100000E+00         1.1667      Ni059
        28             60              0        3.050000E+00   5.700000E-01         1.2708      Ni060
        28             61              0        2.250000E+00   5.500000E-01         0.8182      Ni061
        28             62              0        2.700000E+00   6.000000E-01         1.0000      Ni062
        28             64              0        2.900000E+00   8.000000E-01         0.9667      Ni064
        29             63              0        2.100000E+00   3.000000E-01         1.0000      Cu063
        29             65              0        2.200000E+00   3.000000E-01         1.0000      Cu065
        30             64              0        1.890000E+00   2.600000E-01         1.0500      Zn064
        30             66              0        2.060000E+00   3.600000E-01         1.0000      Zn066
        30             67              0        1.900000E+00   3.000000E-01         0.9596      Zn067
        30             68              0        2.010000E+00   3.400000E-01         1.0000      Zn068
        30             70              0        2.050000E+00   3.500000E-01         2.0500      Zn070
        31             69              0        1.200000E+00   3.000000E-01         0.8571      Ga069
        31             71              0        1.300000E+00   4.000000E-01         0.9286      Ga071
        32             70              0        1.900000E+00   3.000000E-01         0.9048      Ge070
        32             72              0        1.500000E+00   4.000000E-01         1.0000      Ge072
        32             73              0        2.000000E+00   4.000000E-01         1.0000      Ge073
        32             74              0        1.500000E+00   4.000000E-01         1.0000      Ge074
        32             76              0        1.600000E+00   5.000000E-01         1.0000      Ge076
        33             75              0        1.900000E+00   3.000000E-01         1.1875      As075
        34             74              0        3.100000E+00   7.000000E-01         1.0333      Se074
        34             76              0        2.400000E+00   5.000000E-01         1.3333      Se076
        34             77              0        1.200000E+00   3.000000E-01         1.0000      Se077
        34             78              0        1.500000E+00   4.000000E-01         1.1538      Se078
        34             80              0        2.400000E+00   1.000000E+00         1.3333      Se080
        35             79              0        1.400000E+00   1.500000E-01         1.0000      Br079
        35             81              0        8.800000E-01   1.200000E-01         1.0000      Br081
        36             80              0        1.600000E+00   8.000000E-01         1.0000      Kr080
        37             85              0        9.500000E-01   1.500000E-01         0.9223      Rb085
        37             87              0        1.400000E+00   3.000000E-01         1.1475      Rb087
        38             84              0        8.000000E-01   3.000000E-01         1.0000      Sr084
        38             86              0        7.000000E-01   2.000000E-01         1.0000      Sr086
        38             87              0        3.400000E-01   6.000000E-02         1.0000      Sr087
        38             88              0        3.200000E-01   6.000000E-02         1.0000      Sr088
        39             89              0        3.300000E-01   6.000000E-02         1.0000      Y089
        40             90              0        5.400000E-01   1.000000E-01         1.0000      Zr090
        40             91              0        4.300000E-01   8.000000E-02         1.0000      Zr091
        40             92              0        7.000000E-01   1.500000E-01         1.0000      Zr092
        40             93              0        6.500000E-01   1.500000E-01         1.5116      Zr093
        40             94              0        7.200000E-01   1.600000E-01         1.3846      Zr094
        40             96              0        3.000000E-01   1.500000E-01         1.0000      Zr096
        41             93              0        4.500000E-01   7.000000E-02         1.0000      Nb093
        42             92              0        5.600000E-01   7.000000E-02         1.0000      Mo092
        42             94              0        4.400000E-01   8.000000E-02         1.0000      Mo094
        42             95              0        6.000000E-01   1.000000E-01         1.2766      Mo095
        42             96              0        6.200000E-01   1.200000E-01         1.0000      Mo096
        42             97              0        3.700000E-01   7.000000E-02         1.0000      Mo097
        42             98              0        4.800000E-01   9.000000E-02         1.0000      Mo098
        42            100              0        6.500000E-01   1.000000E-01         0.9286      Mo100
        43             99              0        5.200000E-01   8.000000E-02         1.0400      Tc099
        44             99              0        6.000000E-01   1.200000E-01         0.8955      Ru099
        44            101              0        5.600000E-01   5.000000E-02         1.0000      Ru101
        44            102              0        5.400000E-01   1.200000E-01         0.9643      Ru102
        45            103              0        4.700000E-01   6.000000E-02         1.0000      Rh103
        46            104              0        6.100000E-01   2.200000E-01         1.2200      Pd104
        46            105              0        6.000000E-01   5.000000E-02         1.0000      Pd105
        46            106              0        6.000000E-01   3.000000E-01         1.0000      Pd106
        46            107              0        9.500000E-01   1.500000E-01         1.1875      Pd107
        46            108              0        9.000000E-01   4.000000E-01         1.0000      Pd108
        46            110              0        2.500000E-01   1.500000E-01         1.0000      Pd110
        47            107              0        4.000000E-01   6.000000E-02         0.8696      Ag107
        47            109              0        7.500000E-01   8.000000E-02         1.1364      Ag109
        48            106              0        1.000000E+00   3.500000E-01         1.0000      Cd106
        48            108              0        1.160000E+00   4.600000E-01         1.1600      Cd108
        48            110              0        2.800000E-01   7.000000E-02         0.6222      Cd110
        48            111              0        5.000000E-01   0.000000E+00         1.1628      Cd111
        48            112              0        5.000000E-01   1.000000E-01         0.9091      Cd112
        48            113              0        3.200000E-01   6.000000E-02         1.0000      Cd113
        48            114              0        6.400000E-01   1.600000E-01         1.0000      Cd114
        48            116              0        1.600000E-01   5.000000E-02         0.8889      Cd116
        49            113              0        3.300000E-01   8.000000E-02         0.8919      In113
        49            115              0        2.600000E-01   6.000000E-02         1.0000      In115
        50            112              0        3.000000E-01   1.000000E-01         0.7143      Sn112
        50            114              0        2.000000E-01   1.000000E-01         1.0000      Sn114
        50            116              0        4.000000E-01   2.500000E-01         1.6000      Sn116
        50            117              0        2.100000E-01   4.000000E-02         1.4000      Sn117
        50            118              0        4.600000E-01   2.100000E-01         1.0000      Sn118
        50            119              0        1.000000E-01   3.000000E-02         1.0000      Sn119
        50            120              0        1.400000E-01   3.000000E-02         1.4000      Sn120
        50            124              0        1.200000E-01   3.000000E-02         0.8000      Sn124
        51            121              0        3.200000E-01   6.000000E-02         1.0000      Sb121
        51            123              0        2.500000E-01   5.000000E-02         1.0000      Sb123
        52            122              0        8.300000E-01   2.000000E-01         0.6803      Te122
        52            123              0        1.120000E+00   1.800000E-01         1.2444      Te123
        52            124              0        8.300000E-01   1.000000E-01         1.1857      Te124
        52            125              0        6.800000E-01   1.200000E-01         1.3077      Te125
        52            126              0        2.500000E-01   1.300000E-01         0.8929      Te126
        52            128              0        2.000000E-01   1.000000E-01         0.7692      Te128
        52            130              0        2.000000E-01   1.000000E-01         1.0000      Te130
        53            127              0        8.000000E-01   2.000000E-01         1.0000      I127
        53            129              0        5.000000E-01   1.000000E-01         1.4286      I129
        54            128              0        8.500000E-01   2.500000E-01         1.0000      Xe128
        54            129              0        1.000000E+00   2.000000E-01         1.0000      Xe129
        54            130              0        1.100000E+00   3.000000E-01         0.7857      Xe130
        54            131              0        1.200000E+00   3.000000E-01         1.3793      Xe131
        54            132              0        3.100000E-01   1.600000E-01         1.0000      Xe132
        55            133              0        7.600000E-01   1.000000E-01         1.1515      Cs133
        55            134              0        8.000000E-01   3.000000E-01         1.4815      Cs134
        55            135              0        5.400000E-01   1.600000E-01         1.0000      Cs135
        56            130              0        1.600000E+00   3.000000E-01         1.0000      Ba130
        56            134              0        1.400000E+00   4.000000E-01         1.0000      Ba134
        56            135              0        1.100000E+00   3.000000E-01         1.0000      Ba135
        56            136              0        8.600000E-01   2.300000E-01         1.0000      Ba136
        56            137              0        6.000000E-01   2.000000E-01         1.0909      Ba137
        56            138              0        6.600000E-01   2.800000E-01         1.0000      Ba138
        57            138              0        1.200000E+00   4.000000E-01         1.0000      La138
        57            139              0        6.000000E-01   2.000000E-01         1.0000      La139
        58            136              0        2.300000E+00   6.400000E-01         1.0000      Ce136
        58            140              0        1.200000E+00   3.000000E-01         1.0000      Ce140
        58            141              0        1.100000E+00   3.000000E-01         1.0000      Ce141
        59            141              0        1.700000E+00   3.000000E-01         1.0000      Pr141
        60            142              0        1.000000E+00   3.000000E-01         0.6897      Nd142
        60            143              0        3.800000E+00   4.000000E-01         1.0270      Nd143
        60            144              0        5.100000E+00   9.000000E-01         1.0000      Nd144
        60            145              0        3.200000E+00   4.000000E-01         1.0000      Nd145
        60            146              0        3.800000E+00   6.000000E-01         1.0000      Nd146
        60            148              0        4.000000E+00   8.000000E-01         1.0811      Nd148
        60            150              0        2.800000E+00   5.000000E-01         0.9655      Nd150
        61            147              0        3.100000E+00   4.000000E-01         1.0000      Pm147
        62            144              0        3.600000E+00   8.000000E-01         1.0286      Sm144
        62            147              0        4.800000E+00   5.000000E-01         1.0000      Sm147
        62            148              0        3.800000E+00   8.000000E-01         1.0000      Sm148
        62            149              0        6.300000E+00   1.200000E+00         1.0678      Sm149
        62            150              0        3.400000E+00   6.000000E-01         0.9714      Sm150
        62            151              0        3.400000E+00   5.000000E-01         0.8947      Sm151
        62            152              0        3.000000E+00   4.000000E-01         1.3636      Sm152
        62            154              0        2.000000E+00   5.000000E-01         1.0526      Sm154
        63            151              0        3.200000E+00   4.000000E-01         1.0000      Eu151
        63            152              0        1.400000E+00   6.000000E-01         1.0000      Eu152
        63            153              0        2.200000E+00   3.000000E-01         1.0000      Eu153
        63            154              0        1.200000E+00   4.000000E-01         1.0000      Eu154
        63            155              0        1.900000E+00   5.000000E-01         1.0000      Eu155
        64            152              0        3.800000E+00   8.000000E-01         1.0000      Gd152
        64            154              0        2.000000E+00   4.000000E-01         1.0000      Gd154
        64            155              0        2.000000E+00   3.000000E-01         1.0000      Gd155
        64            156              0        2.000000E+00   5.000000E-01         1.0526      Gd156
        64            157              0        2.200000E+00   4.000000E-01         1.0000      Gd157
        64            158              0        1.500000E+00   2.000000E-01         1.0000      Gd158
        64            160              0        1.800000E+00   4.000000E-01         1.1250      Gd160
        65            159              0        1.500000E+00   3.000000E-01         0.9677      Tb159
        66            156              0        1.800000E+00   4.000000E-01         0.9474      Dy156
        66            158              0        2.100000E+00   6.000000E-01         1.0000      Dy158
        66            160              0        2.000000E+00   3.600000E-01         1.0000      Dy160
        66            161              0        1.730000E+00   1.700000E-01         0.9611      Dy161
        66            162              0        1.880000E+00   2.500000E-01         0.9895      Dy162
        66            163              0        2.020000E+00   3.000000E-01         1.0100      Dy163
        66            164              0        1.700000E+00   2.500000E-01         0.9444      Dy164
        67            165              0        1.800000E+00   2.000000E-01         0.9474      Ho165
        68            162              0        2.500000E+00   5.000000E-01         1.2500      Er162
        68            164              0        1.500000E+00   3.000000E-01         1.0000      Er164
        68            166              0        1.700000E+00   2.000000E-01         1.0000      Er166
        68            167              0        2.000000E+00   3.000000E-01         1.0000      Er167
        68            168              0        1.400000E+00   2.000000E-01         0.9333      Er168
        68            170              0        1.500000E+00   2.000000E-01         1.0000      Er170
        69            169              0        1.500000E+00   2.000000E-01         1.0000      Tm169
        69            170              0        1.400000E+00   3.000000E-01         1.0000      Tm170
        70            169              0        1.700000E+00   4.000000E-01         1.0000      Yb169
        70            170              0        1.500000E+00   3.000000E-01         1.0000      Yb170
        70            171              0        1.700000E+00   2.000000E-01         0.8947      Yb171
        70            172              0        1.700000E+00   2.000000E-01         0.9770      Yb172
        70            173              0        1.700000E+00   2.000000E-01         1.1333      Yb173
        70            174              0        1.600000E+00   2.000000E-01         1.1429      Yb174
        70            176              0        2.300000E+00   3.000000E-01         0.9583      Yb176
        71            175              0        1.800000E+00   3.000000E-01         0.9890      Lu175
        71            176              0        1.600000E+00   3.000000E-01         1.0000      Lu176
        72            174              0        2.600000E+00   6.000000E-01         0.9286      Hf174
        72            176              0        1.700000E+00   4.000000E-01         1.0000      Hf176
        72            177              0        2.600000E+00   3.000000E-01         1.0000      Hf177
        72            178              0        2.100000E+00   3.000000E-01         1.0000      Hf178
        72            179              0        2.500000E+00   4.000000E-01         1.0000      Hf179
        72            180              0        1.900000E+00   6.000000E-01         1.0000      Hf180
        73            180              0        1.900000E+00   3.000000E-01         1.0000      Ta180
        73            181              0        1.700000E+00   2.000000E-01         1.0000      Ta181
        73            182              0        1.000000E+00   5.000000E-01         1.0000      Ta182
        74            180              0        1.000000E+00   5.000000E-01         1.0000      W180
        74            182              0        2.300000E+00   3.000000E-01         1.0000      W182
        74            183              0        1.900000E+00   3.000000E-01         1.0000      W183
        74            184              0        2.800000E+00   4.000000E-01         1.1200      W184
        74            186              0        2.100000E+00   4.000000E-01         0.9130      W186
        75            185              0        2.700000E+00   3.000000E-01         1.0000      Re185
        75            187              0        2.500000E+00   3.000000E-01         1.0000      Re187
        76            186              0        3.500000E+00   9.000000E-01         1.2500      Os186
        76            187              0        5.000000E+00   2.300000E+00         1.6129      Os187
        76            188              0        3.600000E+00   1.200000E+00         1.4400      Os188
        76            189              0        2.000000E+00   6.000000E-01         0.8333      Os189
        77            191              0        1.900000E+00   3.000000E-01         1.0000      Ir191
        77            192              0        1.500000E+00   5.000000E-01         0.6000      Ir192
        77            193              0        1.300000E+00   3.000000E-01         1.0000      Ir193
        78            192              0        1.800000E+00   6.000000E-01         0.9000      Pt192
        78            194              0        1.400000E+00   6.000000E-01         0.7000      Pt194
        78            195              0        1.800000E+00   4.000000E-01         1.0000      Pt195
        78            198              0        1.400000E+00   6.000000E-01         1.0000      Pt198
        79            197              0        1.900000E+00   1.200000E-01         1.0000      Au197
        80            198              0        1.300000E+00   5.000000E-01         1.0000      Hg198
        80            199              0        2.100000E+00   6.000000E-01         1.0000      Hg199
        80            200              0        1.700000E+00   8.000000E-01         1.0625      Hg200
        80            201              0        1.200000E+00   5.000000E-01         1.0000      Hg201
        81            203              0        1.300000E+00   3.000000E-01         0.9286      Tl203
        81            205              0        1.500000E+00   3.000000E-01         1.2500      Tl205
        82            204              0        1.100000E+00   2.000000E-01         0.9167      Pb204
        82            206              0        1.200000E+00   2.000000E-01         0.9231      Pb206
        82            207              0        1.000000E+00   5.000000E-01         1.0000      Pb207
        83            209              0        8.000000E-01   1.500000E-01         1.4286      Bi209
        88            226              0        1.080000E+00   1.200000E-01         1.0000      Ra226
        90            229              0        1.150000E+00   1.500000E-01         1.0000      Th229
        90            230              0        1.280000E+00   1.500000E-01         1.0000      Th230
        90            232              0        8.700000E-01   7.000000E-02         1.0357      Th232
        91            231              0        7.800000E-01   8.000000E-02         0.9630      Pa231
        91            232              0        6.500000E-01   1.500000E-01         0.6842      Pa232
        91            233              0        7.500000E-01   8.000000E-02         1.0000      Pa233
        92            232              0        1.400000E+00   3.000000E-01         1.4000      U232
        92            233              0        1.040000E+00   7.000000E-02         1.1556      U233
        92            234              0        8.500000E-01   1.000000E-01         1.0000      U234
        92            235              0        8.800000E-01   8.000000E-02         0.8980      U235
        92            236              0        1.080000E+00   1.000000E-01         1.0189      U236
        92            238              0        1.030000E+00   8.000000E-02         1.0000      U238
        93            236              0        1.200000E+00   2.000000E-01         1.0000      Np236
        93            237              0        9.700000E-01   7.000000E-02         1.0000      Np237
        94            238              0        1.300000E+00   3.000000E-01         1.2037      Pu238
        94            239              0        1.250000E+00   1.000000E-01         1.0417      Pu239
        94            240              0        1.050000E+00   1.000000E-01         0.9813      Pu240
        94            241              0        1.230000E+00   1.300000E-01         1.0424      Pu241
        94            242              0        9.800000E-01   8.000000E-02         1.0000      Pu242
        94            244              0        9.000000E-01   2.000000E-01         1.0000      Pu244
        95            241              0        8.800000E-01   6.000000E-02         1.0000      Am241
        95            242              0        1.300000E+00   3.000000E-01         0.9848      Am242
        95            243              0        9.800000E-01   6.000000E-02         1.0000      Am243
        96            242              0        6.500000E-01   1.500000E-01         0.8125      Cm242
        96            243              0        1.500000E+00   3.000000E-01         1.2000      Cm243
        96            244              0        1.000000E+00   2.000000E-01         1.0000      Cm244
        96            245              0        1.050000E+00   1.500000E-01         1.0000      Cm245
        96            246              0        4.500000E-01   1.500000E-01         0.5357      Cm246
        96            247              0        7.500000E-01   1.800000E-01         1.0000      Cm247
        96            248              0        1.100000E+00   1.200000E-01         0.9167      Cm248
        97            249              0        1.200000E+00   2.000000E-01         1.0000      Bk249
        98            249              0        1.200000E+00   2.000000E-01         1.0000      Cf249
