# header: 
#   title: S0 resonance data
#   source: Resonancetables
#   date: 2025-12-18
# reaction: 
#   type: S0
# quantity: 
#   type: resonance data
# datablock: 
#   columns: 12
#   entries: 292
##       Z              A            Liso           Value         dValue        Reference   Rel. dev. comp. Rel. dev. NDL Rel. dev. EXFOR Rel. dev. all  #Experiments      Nuclide
##      []             []             []           [*e-4]         [*e-4]           []             [%]            [%]            [%]            [%]            []             []
        11             23              0        2.500000E-01   1.500000E-01  RIPL-3               18.03          12.88           0.00          50.61           0           Na023 
        12             25              0        3.500000E+00   1.400000E+00  Mughabghab-2018       0.00          81.65           0.00         100.00           0           Mg025 
        13             27              0        2.300000E+00   5.000000E-01  RIPL-3                9.80          74.44           0.00          61.04           0           Al027 
        14             28              0        5.000000E-01   2.400000E-01  RIPL-3                0.00           0.00           0.00          10.02           0           Si028 
        15             31              0        4.200000E-01   2.000000E-01  RIPL-3                0.00          61.68           0.00          63.85           0           P031  
        16             32              0        7.500000E-01   2.500000E-01  RIPL-3               32.06          13.75           0.00          22.10           0           S032  
        16             34              0        8.200000E-01   4.200000E-01  Mughabghab-2018       0.00           8.88           0.00          21.81           0           S034  
        17             35              0        3.300000E-01   1.500000E-01  RIPL-3               23.77           0.00           0.00          21.96           0           Cl035 
        17             37              0        6.000000E-01   2.200000E-01  RIPL-3                7.44           0.00           0.00          86.13           0           Cl037 
        18             40              0        1.900000E+00   5.000000E-01  RIPL-3               57.44          54.96           0.00          59.47           0           Ar040 
        19             39              0        7.500000E-01   2.600000E-01  RIPL-3               20.92          25.68           0.00          68.26           0           K039  
        19             41              0        5.000000E-01   2.000000E-01  RIPL-3               11.11          34.26           0.00          28.33           0           K041  
        20             40              0        2.700000E+00   7.000000E-01  RIPL-3                8.22          19.70           0.00          15.86           0           Ca040 
        20             42              0        2.500000E+00   5.000000E-01  RIPL-3                3.67          12.31           0.00           9.60           0           Ca042 
        20             43              0        3.600000E+00   6.000000E-01  RIPL-3                7.42          26.25           0.00          20.88           0           Ca043 
        20             44              0        2.400000E+00   5.000000E-01  RIPL-3                0.00           5.51           0.00           5.99           0           Ca044 
        20             48              0        7.000000E-02   5.000000E-02  Mughabghab-2018       0.00          99.58           0.00         122.05           0           Ca048 
        21             45              0        4.400000E+00   6.000000E-01  RIPL-3                2.18           1.49           0.00           2.40           0           Sc045 
        22             46              0        2.600000E+00   6.000000E-01  RIPL-3               15.43          24.30           0.00          22.67           0           Ti046 
        22             47              0        2.800000E+00   6.000000E-01  RIPL-3               11.59          19.02           0.00          16.87           0           Ti047 
        22             48              0        4.000000E+00   1.300000E+00  RIPL-3                0.00           0.00           0.00           2.33           0           Ti048 
        22             49              0        3.000000E+00   5.000000E-01  RIPL-3               17.85           8.26           0.00          15.56           0           Ti049 
        23             49              0        7.400000E+00   2.200000E+00  Mughabghab-2018       0.00          70.37           0.00          57.50           0           V049  
        23             50              0        4.500000E+00   8.000000E-01  RIPL-3               26.89           0.36           0.00          24.42           0           V050  
        23             51              0        7.100000E+00   1.500000E+00  RIPL-3                8.72           9.09           0.00           9.62           0           V051  
        24             50              0        3.800000E+00   4.000000E-01  RIPL-3               24.87           8.19           0.00          21.36           0           Cr050 
        24             52              0        3.300000E+00   5.000000E-01  RIPL-3               15.13          25.78           0.00          22.32           0           Cr052 
        24             53              0        5.100000E+00   1.000000E+00  RIPL-3                8.91          67.07           0.00          51.86           0           Cr053 
        24             54              0        2.300000E+00   7.000000E-01  RIPL-3                3.01          33.01           0.00          39.56           0           Cr054 
        25             55              0        4.400000E+00   6.000000E-01  RIPL-3                2.18          48.17           0.00          46.95           0           Mn055 
        26             54              0        6.600000E+00   1.000000E+00  RIPL-3               11.89           8.87           0.00          12.28           0           Fe054 
        26             56              0        2.300000E+00   6.000000E-01  RIPL-3                0.82           0.00           0.00           0.55           0           Fe056 
        26             57              0        5.000000E+00   7.000000E-01  RIPL-3               22.86           4.61           0.00          18.29           0           Fe057 
        26             58              0        3.650000E+00   1.250000E+00  RIPL-3                9.07           4.54           0.00          12.23           0           Fe058 
        27             59              0        3.500000E+00   5.000000E-01  RIPL-3                9.57          16.88           0.00          14.57           0           Co059 
        28             58              0        3.200000E+00   6.000000E-01  RIPL-3                7.76           0.61           0.00           5.72           0           Ni058 
        28             59              0        3.600000E+00   1.100000E+00  RIPL-3                7.69          65.79           0.00          55.98           0           Ni059 
        28             60              0        2.400000E+00   5.000000E-01  RIPL-3               11.77           9.51           0.00          10.46           0           Ni060 
        28             61              0        2.750000E+00   5.500000E-01  RIPL-3               15.50          11.59           0.00          15.45           0           Ni061 
        28             62              0        2.700000E+00   6.000000E-01  RIPL-3                2.67           0.16           0.00           2.53           0           Ni062 
        28             64              0        3.000000E+00   8.000000E-01  RIPL-3                6.00           0.74           0.00           4.13           0           Ni064 
        29             63              0        2.100000E+00   3.000000E-01  RIPL-3                4.35          13.89           0.00          12.83           0           Cu063 
        29             65              0        2.200000E+00   3.000000E-01  RIPL-3                0.86           0.73           0.00          12.05           0           Cu065 
        30             64              0        1.800000E+00   3.000000E-01  RIPL-3                4.10          11.46           0.00          11.41           0           Zn064 
        30             66              0        2.060000E+00   3.600000E-01  RIPL-3                3.76          17.95           0.00          14.54           0           Zn066 
        30             67              0        1.980000E+00   2.800000E-01  RIPL-3                1.93          16.67           0.00          15.46           0           Zn067 
        30             68              0        2.010000E+00   3.400000E-01  RIPL-3                2.53           0.00           0.00          11.92           0           Zn068 
        30             70              0        1.000000E+00   1.500000E-01  RIPL-3               27.83           2.53           0.00          33.91           0           Zn070 
        31             69              0        1.400000E+00   5.000000E-01  RIPL-3                6.92          22.41           0.00          19.40           0           Ga069 
        31             71              0        1.400000E+00   4.000000E-01  RIPL-3               18.96           3.27           0.00          12.50           0           Ga071 
        32             70              0        2.100000E+00   7.000000E-01  RIPL-3                4.64          11.95           0.00          11.73           0           Ge070 
        32             72              0        1.500000E+00   4.000000E-01  RIPL-3                3.54          38.45           0.00          33.80           0           Ge072 
        32             73              0        2.000000E+00   4.000000E-01  RIPL-3                3.90          11.96           0.00          18.31           0           Ge073 
        32             74              0        1.500000E+00   4.000000E-01  RIPL-3               19.04          23.50           0.00          22.05           0           Ge074 
        32             76              0        1.600000E+00   5.000000E-01  RIPL-3                0.00          19.03           0.00          17.68           0           Ge076 
        33             75              0        1.600000E+00   2.000000E-01  RIPL-3                7.54          22.34           0.00          18.88           0           As075 
        34             74              0        3.000000E+00   7.000000E-01  RIPL-3               20.52           1.07           0.00          22.07           0           Se074 
        34             76              0        1.800000E+00   6.000000E-01  RIPL-3               16.01           0.00           0.00          15.45           0           Se076 
        34             77              0        1.200000E+00   2.000000E-01  RIPL-3               10.54           5.05           0.00           7.85           0           Se077 
        34             78              0        1.300000E+00   4.000000E-01  RIPL-3                7.30          18.46           0.00          17.53           0           Se078 
        34             80              0        1.800000E+00   4.000000E-01  RIPL-3               17.38           4.94           0.00          24.70           0           Se080 
        34             82              0        9.000000E-01   4.800000E-01  Mughabghab-2018       0.00          32.13           0.00          29.35           0           Se082 
        35             79              0        1.400000E+00   1.500000E-01  RIPL-3                1.66          37.35           0.00          27.66           0           Br079 
        35             81              0        8.800000E-01   1.200000E-01  RIPL-3               13.12          36.09           0.00          29.83           0           Br081 
        36             80              0        1.600000E+00   8.000000E-01  RIPL-3                0.00          89.11           0.00          65.49           0           Kr080 
        36             84              0        1.330000E+00   2.500000E-01  RIPL-3               46.96          17.85           0.00          28.22           0           Kr084 
        36             86              0        7.000000E-01   2.000000E-01  RIPL-3                0.00          10.17           0.00           9.52           0           Kr086 
        37             85              0        1.030000E+00   1.500000E-01  RIPL-3                3.76           1.74           0.00           5.27           0           Rb085 
        37             87              0        1.220000E+00   1.500000E-01  RIPL-3               13.75          62.02           0.00          48.32           0           Rb087 
        38             84              0        8.000000E-01   3.000000E-01  RIPL-3                4.01          54.20           0.00          40.87           0           Sr084 
        38             86              0        7.000000E-01   2.000000E-01  RIPL-3                5.60          34.47           0.00          31.60           0           Sr086 
        38             87              0        3.400000E-01   6.000000E-02  RIPL-3               19.18          27.22           0.00          30.02           0           Sr087 
        38             88              0        3.200000E-01   6.000000E-02  RIPL-3                0.00           0.01           0.00           9.82           0           Sr088 
        39             89              0        3.300000E-01   6.000000E-02  RIPL-3                0.00          14.92           0.00          12.65           0           Y089  
        40             90              0        5.400000E-01   1.000000E-01  RIPL-3                5.86           6.26           0.00           6.18           0           Zr090 
        40             91              0        4.300000E-01   8.000000E-02  RIPL-3               12.04           8.44           0.00          12.60           0           Zr091 
        40             92              0        7.000000E-01   1.500000E-01  RIPL-3               14.89          23.53           0.00          23.95           0           Zr092 
        40             93              0        4.300000E-01   1.800000E-01  RIPL-3               20.60          23.69           0.00          37.71           0           Zr093 
        40             94              0        5.200000E-01   1.000000E-01  RIPL-3               13.12           2.24           0.00          12.35           0           Zr094 
        40             96              0        3.000000E-01   1.500000E-01  RIPL-3                6.02          30.44           0.00          42.59           0           Zr096 
        41             93              0        4.500000E-01   7.000000E-02  RIPL-3               15.82          18.74           0.00          18.55           0           Nb093 
        42             92              0        5.600000E-01   7.000000E-02  RIPL-3                6.43           2.66           0.00           7.24           0           Mo092 
        42             94              0        4.400000E-01   8.000000E-02  RIPL-3               23.27           3.25           0.00          17.41           0           Mo094 
        42             95              0        4.700000E-01   1.700000E-01  RIPL-3               10.17          17.46           0.00          15.35           0           Mo095 
        42             96              0        6.200000E-01   1.200000E-01  RIPL-3                0.76           2.28           0.00          20.41           0           Mo096 
        42             97              0        3.700000E-01   7.000000E-02  RIPL-3               10.61           2.14           0.00           8.08           0           Mo097 
        42             98              0        4.800000E-01   9.000000E-02  RIPL-3                9.18           2.77           0.00          18.97           0           Mo098 
        42            100              0        7.000000E-01   1.000000E-01  RIPL-3                8.70           0.56           0.00           5.55           0           Mo100 
        43             99              0        5.000000E-01   6.000000E-02  RIPL-3                1.84           3.71           0.00           3.36           0           Tc099 
        44             99              0        6.700000E-01   1.200000E-01  RIPL-3                8.53          35.99           0.00          31.15           0           Ru099 
        44            100              0        7.000000E-01   2.000000E-01  Mughabghab-2018       0.00          36.20           0.00          32.69           0           Ru100 
        44            101              0        5.600000E-01   5.000000E-02  RIPL-3                2.48          12.82           0.00          10.85           0           Ru101 
        44            102              0        5.600000E-01   1.000000E-01  RIPL-3                5.93           3.30           0.00          11.85           0           Ru102 
        45            103              0        4.700000E-01   6.000000E-02  RIPL-3                7.59          47.99           0.00          44.56           0           Rh103 
        46            104              0        5.000000E-01   1.000000E-01  RIPL-3               10.19          51.90           0.00          40.15           0           Pd104 
        46            105              0        6.000000E-01   1.000000E-01  RIPL-3                3.21           2.11           0.00           3.04           0           Pd105 
        46            106              0        6.000000E-01   3.000000E-01  RIPL-3               15.71          26.76           0.00          24.85           0           Pd106 
        46            107              0        8.000000E-01   1.000000E-01  RIPL-3               20.86           7.93           0.00          15.44           0           Pd107 
        46            108              0        9.000000E-01   4.000000E-01  RIPL-3               17.68           6.11           0.00          15.56           0           Pd108 
        46            110              0        2.500000E-01   1.500000E-01  RIPL-3               32.07          32.12           0.00          32.25           0           Pd110 
        47            107              0        4.600000E-01   6.000000E-02  RIPL-3                6.73           1.86           0.00           5.04           0           Ag107 
        47            109              0        6.600000E-01   7.000000E-02  RIPL-3               30.16           5.71           0.00          19.32           0           Ag109 
        47            110              1        1.100000E-01   5.000000E-02  Mughabghab-2018       0.00           0.00           0.00           0.00           0           Ag110m
        48            106              0        1.000000E+00   3.500000E-01  RIPL-3                8.84          13.35           0.00          30.19           0           Cd106 
        48            108              0        1.000000E+00   4.000000E-01  RIPL-3               11.26           5.94           0.00          18.83           0           Cd108 
        48            110              0        4.500000E-01   8.000000E-02  RIPL-3               19.38           4.91           0.00          14.84           0           Cd110 
        48            111              0        4.300000E-01   7.000000E-02  RIPL-3                7.28          17.40           0.00          14.12           0           Cd111 
        48            112              0        5.500000E-01   1.000000E-01  RIPL-3                4.15           9.35           0.00           8.48           0           Cd112 
        48            113              0        3.200000E-01   6.000000E-02  RIPL-3               15.71          90.13           0.00         111.25           0           Cd113 
        48            114              0        6.400000E-01   1.000000E-01  RIPL-3                3.78           3.83           0.00          15.96           0           Cd114 
        48            116              0        1.800000E-01   1.000000E-01  RIPL-3                5.44          16.81           0.00          13.75           0           Cd116 
        49            113              0        3.700000E-01   8.000000E-02  RIPL-3                5.29          29.57           0.00          36.39           0           In113 
        49            115              0        2.600000E-01   6.000000E-02  RIPL-3               31.11           3.84           0.00          27.16           0           In115 
        50            112              0        4.200000E-01   2.400000E-01  RIPL-3               14.89          35.82           0.00          30.24           0           Sn112 
        50            114              0        2.000000E-01   1.000000E-01  RIPL-3                0.00          26.08           0.00          38.96           0           Sn114 
        50            115              0        3.000000E-01   2.000000E-01  Mughabghab-2018       0.00          39.88           0.00          44.23           0           Sn115 
        50            116              0        2.500000E-01   5.000000E-02  RIPL-3               28.53          40.49           0.00          36.69           0           Sn116 
        50            117              0        1.500000E-01   4.000000E-02  RIPL-3               16.64          35.75           0.00          29.71           0           Sn117 
        50            118              0        4.600000E-01   2.100000E-01  RIPL-3                0.00          32.46           0.00          31.92           0           Sn118 
        50            119              0        1.000000E-01   3.000000E-02  RIPL-3                0.00          66.81           0.00          71.39           0           Sn119 
        50            120              0        1.000000E-01   3.000000E-02  RIPL-3               14.89          31.60           0.00          26.38           0           Sn120 
        50            122              0        1.300000E-01   2.000000E-02  RIPL-3                0.00          14.97           0.00          19.72           0           Sn122 
        50            124              0        1.500000E-01   4.000000E-02  RIPL-3               18.70          13.44           0.00          19.47           0           Sn124 
        51            121              0        3.200000E-01   6.000000E-02  RIPL-3                5.66          11.35           0.00          11.68           0           Sb121 
        51            123              0        2.500000E-01   5.000000E-02  RIPL-3                7.16           6.59           0.00           7.34           0           Sb123 
        52            122              0        1.220000E+00   3.000000E-01  RIPL-3               17.58          41.69           0.00          38.74           0           Te122 
        52            123              0        9.000000E-01   2.100000E-01  RIPL-3               10.66          57.66           0.00          41.63           0           Te123 
        52            124              0        7.000000E-01   1.000000E-01  RIPL-3               15.16          10.61           0.00          13.69           0           Te124 
        52            125              0        5.200000E-01   7.000000E-02  RIPL-3               10.98          49.22           0.00          37.15           0           Te125 
        52            126              0        2.800000E-01   1.000000E-01  RIPL-3                5.24          18.95           0.00          15.14           0           Te126 
        52            128              0        2.600000E-01   1.500000E-01  RIPL-3               11.79          23.38           0.00          30.81           0           Te128 
        52            130              0        2.000000E-01   1.000000E-01  RIPL-2               11.11          94.58           0.00          95.97           0           Te130 
        53            127              0        8.000000E-01   2.000000E-01  RIPL-3                9.43          33.35           0.00          27.64           0           I127  
        53            129              0        3.500000E-01   5.000000E-02  RIPL-3               17.65          32.46           0.00          28.43           0           I129  
        54            128              0        8.500000E-01   2.500000E-01  RIPL-3               10.29          36.20           0.00          28.90           0           Xe128 
        54            129              0        1.000000E+00   2.000000E-01  RIPL-3                5.00          46.90           0.00          35.85           0           Xe129 
        54            130              0        1.400000E+00   5.000000E-01  RIPL-3               10.04          12.70           0.00          11.88           0           Xe130 
        54            131              0        8.700000E-01   1.500000E-01  RIPL-3               16.49          11.22           0.00          17.99           0           Xe131 
        54            132              0        3.100000E-01   1.600000E-01  RIPL-2                0.00          29.35           0.00          45.77           0           Xe132 
        55            132              0        7.200000E-01   7.000000E-02  Mughabghab-2018       0.00           0.00           0.00          85.98           0           Cs132 
        55            133              0        6.600000E-01   1.000000E-01  RIPL-3                7.04           0.97           0.00           5.16           0           Cs133 
        55            134              0        5.400000E-01   1.600000E-01  RIPL-3               19.40          27.49           0.00          38.31           0           Cs134 
        55            135              0        5.400000E-01   1.600000E-01  RIPL-2                0.00          19.84           0.00          30.35           0           Cs135 
        56            130              0        1.600000E+00   3.000000E-01  RIPL-3                4.88           3.85           0.00           8.93           0           Ba130 
        56            134              0        1.400000E+00   4.000000E-01  RIPL-3                7.64          29.96           0.00          24.13           0           Ba134 
        56            135              0        1.100000E+00   3.000000E-01  RIPL-3                6.93          13.02           0.00          19.26           0           Ba135 
        56            136              0        8.600000E-01   2.300000E-01  RIPL-3               16.53           3.22           0.00          10.83           0           Ba136 
        56            137              0        5.500000E-01   1.500000E-01  RIPL-3                4.35          22.72           0.00          19.29           0           Ba137 
        56            138              0        6.600000E-01   2.800000E-01  RIPL-3                0.00          45.81           0.00          38.31           0           Ba138 
        57            138              0        1.200000E+00   4.000000E-01  RIPL-3               28.78          60.97           0.00          53.22           0           La138 
        57            139              0        6.000000E-01   1.000000E-01  RIPL-3                4.04           6.67           0.00           7.27           0           La139 
        58            136              0        2.300000E+00   6.000000E-01  RIPL-3               22.42          64.46           0.00          52.81           0           Ce136 
        58            138              0        5.300000E+00   8.000000E-01  Mughabghab-2018       0.00          17.48           0.00          70.20           0           Ce138 
        58            139              0        1.160000E+00   3.400000E-01  Mughabghab-2018       0.00          30.25           0.00          27.76           0           Ce139 
        58            140              0        1.200000E+00   3.000000E-01  RIPL-3                0.00          88.56           0.00         101.68           0           Ce140 
        58            141              0        1.100000E+00   3.000000E-01  RIPL-3                0.00          47.63           0.00          50.03           0           Ce141 
        58            142              0        3.400000E+00   5.000000E-01  RIPL-3               13.33          30.88           0.00          28.56           0           Ce142 
        59            141              0        1.700000E+00   3.000000E-01  RIPL-3                2.99          50.99           0.00          44.57           0           Pr141 
        60            142              0        1.450000E+00   4.900000E-01  RIPL-3               14.93           4.63           0.00          11.38           0           Nd142 
        60            143              0        3.700000E+00   4.000000E-01  RIPL-3                1.15           3.25           0.00           5.40           0           Nd143 
        60            144              0        5.100000E+00   9.000000E-01  RIPL-3                2.36           9.13           0.00           9.56           0           Nd144 
        60            145              0        3.200000E+00   4.000000E-01  RIPL-3               16.41          11.21           0.00          13.48           0           Nd145 
        60            146              0        3.800000E+00   6.000000E-01  RIPL-3               11.19           6.27           0.00          18.21           0           Nd146 
        60            148              0        3.700000E+00   5.000000E-01  RIPL-3                3.42           2.85           0.00           8.35           0           Nd148 
        60            150              0        2.900000E+00   5.000000E-01  RIPL-3                8.65          33.24           0.00          26.71           0           Nd150 
        61            147              0        3.100000E+00   4.000000E-01  RIPL-3                0.00          24.46           0.00          26.43           0           Pm147 
        62            144              0        3.500000E+00   9.000000E-01  RIPL-3                8.67          10.74           0.00          13.24           0           Sm144 
        62            147              0        4.800000E+00   5.000000E-01  RIPL-3                1.46          43.44           0.00          34.09           0           Sm147 
        62            148              0        3.800000E+00   8.000000E-01  RIPL-3                0.00          19.53           0.00          15.64           0           Sm148 
        62            149              0        5.900000E+00   5.000000E-01  RIPL-3               13.41           4.90           0.00          12.12           0           Sm149 
        62            150              0        3.500000E+00   6.000000E-01  RIPL-3                2.33          31.73           0.00          25.48           0           Sm150 
        62            151              0        3.800000E+00   5.000000E-01  RIPL-3                6.68          16.81           0.00          16.16           0           Sm151 
        62            152              0        2.200000E+00   3.000000E-01  RIPL-3               14.24          33.43           0.00          28.04           0           Sm152 
        62            154              0        1.900000E+00   4.000000E-01  RIPL-3                6.97          26.73           0.00          26.15           0           Sm154 
        63            151              0        3.200000E+00   4.000000E-01  RIPL-3                5.66           5.53           0.00           9.93           0           Eu151 
        63            152              0        1.400000E+00   6.000000E-01  RIPL-2               18.13          48.62           0.00          47.52           0           Eu152 
        63            153              0        2.200000E+00   3.000000E-01  RIPL-3                6.15           7.82           0.00          12.64           0           Eu153 
        63            154              0        1.200000E+00   4.000000E-01  RIPL-2                0.00          35.81           0.00          45.44           0           Eu154 
        63            155              0        1.900000E+00   9.000000E-01  RIPL-3                0.00          63.73           0.00          74.95           0           Eu155 
        64            152              0        3.800000E+00   6.000000E-01  RIPL-3                9.25          38.42           0.00          34.12           0           Gd152 
        64            153              0        1.300000E+00   6.000000E-01  RIPL-3                0.00          45.88           0.00          65.63           0           Gd153 
        64            154              0        2.000000E+00   4.000000E-01  RIPL-3                1.67          19.89           0.00          20.22           0           Gd154 
        64            155              0        2.000000E+00   3.000000E-01  RIPL-3                4.56           2.14           0.00           3.30           0           Gd155 
        64            156              0        1.900000E+00   4.000000E-01  RIPL-3                2.09           5.37           0.00           5.25           0           Gd156 
        64            157              0        2.200000E+00   4.000000E-01  RIPL-3                0.00           5.72           0.00           5.39           0           Gd157 
        64            158              0        1.500000E+00   2.000000E-01  RIPL-3                3.07           3.64           0.00           3.84           0           Gd158 
        64            160              0        1.600000E+00   2.000000E-01  RIPL-3                4.89           3.92           0.00           5.96           0           Gd160 
        65            158              0        1.550000E+00   1.500000E-01  Mughabghab-2018       0.00         123.16           0.00         115.67           0           Tb158 
        65            159              0        1.550000E+00   2.000000E-01  RIPL-3                1.54          17.46           0.00          13.25           0           Tb159 
        66            156              0        1.900000E+00   4.000000E-01  RIPL-3                4.30          23.34           0.00          34.16           0           Dy156 
        66            158              0        2.100000E+00   6.000000E-01  RIPL-2                0.00          50.92           0.00          54.22           0           Dy158 
        66            160              0        2.000000E+00   4.000000E-01  RIPL-3                0.00          41.78           0.00          45.35           0           Dy160 
        66            161              0        1.800000E+00   1.500000E-01  RIPL-3                5.50          11.59           0.00          10.72           0           Dy161 
        66            162              0        1.900000E+00   2.000000E-01  RIPL-3                2.72           1.16           0.00           1.99           0           Dy162 
        66            163              0        2.000000E+00   2.000000E-01  RIPL-3                2.66           3.54           0.00           3.29           0           Dy163 
        66            164              0        1.800000E+00   3.000000E-01  RIPL-3                2.96           5.59           0.00           5.44           0           Dy164 
        67            165              0        1.900000E+00   2.000000E-01  RIPL-3                3.69          22.43           0.00          21.35           0           Ho165 
        68            162              0        2.000000E+00   5.000000E-01  RIPL-3                9.20          22.34           0.00          22.94           0           Er162 
        68            164              0        1.500000E+00   3.000000E-01  RIPL-3               16.64          34.89           0.00          38.44           0           Er164 
        68            166              0        1.700000E+00   2.000000E-01  RIPL-3                1.37          14.51           0.00          12.26           0           Er166 
        68            167              0        2.000000E+00   2.000000E-01  RIPL-3                1.17          13.99           0.00          12.84           0           Er167 
        68            168              0        1.500000E+00   2.000000E-01  RIPL-3                5.97           5.74           0.00           6.05           0           Er168 
        68            170              0        1.500000E+00   2.000000E-01  RIPL-3                9.66           9.46           0.00          10.44           0           Er170 
        69            169              0        1.500000E+00   2.000000E-01  RIPL-3                6.59          30.49           0.00          23.25           0           Tm169 
        69            170              0        1.400000E+00   3.000000E-01  RIPL-3                3.29          50.21           0.00          62.00           0           Tm170 
        70            166              0        1.500000E+00   2.000000E-01  Mughabghab-2018       0.00           0.00           0.00          98.06           0           Yb166 
        70            169              0        1.700000E+00   4.000000E-01  RIPL-3               19.59          23.59           0.00          31.39           0           Yb169 
        70            170              0        1.500000E+00   3.000000E-01  RIPL-3                1.86          16.18           0.00          19.07           0           Yb170 
        70            171              0        1.900000E+00   2.000000E-01  RIPL-3                6.68          12.19           0.00          11.09           0           Yb171 
        70            172              0        1.740000E+00   2.700000E-01  RIPL-3                0.99           2.55           0.00           2.15           0           Yb172 
        70            173              0        1.500000E+00   1.500000E-01  RIPL-3                6.72          20.74           0.00          20.01           0           Yb173 
        70            174              0        1.400000E+00   2.000000E-01  RIPL-3                9.51           0.03           0.00           6.93           0           Yb174 
        70            176              0        2.400000E+00   5.000000E-01  RIPL-3                2.34          12.10           0.00          12.00           0           Yb176 
        71            173              0        1.500000E+00   3.000000E-01  Mughabghab-2018       0.00          33.86           0.00          37.32           0           Lu173 
        71            175              0        1.820000E+00   1.200000E-01  RIPL-3                0.52           1.87           0.00           3.02           0           Lu175 
        71            176              0        1.600000E+00   2.000000E-01  RIPL-3                0.30           5.17           0.00           4.10           0           Lu176 
        72            174              0        2.800000E+00   6.000000E-01  RIPL-3                3.45          20.93           0.00          16.55           0           Hf174 
        72            176              0        1.700000E+00   4.000000E-01  RIPL-3               12.63          18.22           0.00          18.84           0           Hf176 
        72            177              0        2.600000E+00   3.000000E-01  RIPL-3                2.49           7.14           0.00          15.64           0           Hf177 
        72            178              0        2.100000E+00   3.000000E-01  RIPL-3                2.21          92.38           0.00         114.43           0           Hf178 
        72            179              0        2.500000E+00   4.000000E-01  RIPL-3                5.69           8.71           0.00          19.02           0           Hf179 
        72            180              0        1.900000E+00   6.000000E-01  RIPL-3                0.74          15.86           0.00          14.06           0           Hf180 
        73            180              0        1.900000E+00   3.000000E-01  RIPL-3                0.00          13.86           0.00          16.03           0           Ta180 
        73            180              1        2.040000E+00   4.000000E-01  Mughabghab-2018       0.00           0.00           0.00           0.00           0           Ta180m
        73            181              0        1.700000E+00   2.000000E-01  RIPL-3                1.10          11.41           0.00           9.94           0           Ta181 
        73            182              0        1.000000E+00   5.000000E-01  RIPL-2                0.00          15.27           0.00          29.09           0           Ta182 
        74            180              0        1.000000E+00   5.000000E-01  RIPL-2               31.74          39.32           0.00          38.01           0           W180  
        74            182              0        2.300000E+00   3.000000E-01  RIPL-3                4.18          16.53           0.00          13.38           0           W182  
        74            183              0        1.900000E+00   3.000000E-01  RIPL-3                0.25          10.57           0.00          14.75           0           W183  
        74            184              0        2.500000E+00   4.000000E-01  RIPL-3                5.25           4.20           0.00           6.69           0           W184  
        74            186              0        2.300000E+00   4.000000E-01  RIPL-3                3.72          24.09           0.00          20.48           0           W186  
        75            185              0        2.700000E+00   3.000000E-01  RIPL-3               10.10           4.00           0.00           7.30           0           Re185 
        75            187              0        2.500000E+00   3.000000E-01  RIPL-3                0.00           9.20           0.00           7.86           0           Re187 
        76            186              0        2.800000E+00   3.000000E-01  RIPL-3               22.15          23.90           0.00          25.85           0           Os186 
        76            187              0        3.100000E+00   2.000000E-01  RIPL-3               23.46           0.41           0.00          14.24           0           Os187 
        76            188              0        2.500000E+00   3.000000E-01  RIPL-3               19.30          35.02           0.00          35.09           0           Os188 
        76            189              0        2.400000E+00   6.000000E-01  RIPL-3               10.69          42.26           0.00          41.82           0           Os189 
        76            190              0        2.500000E+00   3.000000E-01  Mughabghab-2018       0.00           9.50           0.00          25.17           0           Os190 
        77            191              0        1.900000E+00   3.000000E-01  RIPL-3                4.79          18.47           0.00          14.87           0           Ir191 
        77            192              0        2.500000E+00   8.000000E-01  RIPL-3               25.00          34.86           0.00          31.83           0           Ir192 
        77            193              0        1.300000E+00   3.000000E-01  RIPL-3               21.52          65.00           0.00          48.23           0           Ir193 
        78            192              0        2.000000E+00   2.300000E-01  RIPL-3                5.39          55.56           0.00          39.74           0           Pt192 
        78            194              0        2.000000E+00   2.300000E-01  RIPL-3               15.71          24.16           0.00          21.90           0           Pt194 
        78            195              0        1.800000E+00   3.000000E-01  RIPL-3                2.57          88.62           0.00         126.79           0           Pt195 
        78            196              0        1.950000E+00   3.400000E-01  Mughabghab-2018       0.00          27.06           0.00          28.39           0           Pt196 
        78            198              0        1.400000E+00   6.000000E-01  RIPL-3                0.00          12.90           0.00          11.13           0           Pt198 
        79            197              0        1.900000E+00   1.200000E-01  RIPL-3                2.44           9.32           0.00          10.41           0           Au197 
        80            198              0        1.300000E+00   5.000000E-01  RIPL-3                0.00          33.05           0.00          27.35           0           Hg198 
        80            199              0        2.100000E+00   6.000000E-01  RIPL-3                7.07          24.39           0.00          19.14           0           Hg199 
        80            200              0        1.600000E+00   6.000000E-01  RIPL-3                7.96          11.21           0.00          11.67           0           Hg200 
        80            201              0        1.200000E+00   5.000000E-01  RIPL-3               10.10          63.86           0.00          58.59           0           Hg201 
        81            203              0        1.400000E+00   3.000000E-01  RIPL-3                8.12           0.09           0.00           6.31           0           Tl203 
        81            205              0        1.200000E+00   4.000000E-01  RIPL-3               25.46           0.00           0.00          22.31           0           Tl205 
        82            204              0        1.200000E+00   2.000000E-01  RIPL-3                5.86           1.38           0.00          18.31           0           Pb204 
        82            206              0        1.300000E+00   2.000000E-01  RIPL-3                8.29           4.21           0.00           6.78           0           Pb206 
        82            207              0        1.000000E+00   5.000000E-01  RIPL-3               12.30          10.15           0.00          16.06           0           Pb207 
        82            208              0        1.000000E+00   5.000000E-01  RIPL-3                0.00          11.78           0.00          13.55           0           Pb208 
        83            209              0        5.600000E-01   9.000000E-02  RIPL-3               15.24          17.32           0.00          17.07           0           Bi209 
        88            226              0        1.080000E+00   1.200000E-01  RIPL-3                5.46           7.10           0.00          10.03           0           Ra226 
        90            229              0        1.150000E+00   1.500000E-01  RIPL-3               25.67          11.81           0.00          20.10           0           Th229 
        90            230              0        1.280000E+00   1.500000E-01  RIPL-3               15.42          26.87           0.00          23.61           0           Th230 
        90            232              0        8.400000E-01   7.000000E-02  RIPL-3                1.64           0.70           0.00           3.33           0           Th232 
        91            231              0        8.100000E-01   1.000000E-01  RIPL-3                1.77           5.11           0.00           4.48           0           Pa231 
        91            232              0        9.500000E-01   1.500000E-01  RIPL-3               26.46          10.60           0.00          19.18           0           Pa232 
        91            233              0        7.500000E-01   8.000000E-02  RIPL-3                0.00           1.60           0.00           1.30           0           Pa233 
        92            232              0        1.000000E+00   2.000000E-01  RIPL-3               19.30          38.92           0.00          36.28           0           U232  
        92            233              0        9.000000E-01   5.000000E-02  RIPL-3                5.89           5.96           0.00           5.94           0           U233  
        92            234              0        8.500000E-01   1.000000E-01  RIPL-3                1.12          25.80           0.00          20.28           0           U234  
        92            235              0        9.800000E-01   7.000000E-02  RIPL-3                4.98           4.77           0.00           5.28           0           U235  
        92            236              0        1.060000E+00   8.000000E-02  RIPL-3                1.94          17.07           0.00          14.30           0           U236  
        92            238              0        1.030000E+00   8.000000E-02  RIPL-3               10.98           0.38           0.00           8.34           0           U238  
        93            236              0        1.200000E+00   2.000000E-01  RIPL-3               16.64          39.53           0.00          32.35           0           Np236 
        93            237              0        9.700000E-01   7.000000E-02  RIPL-3                0.48          15.00           0.00          14.40           0           Np237 
        94            238              0        1.080000E+00   1.500000E-01  RIPL-3                8.56          19.53           0.00          18.34           0           Pu238 
        94            239              0        1.200000E+00   1.000000E-01  RIPL-3                3.27           4.66           0.00           8.39           0           Pu239 
        94            240              0        1.070000E+00   1.000000E-01  RIPL-3                2.32           7.31           0.00           5.96           0           Pu240 
        94            241              0        1.180000E+00   9.000000E-02  RIPL-3                1.94           4.54           0.00           3.79           0           Pu241 
        94            242              0        9.800000E-01   8.000000E-02  RIPL-3                2.95           9.05           0.00           7.41           0           Pu242 
        94            244              0        9.000000E-01   2.000000E-01  RIPL-3                0.00          14.10           0.00          13.10           0           Pu244 
        95            241              0        8.800000E-01   6.000000E-02  RIPL-3                7.12           3.83           0.00           5.58           0           Am241 
        95            242              0        1.320000E+00   1.500000E-01  RIPL-3                0.76           6.21           0.00           5.69           0           Am242 
        95            242              1        1.340000E+00   1.900000E-01  Mughabghab-2018       0.00           0.00           0.00           0.00           0           Am242m
        95            243              0        9.800000E-01   6.000000E-02  RIPL-3                0.00          11.12           0.00           8.99           0           Am243 
        96            242              0        8.000000E-01   1.500000E-01  RIPL-3               20.24           7.76           0.00          15.20           0           Cm242 
        96            243              0        1.250000E+00   3.000000E-01  RIPL-3                9.97           3.07           0.00           7.65           0           Cm243 
        96            244              0        1.000000E+00   2.000000E-01  RIPL-3                2.40          14.33           0.00          11.02           0           Cm244 
        96            245              0        1.050000E+00   1.500000E-01  RIPL-3                0.00           3.88           0.00           4.14           0           Cm245 
        96            246              0        8.400000E-01   1.500000E-01  RIPL-3               25.50           1.34           0.00          17.30           0           Cm246 
        96            247              0        7.500000E-01   1.800000E-01  RIPL-3                6.02          32.07           0.00          26.67           0           Cm247 
        96            248              0        1.200000E+00   2.000000E-01  RIPL-3                5.27           4.14           0.00           4.74           0           Cm248 
        97            249              0        1.200000E+00   2.000000E-01  RIPL-3               11.47          16.71           0.00          15.70           0           Bk249 
        98            249              0        1.200000E+00   2.000000E-01  RIPL-3               12.53           9.01           0.00          12.02           0           Cf249 
