# header: 
#   title: S0 resonance data for TARES
#   source: Resonancetables
#   date: 2025-10-02
# reaction: 
#   type: S0
# quantity: 
#   type: resonance data
# datablock: 
#   columns: 7
#   entries: 292
##       Z              A            Liso           Value         dValue          Ratio         Nuclide
##      []             []             []           [*e-4]         [*e-4]           []             [%]
        11             23              0        1.195100E-01   0.000000E+00         0.4780      Na023
        12             25              0        6.236230E-01   0.000000E+00         0.1782      Mg025
        13             27              0        7.873550E-01   0.000000E+00         0.3423      Al027
        14             28              0        6.165940E-01   0.000000E+00         1.2332      Si028
        15             31              0        1.084170E+00   0.000000E+00         2.5814      P031
        16             32              0        7.634950E-01   0.000000E+00         1.0180      S032
        16             34              0        5.659430E-01   0.000000E+00         0.6902      S034
        17             35              0        3.472390E-01   0.000000E+00         1.0522      Cl035
        17             37              0        8.244500E-02   0.000000E+00         0.1374      Cl037
        18             40              0        7.117440E-01   0.000000E+00         0.3746      Ar040
        19             39              0        1.366910E-01   0.000000E+00         0.1823      K039
        19             41              0        5.307910E-01   0.000000E+00         1.0616      K041
        20             40              0        3.447640E+00   0.000000E+00         1.2769      Ca040
        20             42              0        2.812550E+00   0.000000E+00         1.1250      Ca042
        20             43              0        2.211380E+00   0.000000E+00         0.6143      Ca043
        20             44              0        2.315440E+00   0.000000E+00         0.9648      Ca044
        20             48              0        4.708900E+01   0.000000E+00       672.7000      Ca048
        21             45              0        4.540940E+00   0.000000E+00         1.0320      Sc045
        22             46              0        2.709310E+00   0.000000E+00         1.0420      Ti046
        22             47              0        3.404720E+00   0.000000E+00         1.2160      Ti047
        22             48              0        3.813260E+00   0.000000E+00         0.9533      Ti048
        22             49              0        2.498030E+00   0.000000E+00         0.8327      Ti049
        23             49              0        8.303600E+00   0.000000E+00         1.1221      V049
        23             50              0        4.264090E+00   0.000000E+00         0.9476      V050
        23             51              0        7.483840E+00   0.000000E+00         1.0541      V051
        24             50              0        2.986130E+00   0.000000E+00         0.7858      Cr050
        24             52              0        4.101960E+00   0.000000E+00         1.2430      Cr052
        24             53              0        5.380280E+00   0.000000E+00         1.0550      Cr053
        24             54              0        4.763000E+00   0.000000E+00         2.0709      Cr054
        25             55              0        1.540530E+00   0.000000E+00         0.3501      Mn055
        26             54              0        6.433000E+00   0.000000E+00         0.9747      Fe054
        26             56              0        2.276670E+00   0.000000E+00         0.9899      Fe056
        26             57              0        4.999500E+00   0.000000E+00         0.9999      Fe057
        26             58              0        3.116080E+00   0.000000E+00         0.8537      Fe058
        27             59              0        5.022970E+00   0.000000E+00         1.4351      Co059
        28             58              0        3.246090E+00   0.000000E+00         1.0144      Ni058
        28             59              0        8.750649E+00   0.000000E+00         2.4307      Ni059
        28             60              0        3.083820E+00   0.000000E+00         1.2849      Ni060
        28             61              0        2.478730E+00   0.000000E+00         0.9014      Ni061
        28             62              0        2.754830E+00   0.000000E+00         1.0203      Ni062
        28             64              0        2.750120E+00   0.000000E+00         0.9167      Ni064
        29             63              0        1.467170E+00   0.000000E+00         0.6987      Cu063
        29             65              0        1.734590E+00   0.000000E+00         0.7885      Cu065
        30             64              0        1.872430E+00   0.000000E+00         1.0402      Zn064
        30             66              0        1.440610E+00   0.000000E+00         0.6993      Zn066
        30             67              0        1.286180E+00   0.000000E+00         0.6496      Zn067
        30             68              0        1.614380E+00   0.000000E+00         0.8032      Zn068
        30             70              0        9.654130E-01   0.000000E+00         0.9654      Zn070
        31             69              0        1.853760E+00   0.000000E+00         1.3241      Ga069
        31             71              0        1.419840E+00   0.000000E+00         1.0142      Ga071
        32             70              0        2.432530E+00   0.000000E+00         1.1583      Ge070
        32             72              0        2.598160E+00   0.000000E+00         1.7321      Ge072
        32             73              0        1.695510E+00   0.000000E+00         0.8478      Ge073
        32             74              0        2.072830E+00   0.000000E+00         1.3819      Ge074
        32             76              0        9.824940E-01   0.000000E+00         0.6141      Ge076
        33             75              0        1.333390E+00   0.000000E+00         0.8334      As075
        34             74              0        2.554640E+00   0.000000E+00         0.8515      Se074
        34             76              0        1.848420E+00   0.000000E+00         1.0269      Se076
        34             77              0        1.259170E+00   0.000000E+00         1.0493      Se077
        34             78              0        1.227540E+00   0.000000E+00         0.9443      Se078
        34             80              0        3.449060E+00   0.000000E+00         1.9161      Se080
        34             82              0        6.610110E-01   0.000000E+00         0.7345      Se082
        35             79              0        1.378360E+00   0.000000E+00         0.9845      Br079
        35             81              0        8.668260E-01   0.000000E+00         0.9850      Br081
        36             80              0        3.299990E-01   0.000000E+00         0.2062      Kr080
        36             84              0        1.192000E+00   0.000000E+00         0.8962      Kr084
        36             86              0        5.670230E-01   0.000000E+00         0.8100      Kr086
        37             85              0        9.302469E-01   0.000000E+00         0.9032      Rb085
        37             87              0        3.208900E-01   0.000000E+00         0.2630      Rb087
        38             84              0        5.904060E-01   0.000000E+00         0.7380      Sr084
        38             86              0        1.467190E+00   0.000000E+00         2.0960      Sr086
        38             87              0        3.978340E-01   0.000000E+00         1.1701      Sr087
        38             88              0        3.916120E-01   0.000000E+00         1.2238      Sr088
        39             89              0        3.982520E-01   0.000000E+00         1.2068      Y089
        40             90              0        5.443860E-01   0.000000E+00         1.0081      Zr090
        40             91              0        3.655070E-01   0.000000E+00         0.8500      Zr091
        40             92              0        3.919650E-01   0.000000E+00         0.5599      Zr092
        40             93              0        2.923550E-01   0.000000E+00         0.6799      Zr093
        40             94              0        5.186190E-01   0.000000E+00         0.9973      Zr094
        40             96              0        4.016240E-01   0.000000E+00         1.3387      Zr096
        41             93              0        5.732380E-01   0.000000E+00         1.2739      Nb093
        42             92              0        5.337510E-01   0.000000E+00         0.9531      Mo092
        42             94              0        4.585590E-01   0.000000E+00         1.0422      Mo094
        42             95              0        5.247070E-01   0.000000E+00         1.1164      Mo095
        42             96              0        4.045490E-01   0.000000E+00         0.6525      Mo096
        42             97              0        3.646130E-01   0.000000E+00         0.9854      Mo097
        42             98              0        3.499330E-01   0.000000E+00         0.7290      Mo098
        42            100              0        6.921420E-01   0.000000E+00         0.9888      Mo100
        43             99              0        5.156950E-01   0.000000E+00         1.0314      Tc099
        44             99              0        1.097350E+00   0.000000E+00         1.6378      Ru099
        44            100              0        9.327410E-01   0.000000E+00         1.3325      Ru100
        44            101              0        5.555550E-01   0.000000E+00         0.9921      Ru101
        44            102              0        4.443010E-01   0.000000E+00         0.7934      Ru102
        45            103              0        5.126690E-01   0.000000E+00         1.0908      Rh103
        46            104              0        8.157840E-01   0.000000E+00         1.6316      Pd104
        46            105              0        5.954610E-01   0.000000E+00         0.9924      Pd105
        46            106              0        4.233430E-01   0.000000E+00         0.7056      Pd106
        46            107              0        6.758610E-01   0.000000E+00         0.8448      Pd107
        46            108              0        7.158160E-01   0.000000E+00         0.7954      Pd108
        46            110              0        2.470630E-01   0.000000E+00         0.9883      Pd110
        47            107              0        4.440920E-01   0.000000E+00         0.9654      Ag107
        47            109              0        5.899910E-01   0.000000E+00         0.8939      Ag109
        47            110              1        1.327170E-01   0.000000E+00         1.2065      Ag110m
        48            106              0        6.885030E-01   0.000000E+00         0.6885      Cd106
        48            108              0        8.729870E-01   0.000000E+00         0.8730      Cd108
        48            110              0        4.345560E-01   0.000000E+00         0.9657      Cd110
        48            111              0        3.752450E-01   0.000000E+00         0.8727      Cd111
        48            112              0        4.430620E-01   0.000000E+00         0.8056      Cd112
        48            113              0        3.059450E-01   0.000000E+00         0.9561      Cd113
        48            114              0        4.495450E-01   0.000000E+00         0.7024      Cd114
        48            116              0        1.362780E-01   0.000000E+00         0.7571      Cd116
        49            113              0        2.846920E-01   0.000000E+00         0.7694      In113
        49            115              0        2.375320E-01   0.000000E+00         0.9136      In115
        50            112              0        5.735350E-01   0.000000E+00         1.3656      Sn112
        50            114              0        5.206900E-01   0.000000E+00         2.6035      Sn114
        50            115              0        7.488980E-01   0.000000E+00         2.4963      Sn115
        50            116              0        2.010670E-01   0.000000E+00         0.8043      Sn116
        50            117              0        1.846830E-01   0.000000E+00         1.2312      Sn117
        50            118              0        2.667170E-01   0.000000E+00         0.5798      Sn118
        50            119              0        3.959650E-01   0.000000E+00         3.9597      Sn119
        50            120              0        9.201880E-02   0.000000E+00         0.9202      Sn120
        50            122              0        1.946160E-01   0.000000E+00         1.4970      Sn122
        50            124              0        1.241270E-01   0.000000E+00         0.8275      Sn124
        51            121              0        2.627200E-01   0.000000E+00         0.8210      Sb121
        51            123              0        2.365910E-01   0.000000E+00         0.9464      Sb123
        52            122              0        2.053430E+00   0.000000E+00         1.6831      Te122
        52            123              0        1.323460E+00   0.000000E+00         1.4705      Te123
        52            124              0        6.820490E-01   0.000000E+00         0.9744      Te124
        52            125              0        5.917560E-01   0.000000E+00         1.1380      Te125
        52            126              0        1.980050E-01   0.000000E+00         0.7072      Te126
        52            128              0        1.581200E-01   0.000000E+00         0.6082      Te128
        52            130              0        7.442690E-01   0.000000E+00         3.7213      Te130
        53            127              0        6.708790E-01   0.000000E+00         0.8386      I127
        53            129              0        3.714410E-01   0.000000E+00         1.0613      I129
        54            128              0        6.799490E-01   0.000000E+00         0.7999      Xe128
        54            129              0        2.692700E-01   0.000000E+00         0.2693      Xe129
        54            130              0        9.059600E-01   0.000000E+00         0.6471      Xe130
        54            131              0        8.526560E-01   0.000000E+00         0.9801      Xe131
        54            132              0        1.980680E+00   0.000000E+00         6.3893      Xe132
        55            132              0        5.429030E-02   0.000000E+00         0.0754      Cs132
        55            133              0        7.661660E-01   0.000000E+00         1.1609      Cs133
        55            134              0        1.915350E+00   0.000000E+00         3.5469      Cs134
        55            135              0        1.094270E+00   0.000000E+00         2.0264      Cs135
        56            130              0        1.290000E+00   0.000000E+00         0.8062      Ba130
        56            134              0        1.450740E+00   0.000000E+00         1.0362      Ba134
        56            135              0        9.808460E-01   0.000000E+00         0.8917      Ba135
        56            136              0        8.451681E-01   0.000000E+00         0.9828      Ba136
        56            137              0        4.104140E-01   0.000000E+00         0.7462      Ba137
        56            138              0        4.584520E-01   0.000000E+00         0.6946      Ba138
        57            138              0        3.510620E+00   0.000000E+00         2.9255      La138
        57            139              0        5.522730E-01   0.000000E+00         0.9205      La139
        58            136              0        4.890730E+00   0.000000E+00         2.1264      Ce136
        58            138              0        1.840110E+00   0.000000E+00         0.3472      Ce138
        58            139              0        8.238560E-01   0.000000E+00         0.7102      Ce139
        58            140              0        5.917220E+00   0.000000E+00         4.9310      Ce140
        58            141              0        3.154380E+00   0.000000E+00         2.8676      Ce141
        58            142              0        4.752060E+00   0.000000E+00         1.3977      Ce142
        59            141              0        1.664980E+00   0.000000E+00         0.9794      Pr141
        60            142              0        1.169400E+00   0.000000E+00         0.8065      Nd142
        60            143              0        3.563640E+00   0.000000E+00         0.9631      Nd143
        60            144              0        4.038600E+00   0.000000E+00         0.7919      Nd144
        60            145              0        4.200580E+00   0.000000E+00         1.3127      Nd145
        60            146              0        2.970640E+00   0.000000E+00         0.7817      Nd146
        60            148              0        3.402770E+00   0.000000E+00         0.9197      Nd148
        60            150              0        2.860520E+00   0.000000E+00         0.9864      Nd150
        61            147              0        3.318510E+00   0.000000E+00         1.0705      Pm147
        62            144              0        3.045010E+00   0.000000E+00         0.8700      Sm144
        62            147              0        1.648180E+00   0.000000E+00         0.3434      Sm147
        62            148              0        3.083720E+00   0.000000E+00         0.8115      Sm148
        62            149              0        5.296270E+00   0.000000E+00         0.8977      Sm149
        62            150              0        2.199570E+00   0.000000E+00         0.6284      Sm150
        62            151              0        3.816960E+00   0.000000E+00         1.0045      Sm151
        62            152              0        2.116860E+00   0.000000E+00         0.9622      Sm152
        62            154              0        1.545870E+00   0.000000E+00         0.8136      Sm154
        63            151              0        3.290470E+00   0.000000E+00         1.0283      Eu151
        63            152              0        1.255110E+00   0.000000E+00         0.8965      Eu152
        63            153              0        2.411790E+00   0.000000E+00         1.0963      Eu153
        63            154              0        2.163880E+00   0.000000E+00         1.8032      Eu154
        63            155              0        9.464150E+00   0.000000E+00         4.9811      Eu155
        64            152              0        2.825370E+00   0.000000E+00         0.7435      Gd152
        64            153              0        1.505970E-01   0.000000E+00         0.1158      Gd153
        64            154              0        1.155670E+00   0.000000E+00         0.5778      Gd154
        64            155              0        2.087890E+00   0.000000E+00         1.0439      Gd155
        64            156              0        1.881130E+00   0.000000E+00         0.9901      Gd156
        64            157              0        2.028150E+00   0.000000E+00         0.9219      Gd157
        64            158              0        1.417720E+00   0.000000E+00         0.9451      Gd158
        64            160              0        1.532870E+00   0.000000E+00         0.9580      Gd160
        65            158              0        2.133370E-01   0.000000E+00         0.1376      Tb158
        65            159              0        1.581600E+00   0.000000E+00         1.0204      Tb159
        66            156              0        3.821720E+00   0.000000E+00         2.0114      Dy156
        66            158              0        3.359570E+00   0.000000E+00         1.5998      Dy158
        66            160              0        1.943730E+00   0.000000E+00         0.9719      Dy160
        66            161              0        1.713550E+00   0.000000E+00         0.9520      Dy161
        66            162              0        1.935320E+00   0.000000E+00         1.0186      Dy162
        66            163              0        1.936640E+00   0.000000E+00         0.9683      Dy163
        66            164              0        1.944650E+00   0.000000E+00         1.0804      Dy164
        67            165              0        1.908510E+00   0.000000E+00         1.0045      Ho165
        68            162              0        3.652950E+00   0.000000E+00         1.8265      Er162
        68            164              0        3.111350E+00   0.000000E+00         2.0742      Er164
        68            166              0        1.794430E+00   0.000000E+00         1.0555      Er166
        68            167              0        1.848200E+00   0.000000E+00         0.9241      Er167
        68            168              0        1.506230E+00   0.000000E+00         1.0042      Er168
        68            170              0        1.427730E+00   0.000000E+00         0.9518      Er170
        69            169              0        1.469000E+00   0.000000E+00         0.9793      Tm169
        69            170              0        5.569630E+00   0.000000E+00         3.9783      Tm170
        70            166              0        1.469080E-02   0.000000E+00         0.0098      Yb166
        70            169              0        3.104800E+00   0.000000E+00         1.8264      Yb169
        70            170              0        1.684710E+00   0.000000E+00         1.1231      Yb170
        70            171              0        1.873040E+00   0.000000E+00         0.9858      Yb171
        70            172              0        1.741180E+00   0.000000E+00         1.0007      Yb172
        70            173              0        1.601060E+00   0.000000E+00         1.0674      Yb173
        70            174              0        1.507720E+00   0.000000E+00         1.0769      Yb174
        70            176              0        2.255620E+00   0.000000E+00         0.9398      Yb176
        71            173              0        1.531360E+00   0.000000E+00         1.0209      Lu173
        71            175              0        1.848330E+00   0.000000E+00         1.0156      Lu175
        71            176              0        1.932150E+00   0.000000E+00         1.2076      Lu176
        72            174              0        2.208100E+00   0.000000E+00         0.7886      Hf174
        72            176              0        1.509430E+00   0.000000E+00         0.8879      Hf176
        72            177              0        2.685020E+00   0.000000E+00         1.0327      Hf177
        72            178              0        2.465730E+00   0.000000E+00         1.1742      Hf178
        72            179              0        3.076570E+00   0.000000E+00         1.2306      Hf179
        72            180              0        1.385110E+00   0.000000E+00         0.7290      Hf180
        73            180              0        2.488960E+01   0.000000E+00        13.0998      Ta180
        73            180              1        1.782440E+00   0.000000E+00         0.8737      Ta180m
        73            181              0        1.958630E+00   0.000000E+00         1.1521      Ta181
        73            182              0        5.351140E-01   0.000000E+00         0.5351      Ta182
        74            180              0        1.722120E+00   0.000000E+00         1.7221      W180
        74            182              0        2.310400E+00   0.000000E+00         1.0045      W182
        74            183              0        2.546590E+00   0.000000E+00         1.3403      W183
        74            184              0        2.411120E+00   0.000000E+00         0.9644      W184
        74            186              0        2.437720E+00   0.000000E+00         1.0599      W186
        75            185              0        1.656320E+00   0.000000E+00         0.6135      Re185
        75            187              0        1.494080E+00   0.000000E+00         0.5976      Re187
        76            186              0        2.403060E+00   0.000000E+00         0.8582      Os186
        76            187              0        3.779990E+00   0.000000E+00         1.2194      Os187
        76            188              0        3.004590E+00   0.000000E+00         1.2018      Os188
        76            189              0        1.990030E+00   0.000000E+00         0.8292      Os189
        76            190              0        4.733940E+00   0.000000E+00         1.8936      Os190
        77            191              0        2.023020E+00   0.000000E+00         1.0647      Ir191
        77            192              0        4.215330E+00   0.000000E+00         1.6861      Ir192
        77            193              0        1.145510E+00   0.000000E+00         0.8812      Ir193
        78            192              0        1.541360E+00   0.000000E+00         0.7707      Pt192
        78            194              0        1.353420E+00   0.000000E+00         0.6767      Pt194
        78            195              0        1.877760E+00   0.000000E+00         1.0432      Pt195
        78            196              0        1.095370E+00   0.000000E+00         0.5617      Pt196
        78            198              0        1.180210E+00   0.000000E+00         0.8430      Pt198
        79            197              0        1.983970E+00   0.000000E+00         1.0442      Au197
        80            198              0        1.426980E+00   0.000000E+00         1.0977      Hg198
        80            199              0        1.539980E+00   0.000000E+00         0.7333      Hg199
        80            200              0        1.252110E+00   0.000000E+00         0.7826      Hg200
        80            201              0        1.352840E+00   0.000000E+00         1.1274      Hg201
        81            203              0        1.342150E+00   0.000000E+00         0.9587      Tl203
        81            205              0        1.692150E+00   0.000000E+00         1.4101      Tl205
        82            204              0        8.257020E-01   0.000000E+00         0.6881      Pb204
        82            206              0        1.158730E+00   0.000000E+00         0.8913      Pb206
        82            207              0        1.272870E+00   0.000000E+00         1.2729      Pb207
        82            208              0        8.505580E-01   0.000000E+00         0.8506      Pb208
        83            209              0        5.560170E-01   0.000000E+00         0.9929      Bi209
        88            226              0        8.932660E-01   0.000000E+00         0.8271      Ra226
        90            229              0        7.869700E-01   0.000000E+00         0.6843      Th229
        90            230              0        1.519600E+00   0.000000E+00         1.1872      Th230
        90            232              0        7.955110E-01   0.000000E+00         0.9470      Th232
        91            231              0        7.920940E-01   0.000000E+00         0.9779      Pa231
        91            232              0        1.119310E+00   0.000000E+00         1.1782      Pa232
        91            233              0        7.275820E-01   0.000000E+00         0.9701      Pa233
        92            232              0        9.330520E-01   0.000000E+00         0.9331      U232
        92            233              0        8.955590E-01   0.000000E+00         0.9951      U233
        92            234              0        5.573320E-01   0.000000E+00         0.6557      U234
        92            235              0        2.858270E-01   0.000000E+00         0.2917      U235
        92            236              0        1.062750E+00   0.000000E+00         1.0026      U236
        92            238              0        1.024100E+00   0.000000E+00         0.9943      U238
        93            236              0        1.335700E+00   0.000000E+00         1.1131      Np236
        93            237              0        9.386280E-01   0.000000E+00         0.9677      Np237
        94            238              0        1.266470E+00   0.000000E+00         1.1727      Pu238
        94            239              0        1.059550E+00   0.000000E+00         0.8830      Pu239
        94            240              0        9.689960E-01   0.000000E+00         0.9056      Pu240
        94            241              0        1.217270E+00   0.000000E+00         1.0316      Pu241
        94            242              0        9.640710E-01   0.000000E+00         0.9837      Pu242
        94            244              0        1.170660E+00   0.000000E+00         1.3007      Pu244
        95            241              0        9.116409E-01   0.000000E+00         1.0360      Am241
        95            242              0        6.692350E-01   0.000000E+00         0.5070      Am242
        95            242              1        1.318290E+00   0.000000E+00         0.9838      Am242m
        95            243              0        1.110290E+00   0.000000E+00         1.1329      Am243
        96            242              0        8.270570E-01   0.000000E+00         1.0338      Cm242
        96            243              0        1.309820E+00   0.000000E+00         1.0479      Cm243
        96            244              0        1.243910E+00   0.000000E+00         1.2439      Cm244
        96            245              0        1.187240E+00   0.000000E+00         1.1307      Cm245
        96            246              0        8.558760E-01   0.000000E+00         1.0189      Cm246
        96            247              0        8.878990E-01   0.000000E+00         1.1839      Cm247
        96            248              0        1.080360E+00   0.000000E+00         0.9003      Cm248
        97            249              0        8.445351E-01   0.000000E+00         0.7038      Bk249
        98            249              0        1.034390E+00   0.000000E+00         0.8620      Cf249
