# header: 
#   title: (n,g) MACS for Astral
#   source: Resonancetables
#   date: 2025-12-08
# reaction: 
#   type: (n,g)
# quantity: 
#   type: MACS
# datablock: 
#   columns: 7
#   entries: 122
##       Z              A            Liso           Value         dValue          Ratio         Nuclide
##      []             []             []             [b]            [b]            []             [%]
         4              9              0        9.079392E-06   4.273056E-07         1.0000      Be009
         6             13              0        2.812424E-05   6.453618E-06         1.0000      C013
        11             23              0        1.518547E-03   1.399371E-05         1.0000      Na023
        18             36              0        1.524156E-03   1.066909E-04         1.0000      Ar036
        18             38              0        9.335961E-04   1.026956E-04         1.0000      Ar038
        20             40              0        5.158580E-03   3.043562E-04         1.0000      Ca040
        21             45              0        5.529599E-02   6.107487E-04         1.0000      Sc045
        26             58              0        1.257844E-02   3.394356E-04         1.0000      Fe058
        26             60              0        4.934533E-03   4.973267E-04         1.0000      Fe060
        27             59              0        3.553592E-02   2.050929E-04         1.0000      Co059
        28             64              0        7.107918E-03   1.585742E-04         1.0000      Ni064
        29             65              0        2.696224E-02   7.097117E-04         0.6576      Cu065
        30             64              0        4.888689E-02   1.146414E-03         1.0000      Zn064
        30             70              0        9.338727E-03   5.905057E-04         1.0000      Zn070
        32             74              0        3.586053E-02   1.518720E-03         1.0000      Ge074
        33             75              0        3.402990E-01   8.847903E-03         1.0000      As075
        34             78              0        5.635680E-02   9.186159E-03         1.0000      Se078
        35             79              0        5.937499E-01   2.735177E-02         1.0000      Br079
        35             81              0        2.117755E-01   2.267648E-03         0.6766      Br081
        37             85              0        2.160149E-01   3.269117E-03         1.0000      Rb085
        38             84              0        2.828592E-01   3.714104E-03         1.0000      Sr084
        39             89              0        1.776559E-02   2.615221E-04         1.0000      Y089
        44             96              0        1.861441E-01   2.864784E-03         1.0000      Ru096
        45            103              0        8.648860E-01   1.176538E-02         1.0000      Rh103
        46            102              0        3.597212E-01   9.903142E-03         1.0000      Pd102
        48            110              0        2.506857E-01   3.169029E-03         1.0000      Cd110
        48            111              0        7.994093E-01   1.504041E-02         1.0000      Cd111
        48            112              0        1.998831E-01   2.686261E-03         1.0000      Cd112
        48            113              0        7.052227E-01   1.327957E-02         1.0000      Cd113
        48            114              0        1.380121E-01   2.005532E-03         1.0000      Cd114
        48            116              0        7.981290E-02   1.271497E-03         1.0000      Cd116
        50            114              0        1.431375E-01   2.211415E-03         1.0000      Sn114
        50            115              0        3.761786E-01   1.147071E-02         1.0000      Sn115
        50            116              0        9.709331E-02   1.304217E-03         1.0000      Sn116
        50            117              0        3.370074E-01   6.036431E-03         1.0000      Sn117
        50            118              0        6.586576E-02   9.079400E-04         1.0000      Sn118
        50            120              0        3.884540E-02   6.132224E-04         1.0000      Sn120
        51            121              0        4.796929E-01   5.260967E-03         1.0000      Sb121
        51            123              0        2.870229E-01   3.188295E-03         1.0000      Sb123
        52            120              0        4.385525E-01   8.118896E-03         1.0000      Te120
        52            122              0        3.285075E-01   5.726540E-03         1.0000      Te122
        52            123              0        8.815978E-01   3.503634E-02         1.0000      Te123
        52            124              0        1.627840E-01   2.781965E-03         1.0000      Te124
        52            125              0        4.518614E-01   1.865844E-02         1.0000      Te125
        52            126              0        8.638100E-02   1.594460E-03         1.0000      Te126
        52            128              0        4.322932E-02   6.225528E-04         1.0000      Te128
        54            124              0        5.760386E-01   7.078362E-02         1.0000      Xe124
        54            126              0        3.376750E-01   4.747035E-02         1.0000      Xe126
        54            128              0        2.776967E-01   4.360733E-03         1.0000      Xe128
        54            129              0        6.601124E-01   1.397422E-02         1.0000      Xe129
        54            130              0        1.413283E-01   2.362624E-03         1.0000      Xe130
        54            132              0        5.832863E-02   2.663930E-03         1.0000      Xe132
        54            134              0        2.059168E-02   1.709109E-03         1.0000      Xe134
        54            136              0        9.156851E-04   7.737905E-05         1.0000      Xe136
        55            135              0        1.531030E-01   7.312502E-03         1.0000      Cs135
        56            130              0        7.294734E-01   1.166732E-02         1.0000      Ba130
        56            132              0        3.817701E-01   8.322425E-03         1.0000      Ba132
        56            134              0        1.856433E-01   6.041224E-03         1.0000      Ba134
        56            135              0        4.886711E-01   1.542013E-02         1.0000      Ba135
        56            136              0        6.739025E-02   2.259080E-03         1.0000      Ba136
        56            137              0        9.014302E-02   3.364851E-03         1.0000      Ba137
        58            136              0        3.210230E-01   1.492059E-02         1.0000      Ce136
        58            138              0        1.658064E-01   2.875167E-03         1.0000      Ce138
        58            140              0        1.045641E-02   1.425721E-04         1.0000      Ce140
        58            142              0        2.544909E-02   3.542219E-04         1.0000      Ce142
        59            141              0        1.176092E-01   1.925405E-03         1.0000      Pr141
        60            142              0        3.574990E-02   6.603053E-04         1.0000      Nd142
        60            143              0        2.583462E-01   4.345780E-03         1.0000      Nd143
        60            144              0        8.630669E-02   1.560429E-03         1.0000      Nd144
        60            145              0        4.513606E-01   7.071096E-03         1.0000      Nd145
        60            146              0        9.706615E-02   1.458656E-03         1.0000      Nd146
        60            148              0        1.531328E-01   2.434038E-03         1.0000      Nd148
        60            150              0        1.688821E-01   6.676016E-03         1.0000      Nd150
        62            148              0        1.046387E+00   1.446606E-02         4.3419      Sm148
        62            149              0        1.932460E+00   2.933776E-02         1.0000      Sm149
        62            150              0        4.467842E-01   6.144458E-03         1.0000      Sm150
        62            151              0        3.231874E+00   7.610762E-02         1.0000      Sm151
        62            152              0        4.964168E-01   6.626444E-03         1.0000      Sm152
        62            154              0        1.860504E-01   2.899604E-03         0.6668      Sm154
        64            152              0        1.103166E+00   2.009830E-02         1.0000      Gd152
        64            154              0        1.087931E+00   1.668659E-02         1.0000      Gd154
        64            155              0        2.805921E+00   4.286138E-02         1.0000      Gd155
        64            156              0        6.524491E-01   8.674486E-03         1.0000      Gd156
        64            157              0        1.447381E+00   2.196970E-02         1.0000      Gd157
        64            158              0        3.452167E-01   4.782179E-03         1.0000      Gd158
        66            156              0        1.544686E+00   6.305468E-02         1.0000      Dy156
        66            160              0        9.481359E-01   1.675125E-02         1.0000      Dy160
        66            161              0        2.091383E+00   3.054312E-02         1.0000      Dy161
        66            162              0        4.741563E-01   6.608885E-03         1.0000      Dy162
        66            163              0        1.183219E+00   1.852382E-02         1.0000      Dy163
        66            164              0        2.255036E-01   3.993755E-03         1.0000      Dy164
        68            170              0        1.457961E-01   2.088231E-03         1.0000      Er170
        70            168              0        1.120500E+00   1.084343E-02         1.0000      Yb168
        70            170              0        8.155870E-01   1.145275E-02         1.0000      Yb170
        70            171              0        1.283677E+00   1.825516E-02         1.0000      Yb171
        70            172              0        3.635131E-01   4.981162E-03         1.0000      Yb172
        70            173              0        7.993184E-01   1.172752E-02         1.0000      Yb173
        70            174              0        1.597009E-01   2.437731E-03         1.0000      Yb174
        70            176              0        1.231817E-01   2.477174E-03         1.0000      Yb176
        71            175              0        1.295258E+00   1.788865E-02         1.0000      Lu175
        71            176              0        1.740640E+00   2.455696E-02         1.0000      Lu176
        72            174              0        9.411274E-01   2.409853E-02         1.0000      Hf174
        72            176              0        6.597698E-01   1.306898E-02         1.0000      Hf176
        72            177              0        1.645652E+00   2.226497E-02         1.0000      Hf177
        72            178              0        3.368545E-01   4.458161E-03         1.0000      Hf178
        72            179              0        9.849246E-01   1.675735E-02         1.0000      Hf179
        72            180              0        1.655692E-01   2.475851E-03         1.0000      Hf180
        72            182              0        1.367380E-01   6.003289E-03         1.0000      Hf182
        73            180              0        1.830132E+00   1.181622E-01         1.0000      Ta180
        73            181              0        8.184158E-01   1.311271E-02         1.0000      Ta181
        74            180              0        6.666932E-01   4.400175E-02         1.0000      W180
        74            186              0        1.768613E-01   2.622492E-03         1.0000      W186
        75            187              0        1.138397E+00   3.101932E-02         1.0000      Re187
        76            184              0        5.612605E-01   2.289891E-02         1.0000      Os184
        76            190              0        2.640826E-01   5.949725E-03         1.0000      Os190
        76            192              0        1.514484E-01   3.526999E-03         1.0000      Os192
        77            191              0        1.229786E+00   3.443401E-02         1.0000      Ir191
        77            193              0        8.992944E-01   6.205131E-02         1.0000      Ir193
        78            190              0        5.407292E-01   2.202373E-02         1.0000      Pt190
        78            198              0        8.434838E-02   2.077721E-03         1.0000      Pt198
        79            197              0        6.133802E-01   6.029337E-03         1.0000      Au197
        80            196              0        1.948981E-01   5.401324E-03         1.0000      Hg196
