# header: 
#   title: (n,g) MACS for Bao
#   source: Resonancetables
#   date: 2025-12-08
# reaction: 
#   type: (n,g)
# quantity: 
#   type: MACS
# datablock: 
#   columns: 7
#   entries: 258
##       Z              A            Liso           Value         dValue          Ratio         Nuclide
##      []             []             []             [b]            [b]            []             [%]
         3              7              0        4.200000E-05   4.000000E-06         1.0000      Li007
         6             12              0        1.540000E-05   1.000000E-06         1.0000      C012
         6             13              0        2.100000E-05   4.000000E-06         0.7467      C013
         6             14              0        1.500000E-06   4.000000E-07         0.1769      C014
         7             14              0        4.100000E-05   6.000000E-05         1.0000      N014
         7             15              0        5.800000E-06   5.000001E-07         1.0000      N015
         8             16              0        3.800000E-05   4.000000E-06         1.0000      O016
         8             18              0        8.900000E-06   8.000000E-07         1.0000      O018
         9             19              0        5.800000E-03   1.200000E-03         1.8125      F019
        10             20              0        1.190000E-04   1.100000E-05         1.0000      Ne020
        10             22              0        5.900000E-05   6.000000E-06         1.0172      Ne022
        11             23              0        2.100000E-03   2.000000E-04         1.3829      Na023
        12             24              0        3.300000E-03   4.000000E-04         1.0000      Mg024
        12             25              0        6.400000E-03   4.000000E-04         1.0000      Mg025
        12             26              0        1.260000E-04   9.000000E-06         1.0000      Mg026
        13             26              0        3.700000E-03   0.000000E+00         1.0000      Al026
        13             27              0        3.740000E-03   3.000000E-04         1.0000      Al027
        14             28              0        2.900000E-03   3.000000E-04         2.0423      Si028
        14             29              0        7.900001E-03   9.000000E-04         1.2006      Si029
        14             30              0        6.500000E-03   6.000000E-04         3.5714      Si030
        15             31              0        1.740000E-03   9.000001E-05         1.0000      P031
        16             32              0        4.100000E-03   2.000000E-04         1.0000      S032
        16             33              0        7.400000E-03   1.500000E-03         1.0000      S033
        16             34              0        2.260000E-04   1.000000E-05         1.0000      S034
        16             36              0        1.710000E-04   1.400000E-05         1.0000      S036
        17             35              0        1.000000E-02   3.000000E-04         1.0309      Cl035
        17             37              0        2.150000E-03   8.000001E-05         1.0142      Cl037
        18             40              0        2.600000E-03   2.000000E-04         1.0196      Ar040
        19             39              0        1.180000E-02   4.000000E-04         1.0000      K039
        19             41              0        2.200000E-02   7.000000E-04         1.0000      K041
        20             40              0        6.700000E-03   7.000000E-04         1.2988      Ca040
        20             42              0        1.560000E-02   2.000000E-03         1.0000      Ca042
        20             43              0        5.100000E-02   6.000000E-03         1.0000      Ca043
        20             44              0        9.400000E-03   1.300000E-03         1.0000      Ca044
        20             46              0        5.300000E-03   5.000000E-04         1.0000      Ca046
        20             48              0        8.700000E-04   9.000001E-05         1.0000      Ca048
        21             45              0        6.900001E-02   5.000000E-03         1.2478      Sc045
        22             46              0        2.680000E-02   3.200000E-03         1.0000      Ti046
        22             47              0        6.440000E-02   7.700000E-03         1.0000      Ti047
        22             48              0        3.180000E-02   5.500000E-03         1.0000      Ti048
        22             49              0        2.210000E-02   2.100000E-03         1.0000      Ti049
        22             50              0        3.600000E-03   4.000000E-04         1.0000      Ti050
        23             51              0        3.800000E-02   4.000000E-03         1.0000      V051
        24             50              0        4.900000E-02   1.300000E-02         1.0000      Cr050
        24             52              0        8.800001E-03   2.300000E-03         1.0000      Cr052
        24             53              0        5.800000E-02   1.000000E-02         1.0000      Cr053
        24             54              0        6.700000E-03   1.600000E-03         1.0000      Cr054
        25             55              0        3.960000E-02   3.000000E-03         1.0000      Mn055
        26             54              0        2.760000E-02   1.800000E-03         0.9324      Fe054
        26             56              0        1.170000E-02   5.000000E-04         1.0000      Fe056
        26             57              0        4.000000E-02   4.000000E-03         1.0000      Fe057
        26             58              0        1.210000E-02   1.300000E-03         0.9620      Fe058
        27             59              0        3.800000E-02   4.000000E-03         1.0693      Co059
        28             58              0        4.100000E-02   2.000000E-03         1.0594      Ni058
        28             60              0        3.000000E-02   3.000000E-03         1.0033      Ni060
        28             61              0        8.200000E-02   8.000000E-03         1.0000      Ni061
        28             62              0        1.250000E-02   4.000000E-03         0.5605      Ni062
        28             64              0        8.700000E-03   9.000000E-04         1.2240      Ni064
        29             63              0        9.400000E-02   1.000000E-02         1.0000      Cu063
        29             65              0        4.100000E-02   4.000000E-03         1.0000      Cu065
        30             64              0        5.900000E-02   5.000000E-03         1.2069      Zn064
        30             66              0        3.500000E-02   3.000000E-03         1.0000      Zn066
        30             67              0        1.530000E-01   1.500000E-02         1.0000      Zn067
        30             68              0        1.920000E-02   2.400000E-03         1.0000      Zn068
        31             69              0        1.390000E-01   6.000000E-03         1.0000      Ga069
        31             71              0        1.230000E-01   8.000000E-03         1.0000      Ga071
        32             70              0        8.800001E-02   5.000000E-03         1.0000      Ge070
        32             74              0        5.300000E-02   7.000000E-03         1.4779      Ge074
        33             75              0        5.680000E-01   3.500000E-02         1.6691      As075
        34             76              0        1.640000E-01   8.000000E-03         1.0000      Se076
        34             80              0        4.200000E-02   3.000000E-03         1.0000      Se080
        35             79              0        6.270000E-01   4.200000E-02         1.0560      Br079
        35             81              0        3.130000E-01   1.600000E-02         1.0000      Br081
        36             78              0        3.210000E-01   2.600000E-02         1.0000      Kr078
        36             80              0        2.670000E-01   1.400000E-02         1.0000      Kr080
        36             82              0        9.000000E-02   6.000000E-03         1.0000      Kr082
        36             83              0        2.430000E-01   1.500000E-02         1.0000      Kr083
        36             84              0        3.800000E-02   4.000000E-03         1.0000      Kr084
        36             86              0        3.400000E-03   3.000000E-04         1.0000      Kr086
        37             85              0        2.400000E-01   9.000001E-03         1.1110      Rb085
        37             87              0        1.550000E-02   5.000000E-04         0.9873      Rb087
        38             86              0        6.400000E-02   3.000000E-03         1.0000      Sr086
        38             87              0        9.200001E-02   4.000000E-03         1.0000      Sr087
        38             88              0        6.200000E-03   3.000000E-04         1.0114      Sr088
        39             89              0        1.900000E-02   6.000000E-04         1.0695      Y089
        40             90              0        2.100000E-02   2.000000E-03         1.0881      Zr090
        40             91              0        6.000000E-02   8.000000E-03         0.9677      Zr091
        40             92              0        3.300000E-02   4.000000E-03         1.0963      Zr092
        40             93              0        9.500001E-02   1.000000E-02         1.0000      Zr093
        40             94              0        2.600000E-02   1.000000E-03         1.0000      Zr094
        40             96              0        1.070000E-02   5.000000E-04         1.0000      Zr096
        41             93              0        2.660000E-01   5.000000E-03         1.0000      Nb093
        42             92              0        7.000000E-02   1.000000E-02         1.0000      Mo092
        42             94              0        1.020000E-01   2.000000E-02         1.0000      Mo094
        42             95              0        2.920000E-01   1.200000E-02         1.0000      Mo095
        42             96              0        1.120000E-01   8.000000E-03         1.0000      Mo096
        42             97              0        3.390000E-01   1.400000E-02         1.0000      Mo097
        42             98              0        9.900001E-02   7.000000E-03         1.0000      Mo098
        42             99              0        2.400000E-01   4.000000E-02         1.0000      Mo099
        42            100              0        1.080000E-01   1.400000E-02         1.0000      Mo100
        43             99              0        7.810000E-01   5.000000E-02         1.0000      Tc099
        44             96              0        2.380000E-01   6.000000E-02         1.2786      Ru096
        44            100              0        2.060000E-01   1.300000E-02         1.0000      Ru100
        44            101              0        9.960001E-01   4.000000E-02         1.0000      Ru101
        44            102              0        1.860000E-01   1.100000E-02         1.2318      Ru102
        44            104              0        1.610000E-01   1.000000E-02         1.0321      Ru104
        45            103              0        8.110000E-01   1.400000E-02         0.9377      Rh103
        46            104              0        2.890000E-01   2.900000E-02         1.0000      Pd104
        46            105              0        1.200000E+00   6.000000E-02         1.0000      Pd105
        46            106              0        2.520000E-01   2.500000E-02         1.0000      Pd106
        46            107              0        1.340000E+00   6.000000E-02         1.0000      Pd107
        46            108              0        2.030000E-01   2.000000E-02         1.0000      Pd108
        46            110              0        1.460000E-01   2.000000E-02         1.0000      Pd110
        47            107              0        7.920001E-01   3.000000E-02         1.0000      Ag107
        47            109              0        7.880000E-01   3.000000E-02         1.0000      Ag109
        48            106              0        3.020000E-01   2.400000E-02         0.6292      Cd106
        48            108              0        2.020000E-01   9.000001E-03         0.5050      Cd108
        48            110              0        2.460000E-01   1.000000E-02         0.9813      Cd110
        48            111              0        1.063000E+00   1.250000E-01         1.3297      Cd111
        48            112              0        2.350000E-01   3.000000E-02         1.1757      Cd112
        48            113              0        7.280000E-01   8.000001E-02         1.0323      Cd113
        48            114              0        1.270000E-01   5.000000E-03         0.9202      Cd114
        48            116              0        5.900000E-02   2.000000E-03         0.7392      Cd116
        49            113              0        7.870001E-01   7.000000E-02         1.0000      In113
        49            114              0        2.990000E-01   1.600000E-02         1.0000      In114
        49            115              0        7.060000E-01   7.000000E-02         1.0000      In115
        50            112              0        2.100000E-01   1.200000E-02         1.0000      Sn112
        50            114              0        1.344000E-01   1.800000E-03         0.9390      Sn114
        50            115              0        3.424000E-01   8.700000E-03         0.9102      Sn115
        50            116              0        9.140000E-02   9.000000E-04         0.9414      Sn116
        50            117              0        3.190000E-01   5.000000E-03         0.9466      Sn117
        50            118              0        6.210000E-02   6.000000E-04         0.9428      Sn118
        50            119              0        1.800000E-01   1.000000E-02         1.0000      Sn119
        50            120              0        3.600000E-02   5.000000E-04         0.9268      Sn120
        50            122              0        2.190000E-02   1.500000E-03         1.0000      Sn122
        50            124              0        1.200000E-02   1.800000E-03         1.0000      Sn124
        50            125              0        5.900000E-02   9.000001E-03         1.0000      Sn125
        50            126              0        1.000000E-02   4.000000E-03         1.0000      Sn126
        51            121              0        5.320000E-01   1.600000E-02         1.1090      Sb121
        51            123              0        3.030000E-01   9.000001E-03         1.0557      Sb123
        51            125              0        2.600000E-01   7.000000E-02         1.0000      Sb125
        52            122              0        2.950000E-01   3.000000E-03         0.8980      Te122
        52            123              0        8.320000E-01   8.000000E-03         0.9437      Te123
        52            124              0        1.550000E-01   2.000000E-03         0.9522      Te124
        52            125              0        4.310000E-01   4.000000E-03         0.9538      Te125
        52            126              0        8.130001E-02   1.400000E-03         0.9412      Te126
        52            128              0        4.440000E-02   1.300000E-03         1.0271      Te128
        52            130              0        1.470000E-02   2.800000E-03         1.0000      Te130
        53            127              0        6.350001E-01   3.000000E-02         1.0000      I127
        53            129              0        4.410000E-01   2.200000E-02         1.0000      I129
        54            124              0        6.440001E-01   8.300000E-02         1.1180      Xe124
        54            126              0        3.590000E-01   5.100000E-02         1.0632      Xe126
        54            132              0        6.460000E-02   5.300000E-03         1.1075      Xe132
        54            134              0        2.020000E-02   1.700000E-03         0.9810      Xe134
        54            136              0        9.100001E-04   8.000001E-05         0.9938      Xe136
        55            133              0        5.090000E-01   2.100000E-02         1.0000      Cs133
        55            135              0        1.980000E-01   1.700000E-02         1.2932      Cs135
        56            130              0        7.600001E-01   1.100000E-01         1.0418      Ba130
        56            134              0        1.760000E-01   5.600000E-03         0.9481      Ba134
        56            135              0        4.550000E-01   1.500000E-02         0.9311      Ba135
        56            136              0        6.120000E-02   2.000000E-03         0.9081      Ba136
        56            137              0        7.630001E-02   2.400000E-03         0.8464      Ba137
        56            138              0        4.000000E-03   2.000000E-04         1.0000      Ba138
        57            139              0        3.840000E-02   2.700000E-03         1.1852      La139
        58            136              0        3.000000E-01   2.100000E-02         0.9345      Ce136
        58            138              0        1.790000E-01   5.000000E-03         1.0796      Ce138
        58            140              0        1.100000E-02   4.000000E-04         1.0520      Ce140
        58            142              0        2.800000E-02   1.000000E-03         1.1002      Ce142
        59            141              0        1.114000E-01   1.400000E-03         0.9472      Pr141
        60            142              0        3.500000E-02   7.000000E-04         0.9790      Nd142
        60            143              0        2.450000E-01   3.000000E-03         0.9483      Nd143
        60            144              0        8.130001E-02   1.500000E-03         0.9420      Nd144
        60            145              0        4.250000E-01   5.000000E-03         0.9416      Nd145
        60            146              0        9.120000E-02   1.000000E-03         0.9396      Nd146
        60            148              0        1.470000E-01   2.000000E-03         0.9600      Nd148
        60            150              0        1.590000E-01   1.000000E-02         0.9415      Nd150
        62            144              0        9.200001E-02   6.000000E-03         1.0000      Sm144
        62            147              0        9.730000E-01   1.000000E-02         1.0000      Sm147
        62            148              0        2.410000E-01   2.000000E-03         1.0000      Sm148
        62            149              0        1.820000E+00   1.700000E-02         0.9418      Sm149
        62            150              0        4.220000E-01   4.000000E-03         0.9445      Sm150
        62            152              0        4.730000E-01   4.000000E-03         0.9528      Sm152
        62            154              0        2.060000E-01   1.200000E-02         0.7384      Sm154
        63            151              0        3.775000E+00   1.500000E-01         1.0854      Eu151
        63            153              0        2.780000E+00   1.000000E-01         1.0876      Eu153
        63            154              0        4.420000E+00   6.700000E-01         1.0000      Eu154
        63            155              0        1.320000E+00   8.400001E-02         1.0000      Eu155
        64            152              0        1.049000E+00   1.700000E-02         0.9509      Gd152
        64            154              0        1.028000E+00   1.200000E-02         0.9449      Gd154
        64            155              0        2.648000E+00   3.000000E-02         0.9437      Gd155
        64            156              0        6.150000E-01   5.000000E-03         0.9426      Gd156
        64            157              0        1.369000E+00   1.500000E-02         0.9458      Gd157
        64            158              0        3.240000E-01   3.000000E-03         0.9385      Gd158
        64            160              0        1.540000E-01   2.000000E-02         1.0000      Gd160
        65            159              0        1.580000E+00   1.500000E-01         1.0000      Tb159
        66            156              0        1.567000E+00   1.450000E-01         1.0144      Dy156
        66            160              0        8.900000E-01   1.200000E-02         0.9387      Dy160
        66            161              0        1.964000E+00   1.900000E-02         0.9391      Dy161
        66            162              0        4.460000E-01   4.000000E-03         0.9406      Dy162
        66            163              0        1.112000E+00   1.100000E-02         0.9398      Dy163
        66            164              0        2.120000E-01   3.000000E-03         0.9401      Dy164
        67            163              0        2.125000E+00   9.500001E-02         1.0000      Ho163
        67            165              0        1.280000E+00   1.000000E-01         1.0000      Ho165
        68            162              0        1.624000E+00   1.240000E-01         1.0000      Er162
        68            164              0        1.084000E+00   5.100000E-02         1.0000      Er164
        68            166              0        5.630000E-01   5.600000E-02         1.0000      Er166
        68            167              0        1.425000E+00   1.430000E-01         1.0000      Er167
        68            168              0        3.380000E-01   4.400000E-02         1.0000      Er168
        68            170              0        1.700000E-01   7.000000E-03         1.1660      Er170
        69            169              0        1.129000E+00   5.600000E-02         1.0000      Tm169
        70            170              0        7.680000E-01   7.000000E-03         0.9417      Yb170
        70            171              0        1.210000E+00   1.200000E-02         0.9426      Yb171
        70            172              0        3.410000E-01   3.000000E-03         0.9381      Yb172
        70            173              0        7.540000E-01   7.000000E-03         0.9433      Yb173
        70            174              0        1.510000E-01   2.000000E-03         0.9455      Yb174
        70            176              0        1.160000E-01   2.000000E-03         0.9417      Yb176
        71            175              0        1.146000E+00   4.400000E-02         0.8848      Lu175
        71            176              0        1.532000E+00   6.900001E-02         0.8801      Lu176
        72            176              0        4.550000E-01   2.000000E-02         0.6896      Hf176
        72            177              0        1.500000E+00   1.000000E-01         0.9115      Hf177
        72            178              0        3.140000E-01   1.000000E-02         0.9322      Hf178
        72            179              0        9.560000E-01   5.000000E-02         0.9706      Hf179
        72            180              0        1.790000E-01   5.000000E-03         1.0811      Hf180
        73            181              0        7.660000E-01   1.500000E-02         0.9360      Ta181
        74            180              0        5.360000E-01   6.000000E-02         0.8040      W180
        74            182              0        2.740000E-01   8.000000E-03         1.0000      W182
        74            183              0        5.150000E-01   1.500000E-02         1.0000      W183
        74            184              0        2.240000E-01   1.000000E-02         1.0045      W184
        74            186              0        1.760000E-01   5.000000E-03         0.9951      W186
        75            185              0        1.535000E+00   6.200000E-02         1.0000      Re185
        75            187              0        1.160000E+00   5.700000E-02         1.0190      Re187
        76            186              0        4.220000E-01   1.600000E-02         1.0293      Os186
        76            187              0        8.960000E-01   3.000000E-02         0.9275      Os187
        76            188              0        3.990000E-01   1.500000E-02         1.3618      Os188
        76            189              0        1.168000E+00   4.700000E-02         1.0000      Os189
        76            190              0        2.950000E-01   4.500000E-02         1.1171      Os190
        76            192              0        3.110000E-01   4.500000E-02         2.0535      Os192
        77            191              0        1.350000E+00   4.300000E-02         1.0978      Ir191
        77            193              0        9.940000E-01   7.000000E-02         1.1053      Ir193
        78            190              0        6.770000E-01   1.830000E-01         1.2520      Pt190
        78            192              0        5.900000E-01   1.200000E-01         1.0000      Pt192
        78            196              0        1.970000E-01   2.300000E-02         1.0765      Pt196
        78            198              0        8.200000E-02   1.200000E-02         0.9722      Pt198
        79            197              0        5.820000E-01   9.000001E-03         0.9488      Au197
        80            198              0        1.730000E-01   1.500000E-02         1.0000      Hg198
        80            199              0        3.740000E-01   2.300000E-02         1.0000      Hg199
        80            200              0        1.150000E-01   1.200000E-02         1.0000      Hg200
        80            201              0        2.640000E-01   1.400000E-02         1.0000      Hg201
        80            202              0        7.400000E-02   6.000000E-03         1.1709      Hg202
        80            204              0        4.200000E-02   4.000000E-03         1.0000      Hg204
        81            203              0        1.240000E-01   8.000000E-03         1.0000      Tl203
        81            205              0        5.400000E-02   4.000000E-03         1.0000      Tl205
        82            204              0        8.950000E-02   5.500000E-03         1.1049      Pb204
        82            206              0        1.580000E-02   8.000000E-04         1.0897      Pb206
        82            207              0        9.700000E-03   1.300000E-03         0.9798      Pb207
        82            208              0        3.600000E-04   4.000000E-05         1.0000      Pb208
        83            209              0        2.700000E-03   4.800000E-04         1.0547      Bi209
        84            210              0        3.300000E-03   3.000000E-03         1.0000      Po210
