# header:
#   title: (n,g) MACS for cendl3.2
#   source: Resonancetables
#   date: 2025-05-27
# reaction:
#   type: (n,g)
# quantity:
#   type: MACS
# datablock:
#   columns: 7
#   entries: 175
##       Z              A            Liso           Value         dValue          Ratio         Nuclide
##      []             []             []             [b]            [b]            []             []
         1              1              0        2.442800E-04   0.000000E+00   9.617323E-01      H001                                                                                                    
         1              2              0        1.683300E-06   0.000000E+00   5.610999E-01      H002                                                                                                    
         2              3              0        1.451300E-05   0.000000E+00   1.909605E+00      He003                                                                                                   
         3              7              0        4.978500E-05   0.000000E+00   1.185357E+00      Li007                                                                                                   
         4              9              0        1.128400E-04   0.000000E+00   1.242815E+01      Be009                                                                                                   
         6             12              0        1.395300E-06   0.000000E+00   9.060390E-02      C012                                                                                                    
         7             14              0        6.916100E-05   0.000000E+00   1.686853E+00      N014                                                                                                    
         8             16              0        1.746000E-07   0.000000E+00   4.594737E-03      O016                                                                                                    
         9             19              0        4.536000E-03   0.000000E+00   1.417500E+00      F019                                                                                                    
        11             23              0        1.802100E-03   0.000000E+00   1.186726E+00      Na023                                                                                                   
        12             24              0        3.734000E-03   0.000000E+00   1.131515E+00      Mg024                                                                                                   
        12             25              0        5.282400E-03   0.000000E+00   8.253750E-01      Mg025                                                                                                   
        12             26              0        8.074500E-05   0.000000E+00   6.408333E-01      Mg026                                                                                                   
        13             27              0        3.367900E-03   0.000000E+00   9.005080E-01      Al027                                                                                                   
        14             28              0        3.588700E-03   0.000000E+00   2.527254E+00      Si028                                                                                                   
        14             29              0        8.032300E-03   0.000000E+00   1.220714E+00      Si029                                                                                                   
        14             30              0        4.696300E-03   0.000000E+00   2.580384E+00      Si030                                                                                                   
        15             31              0        6.206000E-03   0.000000E+00   3.566667E+00      P031                                                                                                    
        16             32              0        5.682100E-03   0.000000E+00   1.385878E+00      S032                                                                                                    
        16             33              0        2.334600E-03   0.000000E+00   3.154865E-01      S033                                                                                                    
        16             34              0        2.224900E-04   0.000000E+00   9.844690E-01      S034                                                                                                    
        16             36              0        1.839000E-04   0.000000E+00   1.075439E+00      S036                                                                                                    
        20             40              0        5.221600E-03   0.000000E+00   1.012217E+00      Ca040                                                                                                   
        22             46              0        2.048000E-02   0.000000E+00   7.641791E-01      Ti046                                                                                                   
        22             47              0        4.639400E-02   0.000000E+00   7.204037E-01      Ti047                                                                                                   
        22             48              0        2.702100E-02   0.000000E+00   8.497170E-01      Ti048                                                                                                   
        22             49              0        1.177300E-02   0.000000E+00   5.327148E-01      Ti049                                                                                                   
        22             50              0        3.096000E-03   0.000000E+00   8.600000E-01      Ti050                                                                                                   
        24             50              0        3.835400E-02   0.000000E+00   7.827346E-01      Cr050                                                                                                   
        24             52              0        8.722400E-03   0.000000E+00   9.911817E-01      Cr052                                                                                                   
        24             53              0        3.186500E-02   0.000000E+00   5.493966E-01      Cr053                                                                                                   
        24             54              0        3.744100E-03   0.000000E+00   5.588208E-01      Cr054                                                                                                   
        25             55              0        3.140900E-02   0.000000E+00   7.931566E-01      Mn055                                                                                                   
        26             54              0        4.065500E-02   0.000000E+00   1.373480E+00      Fe054                                                                                                   
        26             56              0        1.426300E-02   0.000000E+00   1.219060E+00      Fe056                                                                                                   
        26             57              0        3.068100E-02   0.000000E+00   7.670249E-01      Fe057                                                                                                   
        26             58              0        2.886500E-02   0.000000E+00   2.294800E+00      Fe058                                                                                                   
        27             59              0        2.837900E-02   0.000000E+00   7.986004E-01      Co059                                                                                                   
        28             58              0        3.411200E-02   0.000000E+00   8.814470E-01      Ni058                                                                                                   
        28             60              0        2.853400E-02   0.000000E+00   9.543144E-01      Ni060                                                                                                   
        28             61              0        7.296300E-02   0.000000E+00   8.897926E-01      Ni061                                                                                                   
        28             62              0        5.182400E-02   0.000000E+00   2.323946E+00      Ni062                                                                                                   
        28             64              0        2.213200E-02   0.000000E+00   3.113711E+00      Ni064                                                                                                   
        29             63              0        7.299700E-02   0.000000E+00   1.310538E+00      Cu063                                                                                                   
        29             65              0        3.918400E-02   0.000000E+00   1.453292E+00      Cu065                                                                                                   
        30             64              0        6.157300E-02   0.000000E+00   1.259499E+00      Zn064                                                                                                   
        30             66              0        3.668300E-02   0.000000E+00   1.048086E+00      Zn066                                                                                                   
        30             67              0        1.131500E-01   0.000000E+00   7.395424E-01      Zn067                                                                                                   
        30             68              0        2.069000E-02   0.000000E+00   1.077604E+00      Zn068                                                                                                   
        30             70              0        1.182000E-02   0.000000E+00   1.265697E+00      Zn070                                                                                                   
        31             69              0        1.224500E-01   0.000000E+00   8.809352E-01      Ga069                                                                                                   
        31             71              0        1.273900E-01   0.000000E+00   1.035691E+00      Ga071                                                                                                   
        32             70              0        5.327400E-02   0.000000E+00   6.053863E-01      Ge070                                                                                                   
        32             74              0        1.347600E-02   0.000000E+00   3.757892E-01      Ge074                                                                                                   
        32             76              0        8.806300E-03   0.000000E+00   4.095953E-01      Ge076                                                                                                   
        33             75              0        4.533600E-01   0.000000E+00   1.332240E+00      As075                                                                                                   
        34             74              0        2.137100E-01   0.000000E+00   7.885977E-01      Se074                                                                                                   
        34             76              0        9.889400E-02   0.000000E+00   6.030122E-01      Se076                                                                                                   
        34             78              0        9.102600E-02   0.000000E+00   1.615173E+00      Se078                                                                                                   
        36             83              0        2.691000E-01   0.000000E+00   1.107407E+00      Kr083                                                                                                   
        36             84              0        2.537900E-02   0.000000E+00   6.678684E-01      Kr084                                                                                                   
        36             86              0        5.128600E-03   0.000000E+00   1.508412E+00      Kr086                                                                                                   
        37             85              0        2.844800E-01   0.000000E+00   1.316946E+00      Rb085                                                                                                   
        37             87              0        2.349800E-02   0.000000E+00   1.496688E+00      Rb087                                                                                                   
        38             88              0        5.257000E-03   0.000000E+00   8.575856E-01      Sr088                                                                                                   
        38             89              0        1.457900E-02   0.000000E+00   7.673157E-01      Sr089                                                                                                   
        39             89              0        2.456600E-02   0.000000E+00   1.382785E+00      Y089                                                                                                    
        40             90              0        2.088000E-02   0.000000E+00   1.081865E+00      Zr090                                                                                                   
        40             91              0        6.741100E-02   0.000000E+00   1.087274E+00      Zr091                                                                                                   
        40             92              0        4.581500E-02   0.000000E+00   1.522093E+00      Zr092                                                                                                   
        40             93              0        1.001200E-01   0.000000E+00   1.053895E+00      Zr093                                                                                                   
        40             94              0        2.992100E-02   0.000000E+00   1.150808E+00      Zr094                                                                                                   
        40             96              0        1.230500E-02   0.000000E+00   1.150000E+00      Zr096                                                                                                   
        41             93              0        2.671500E-01   0.000000E+00   1.004323E+00      Nb093                                                                                                   
        42             92              0        6.697500E-02   0.000000E+00   9.567857E-01      Mo092                                                                                                   
        42             94              0        1.103700E-01   0.000000E+00   1.082059E+00      Mo094                                                                                                   
        42             95              0        3.891700E-01   0.000000E+00   1.332774E+00      Mo095                                                                                                   
        42             96              0        1.044600E-01   0.000000E+00   9.326786E-01      Mo096                                                                                                   
        42             97              0        3.910900E-01   0.000000E+00   1.153658E+00      Mo097                                                                                                   
        42             98              0        9.501000E-02   0.000000E+00   9.596969E-01      Mo098                                                                                                   
        42            100              0        8.689100E-02   0.000000E+00   8.045463E-01      Mo100                                                                                                   
        43             99              0        7.831100E-01   0.000000E+00   1.002702E+00      Tc099                                                                                                   
        44            100              0        2.061800E-01   0.000000E+00   1.000874E+00      Ru100                                                                                                   
        44            101              0        9.509500E-01   0.000000E+00   9.547691E-01      Ru101                                                                                                   
        44            102              0        1.913700E-01   0.000000E+00   1.267351E+00      Ru102                                                                                                   
        44            104              0        1.664800E-01   0.000000E+00   1.067179E+00      Ru104                                                                                                   
        45            103              0        8.804500E-01   0.000000E+00   1.017995E+00      Rh103                                                                                                   
        46            105              0        1.203100E+00   0.000000E+00   1.002583E+00      Pd105                                                                                                   
        46            108              0        1.982300E-01   0.000000E+00   9.765024E-01      Pd108                                                                                                   
        47            107              0        8.364900E-01   0.000000E+00   1.056174E+00      Ag107                                                                                                   
        47            109              0        8.516600E-01   0.000000E+00   1.080787E+00      Ag109                                                                                                   
        48            113              0        6.283800E-01   0.000000E+00   8.910376E-01      Cd113                                                                                                   
        49            113              0        9.246500E-01   0.000000E+00   1.174905E+00      In113                                                                                                   
        49            115              0        7.756600E-01   0.000000E+00   1.098668E+00      In115                                                                                                   
        50            112              0        1.967500E-01   0.000000E+00   9.369047E-01      Sn112                                                                                                   
        50            114              0        1.520200E-01   0.000000E+00   1.062056E+00      Sn114                                                                                                   
        50            115              0        3.917900E-01   0.000000E+00   1.041500E+00      Sn115                                                                                                   
        50            116              0        1.051900E-01   0.000000E+00   1.083391E+00      Sn116                                                                                                   
        50            117              0        3.103900E-01   0.000000E+00   9.210183E-01      Sn117                                                                                                   
        50            118              0        6.683800E-02   0.000000E+00   1.014761E+00      Sn118                                                                                                   
        50            119              0        2.246800E-01   0.000000E+00   1.248222E+00      Sn119                                                                                                   
        50            120              0        4.152200E-02   0.000000E+00   1.068904E+00      Sn120                                                                                                   
        50            122              0        2.398900E-02   0.000000E+00   1.095388E+00      Sn122                                                                                                   
        50            124              0        1.509400E-02   0.000000E+00   1.257833E+00      Sn124                                                                                                   
        51            121              0        5.294400E-01   0.000000E+00   1.103706E+00      Sb121                                                                                                   
        51            123              0        3.278700E-01   0.000000E+00   1.142313E+00      Sb123                                                                                                   
        52            130              0        1.432900E-02   0.000000E+00   9.747619E-01      Te130                                                                                                   
        53            127              0        6.719000E-01   0.000000E+00   1.058110E+00      I127                                                                                                    
        53            129              0        4.405300E-01   0.000000E+00   9.989342E-01      I129                                                                                                    
        54            124              0        1.153000E+00   0.000000E+00   2.001602E+00      Xe124                                                                                                   
        54            129              0        5.939200E-01   0.000000E+00   8.997255E-01      Xe129                                                                                                   
        54            132              0        5.769400E-02   0.000000E+00   9.891197E-01      Xe132                                                                                                   
        54            134              0        2.261200E-02   0.000000E+00   1.098113E+00      Xe134                                                                                                   
        54            136              0        1.188100E-03   0.000000E+00   1.297498E+00      Xe136                                                                                                   
        55            133              0        5.151800E-01   0.000000E+00   1.012141E+00      Cs133                                                                                                   
        55            135              0        2.032400E-01   0.000000E+00   1.327472E+00      Cs135                                                                                                   
        56            130              0        7.389000E-01   0.000000E+00   1.012922E+00      Ba130                                                                                                   
        56            132              0        4.834400E-01   0.000000E+00   1.266312E+00      Ba132                                                                                                   
        56            134              0        2.373700E-01   0.000000E+00   1.278635E+00      Ba134                                                                                                   
        56            135              0        5.011100E-01   0.000000E+00   1.025455E+00      Ba135                                                                                                   
        56            136              0        6.776800E-02   0.000000E+00   1.005605E+00      Ba136                                                                                                   
        56            137              0        6.420800E-02   0.000000E+00   7.122903E-01      Ba137                                                                                                   
        56            138              0        7.086000E-03   0.000000E+00   1.771500E+00      Ba138                                                                                                   
        57            139              0        3.640900E-02   0.000000E+00   1.123734E+00      La139                                                                                                   
        58            136              0        3.391600E-01   0.000000E+00   1.056497E+00      Ce136                                                                                                   
        58            138              0        4.710800E-02   0.000000E+00   2.841145E-01      Ce138                                                                                                   
        58            140              0        1.001700E-02   0.000000E+00   9.579769E-01      Ce140                                                                                                   
        58            142              0        1.988100E-02   0.000000E+00   7.812067E-01      Ce142                                                                                                   
        59            141              0        1.134300E-01   0.000000E+00   9.644653E-01      Pr141                                                                                                   
        60            142              0        5.495600E-02   0.000000E+00   1.537235E+00      Nd142                                                                                                   
        60            143              0        2.785600E-01   0.000000E+00   1.078243E+00      Nd143                                                                                                   
        60            144              0        7.343400E-02   0.000000E+00   8.508494E-01      Nd144                                                                                                   
        60            145              0        5.067300E-01   0.000000E+00   1.122672E+00      Nd145                                                                                                   
        60            146              0        1.288600E-01   0.000000E+00   1.327548E+00      Nd146                                                                                                   
        60            148              0        1.685600E-01   0.000000E+00   1.100744E+00      Nd148                                                                                                   
        60            150              0        1.764000E-01   0.000000E+00   1.044516E+00      Nd150                                                                                                   
        61            147              0        1.049100E+00   0.000000E+00   1.479690E+00      Pm147                                                                                                   
        62            144              0        8.831700E-02   0.000000E+00   9.599673E-01      Sm144                                                                                                   
        62            147              0        1.027900E+00   0.000000E+00   1.056423E+00      Sm147                                                                                                   
        62            148              0        2.508400E-01   0.000000E+00   2.397201E-01      Sm148                                                                                                   
        62            149              0        1.830300E+00   0.000000E+00   9.471347E-01      Sm149                                                                                                   
        62            150              0        4.175300E-01   0.000000E+00   9.345227E-01      Sm150                                                                                                   
        62            151              0        2.006600E+00   0.000000E+00   6.208781E-01      Sm151                                                                                                   
        62            152              0        4.722000E-01   0.000000E+00   9.512168E-01      Sm152                                                                                                   
        62            154              0        2.544600E-01   0.000000E+00   1.367694E+00      Sm154                                                                                                   
        63            151              0        3.581800E+00   0.000000E+00   1.029845E+00      Eu151                                                                                                   
        63            153              0        2.556400E+00   0.000000E+00   1.000156E+00      Eu153                                                                                                   
        63            155              0        1.138200E+00   0.000000E+00   8.622727E-01      Eu155                                                                                                   
        64            152              0        1.008600E+00   0.000000E+00   9.142776E-01      Gd152                                                                                                   
        64            154              0        8.638600E-01   0.000000E+00   7.940393E-01      Gd154                                                                                                   
        64            155              0        2.845900E+00   0.000000E+00   1.014248E+00      Gd155                                                                                                   
        64            156              0        6.058000E-01   0.000000E+00   9.285015E-01      Gd156                                                                                                   
        64            157              0        1.275700E+00   0.000000E+00   8.813850E-01      Gd157                                                                                                   
        64            158              0        3.080100E-01   0.000000E+00   8.922222E-01      Gd158                                                                                                   
        64            160              0        1.654800E-01   0.000000E+00   1.074545E+00      Gd160                                                                                                   
        66            164              0        2.044000E-01   0.000000E+00   9.064156E-01      Dy164                                                                                                   
        67            165              0        1.332600E+00   0.000000E+00   1.041094E+00      Ho165                                                                                                   
        72            174              0        6.787900E-01   0.000000E+00   7.212520E-01      Hf174                                                                                                   
        72            176              0        4.590500E-01   0.000000E+00   6.957730E-01      Hf176                                                                                                   
        72            177              0        1.385400E+00   0.000000E+00   8.418548E-01      Hf177                                                                                                   
        72            178              0        3.064000E-01   0.000000E+00   9.095915E-01      Hf178                                                                                                   
        72            179              0        9.819700E-01   0.000000E+00   9.970002E-01      Hf179                                                                                                   
        72            180              0        1.751700E-01   0.000000E+00   1.057987E+00      Hf180                                                                                                   
        73            181              0        7.549500E-01   0.000000E+00   9.224529E-01      Ta181                                                                                                   
        74            180              0        5.759200E-01   0.000000E+00   8.638456E-01      W180                                                                                                    
        74            182              0        2.810100E-01   0.000000E+00   1.025584E+00      W182                                                                                                    
        74            183              0        5.865000E-01   0.000000E+00   1.138835E+00      W183                                                                                                    
        74            184              0        2.423400E-01   0.000000E+00   1.086726E+00      W184                                                                                                    
        74            186              0        1.946400E-01   0.000000E+00   1.100523E+00      W186                                                                                                    
        79            197              0        6.128000E-01   0.000000E+00   9.990541E-01      Au197                                                                                                   
        82            204              0        7.433400E-02   0.000000E+00   9.177037E-01      Pb204                                                                                                   
        82            206              0        1.360200E-02   0.000000E+00   9.380689E-01      Pb206                                                                                                   
        82            207              0        8.276200E-03   0.000000E+00   8.359798E-01      Pb207                                                                                                   
        82            208              0        6.524200E-04   0.000000E+00   1.812278E+00      Pb208                                                                                                   
        83            209              0        3.143800E-03   0.000000E+00   1.228047E+00      Bi209                                                                                                   
