# header: 
#   title: (n,g) MACS for endfb8.1
#   source: Resonancetables
#   date: 2025-09-14
# reaction: 
#   type: (n,g)
# quantity: 
#   type: MACS
# datablock: 
#   columns: 7
#   entries: 285
##       Z              A            Liso           Value         dValue          Ratio         Nuclide
##      []             []             []             [b]            [b]            []             [%]
         1              1              0        2.442800E-04   0.000000E+00         0.9617      H001
         1              2              0        1.684900E-06   0.000000E+00         0.5616      H002
         2              3              0        1.837100E-05   0.000000E+00         2.4172      He003
         3              7              0        4.979700E-05   0.000000E+00         1.1856      Li007
         4              9              0        1.101800E-05   0.000000E+00         1.2135      Be009
         6             12              0        1.527700E-05   0.000000E+00         0.9920      C012
         6             13              0        1.483500E-05   0.000000E+00         0.5275      C013
         7             14              0        6.916100E-05   0.000000E+00         1.6869      N014
         7             15              0        8.938200E-06   0.000000E+00         1.5411      N015
         8             16              0        3.515200E-05   0.000000E+00         0.9251      O016
         8             18              0        2.747500E-06   0.000000E+00         0.3087      O018
         9             19              0        5.912400E-03   0.000000E+00         1.8476      F019
        10             20              0        1.072100E-04   0.000000E+00         0.9009      Ne020
        10             21              0        2.386600E-03   0.000000E+00         1.5911      Ne021
        10             22              0        8.887200E-05   0.000000E+00         1.5323      Ne022
        11             23              0        1.885100E-03   0.000000E+00         1.2414      Na023
        12             24              0        3.734000E-03   0.000000E+00         1.1315      Mg024
        12             25              0        5.281000E-03   0.000000E+00         0.8252      Mg025
        12             26              0        8.074500E-05   0.000000E+00         0.6408      Mg026
        13             27              0        3.367900E-03   0.000000E+00         0.9005      Al027
        14             28              0        1.314800E-03   0.000000E+00         0.9259      Si028
        14             29              0        6.828400E-03   0.000000E+00         1.0378      Si029
        14             30              0        1.463700E-03   0.000000E+00         0.8042      Si030
        15             31              0        7.278700E-03   0.000000E+00         4.1832      P031
        16             32              0        5.682100E-03   0.000000E+00         1.3859      S032
        16             33              0        2.335200E-03   0.000000E+00         0.3156      S033
        16             34              0        2.224900E-04   0.000000E+00         0.9845      S034
        16             36              0        6.397100E-04   0.000000E+00         3.7410      S036
        17             35              0        7.729200E-03   0.000000E+00         0.7968      Cl035
        17             37              0        2.078700E-03   0.000000E+00         0.9805      Cl037
        18             36              0        8.901700E-03   0.000000E+00         5.8404      Ar036
        18             38              0        1.304800E-04   0.000000E+00         0.1398      Ar038
        18             40              0        2.233300E-03   0.000000E+00         0.8758      Ar040
        19             39              0        1.073300E-02   0.000000E+00         0.9096      K039
        19             41              0        2.060200E-02   0.000000E+00         0.9365      K041
        20             40              0        1.015700E-02   0.000000E+00         1.9690      Ca040
        20             42              0        1.259700E-02   0.000000E+00         0.8075      Ca042
        20             43              0        3.592300E-02   0.000000E+00         0.7044      Ca043
        20             44              0        7.843000E-03   0.000000E+00         0.8344      Ca044
        20             46              0        1.875200E-03   0.000000E+00         0.3538      Ca046
        20             48              0        1.108300E-04   0.000000E+00         0.1274      Ca048
        21             45              0        6.929700E-02   0.000000E+00         1.2532      Sc045
        22             46              0        2.559300E-02   0.000000E+00         0.9550      Ti046
        22             47              0        4.927400E-02   0.000000E+00         0.7651      Ti047
        22             48              0        2.702000E-02   0.000000E+00         0.8497      Ti048
        22             49              0        1.610600E-02   0.000000E+00         0.7288      Ti049
        22             50              0        3.035500E-03   0.000000E+00         0.8432      Ti050
        23             51              0        2.663700E-02   0.000000E+00         0.7010      V051
        24             50              0        4.579200E-02   0.000000E+00         0.9345      Cr050
        24             52              0        9.023100E-03   0.000000E+00         1.0254      Cr052
        24             53              0        5.272800E-02   0.000000E+00         0.9091      Cr053
        24             54              0        4.784100E-03   0.000000E+00         0.7140      Cr054
        25             55              0        3.328900E-02   0.000000E+00         0.8406      Mn055
        26             54              0        3.008200E-02   0.000000E+00         1.0163      Fe054
        26             56              0        1.264700E-02   0.000000E+00         1.0809      Fe056
        26             57              0        3.652500E-02   0.000000E+00         0.9131      Fe057
        26             58              0        1.518200E-02   0.000000E+00         1.2070      Fe058
        27             59              0        3.465100E-02   0.000000E+00         0.9751      Co059
        28             58              0        3.411200E-02   0.000000E+00         0.8814      Ni058
        28             60              0        2.705800E-02   0.000000E+00         0.9049      Ni060
        28             61              0        9.438100E-02   0.000000E+00         1.1510      Ni061
        28             62              0        2.423600E-02   0.000000E+00         1.0868      Ni062
        28             64              0        2.043300E-02   0.000000E+00         2.8747      Ni064
        29             63              0        7.328800E-02   0.000000E+00         0.7797      Cu063
        29             65              0        3.509700E-02   0.000000E+00         0.8560      Cu065
        30             64              0        6.157200E-02   0.000000E+00         1.2595      Zn064
        30             66              0        3.672700E-02   0.000000E+00         1.0493      Zn066
        30             67              0        1.168300E-01   0.000000E+00         0.7636      Zn067
        30             68              0        2.088400E-02   0.000000E+00         1.0877      Zn068
        30             70              0        1.183000E-02   0.000000E+00         1.2668      Zn070
        31             69              0        1.193800E-01   0.000000E+00         0.8588      Ga069
        31             71              0        1.233700E-01   0.000000E+00         1.0030      Ga071
        32             70              0        8.976700E-02   0.000000E+00         1.0201      Ge070
        32             74              0        4.576000E-02   0.000000E+00         1.2761      Ge074
        32             76              0        1.702200E-02   0.000000E+00         0.7917      Ge076
        33             75              0        4.535600E-01   0.000000E+00         1.3328      As075
        34             74              0        2.098900E-01   0.000000E+00         0.7745      Se074
        34             76              0        9.646000E-02   0.000000E+00         0.5882      Se076
        34             78              0        6.838800E-02   0.000000E+00         1.2135      Se078
        34             80              0        3.964800E-02   0.000000E+00         0.9440      Se080
        35             79              0        6.908100E-01   0.000000E+00         1.1635      Br079
        35             81              0        2.301200E-01   0.000000E+00         0.7352      Br081
        36             78              0        3.211800E-01   0.000000E+00         1.0006      Kr078
        36             80              0        2.963000E-01   0.000000E+00         1.1097      Kr080
        36             82              0        1.034200E-01   0.000000E+00         1.1491      Kr082
        36             83              0        2.691200E-01   0.000000E+00         1.1075      Kr083
        36             84              0        3.651800E-02   0.000000E+00         0.9610      Kr084
        36             86              0        5.106700E-03   0.000000E+00         1.5020      Kr086
        37             85              0        2.460400E-01   0.000000E+00         1.1390      Rb085
        37             87              0        2.338600E-02   0.000000E+00         1.4896      Rb087
        38             84              0        3.205400E-01   0.000000E+00         1.1332      Sr084
        38             86              0        6.175500E-02   0.000000E+00         0.9649      Sr086
        38             87              0        8.113200E-02   0.000000E+00         0.8819      Sr087
        38             89              0        1.457900E-02   0.000000E+00         0.7673      Sr089
        39             89              0        2.149300E-02   0.000000E+00         1.2098      Y089
        40             90              0        1.880500E-02   0.000000E+00         0.9744      Zr090
        40             91              0        6.656700E-02   0.000000E+00         1.0737      Zr091
        40             92              0        4.162500E-02   0.000000E+00         1.3829      Zr092
        40             93              0        1.015800E-01   0.000000E+00         1.0693      Zr093
        40             94              0        2.786600E-02   0.000000E+00         1.0718      Zr094
        40             96              0        9.162800E-03   0.000000E+00         0.8563      Zr096
        41             93              0        2.704200E-01   0.000000E+00         1.0166      Nb093
        42             92              0        6.955100E-02   0.000000E+00         0.9936      Mo092
        42             94              0        1.103200E-01   0.000000E+00         1.0816      Mo094
        42             95              0        3.779500E-01   0.000000E+00         1.2943      Mo095
        42             96              0        1.041800E-01   0.000000E+00         0.9302      Mo096
        42             97              0        3.475800E-01   0.000000E+00         1.0253      Mo097
        42             98              0        9.554900E-02   0.000000E+00         0.9651      Mo098
        42             99              0        4.824300E-01   0.000000E+00         2.0101      Mo099
        42            100              0        8.665200E-02   0.000000E+00         0.8023      Mo100
        43             99              0        9.290700E-01   0.000000E+00         1.1896      Tc099
        44             96              0        2.668100E-01   0.000000E+00         1.4334      Ru096
        44            100              0        2.046700E-01   0.000000E+00         0.9935      Ru100
        44            101              0        9.765600E-01   0.000000E+00         0.9805      Ru101
        44            102              0        1.913700E-01   0.000000E+00         1.2674      Ru102
        44            104              0        1.664800E-01   0.000000E+00         1.0672      Ru104
        45            103              0        8.181700E-01   0.000000E+00         0.9460      Rh103
        46            102              0        3.689800E-01   0.000000E+00         1.0257      Pd102
        46            104              0        2.823300E-01   0.000000E+00         0.9769      Pd104
        46            105              0        1.189800E+00   0.000000E+00         0.9915      Pd105
        46            106              0        2.380100E-01   0.000000E+00         0.9445      Pd106
        46            107              0        1.301500E+00   0.000000E+00         0.9713      Pd107
        46            108              0        2.099400E-01   0.000000E+00         1.0342      Pd108
        46            110              0        1.573200E-01   0.000000E+00         1.0775      Pd110
        47            107              0        8.324600E-01   0.000000E+00         1.0511      Ag107
        47            109              0        8.008000E-01   0.000000E+00         1.0162      Ag109
        48            106              0        4.994000E-01   0.000000E+00         1.0404      Cd106
        48            108              0        4.018700E-01   0.000000E+00         1.0047      Cd108
        48            110              0        2.360500E-01   0.000000E+00         0.9416      Cd110
        48            111              0        9.277500E-01   0.000000E+00         1.1605      Cd111
        48            112              0        2.188400E-01   0.000000E+00         1.0948      Cd112
        48            113              0        6.849600E-01   0.000000E+00         0.9713      Cd113
        48            114              0        1.505000E-01   0.000000E+00         1.0905      Cd114
        48            116              0        9.120200E-02   0.000000E+00         1.1427      Cd116
        49            113              0        7.891900E-01   0.000000E+00         1.0028      In113
        49            115              0        7.549100E-01   0.000000E+00         1.0693      In115
        50            112              0        1.964800E-01   0.000000E+00         0.9356      Sn112
        50            114              0        1.538900E-01   0.000000E+00         1.0751      Sn114
        50            115              0        3.593000E-01   0.000000E+00         0.9551      Sn115
        50            116              0        1.006600E-01   0.000000E+00         1.0367      Sn116
        50            117              0        3.104700E-01   0.000000E+00         0.9213      Sn117
        50            118              0        6.559000E-02   0.000000E+00         0.9958      Sn118
        50            119              0        1.991500E-01   0.000000E+00         1.1064      Sn119
        50            120              0        3.804300E-02   0.000000E+00         0.9793      Sn120
        50            122              0        1.518300E-02   0.000000E+00         0.6933      Sn122
        50            124              0        1.159200E-02   0.000000E+00         0.9660      Sn124
        50            125              0        9.847400E-02   0.000000E+00         1.6691      Sn125
        50            126              0        1.085000E-02   0.000000E+00         1.0850      Sn126
        51            121              0        5.133100E-01   0.000000E+00         1.0701      Sb121
        51            123              0        3.223400E-01   0.000000E+00         1.1230      Sb123
        51            125              0        5.278300E-01   0.000000E+00         2.0301      Sb125
        52            120              0        2.923100E-01   0.000000E+00         0.6665      Te120
        52            122              0        2.875300E-01   0.000000E+00         0.8753      Te122
        52            123              0        8.090900E-01   0.000000E+00         0.9178      Te123
        52            124              0        1.466900E-01   0.000000E+00         0.9011      Te124
        52            125              0        4.191500E-01   0.000000E+00         0.9276      Te125
        52            126              0        7.985000E-02   0.000000E+00         0.9244      Te126
        52            128              0        3.706200E-02   0.000000E+00         0.8573      Te128
        52            130              0        1.432900E-02   0.000000E+00         0.9748      Te130
        53            127              0        6.573900E-01   0.000000E+00         1.0353      I127
        53            129              0        4.400200E-01   0.000000E+00         0.9978      I129
        54            124              0        7.735800E-01   0.000000E+00         1.3429      Xe124
        54            126              0        6.734900E-01   0.000000E+00         1.9945      Xe126
        54            128              0        2.835200E-01   0.000000E+00         1.0210      Xe128
        54            129              0        4.217600E-01   0.000000E+00         0.6389      Xe129
        54            130              0        1.523800E-01   0.000000E+00         1.0782      Xe130
        54            132              0        4.743100E-02   0.000000E+00         0.8132      Xe132
        54            134              0        2.261200E-02   0.000000E+00         1.0981      Xe134
        54            136              0        1.188100E-03   0.000000E+00         1.2975      Xe136
        55            133              0        5.167400E-01   0.000000E+00         1.0152      Cs133
        55            135              0        2.017600E-01   0.000000E+00         1.3178      Cs135
        56            130              0        7.828100E-01   0.000000E+00         1.0731      Ba130
        56            132              0        4.572000E-01   0.000000E+00         1.1976      Ba132
        56            134              0        1.759000E-01   0.000000E+00         0.9475      Ba134
        56            135              0        4.857100E-01   0.000000E+00         0.9939      Ba135
        56            136              0        7.022900E-02   0.000000E+00         1.0421      Ba136
        56            137              0        7.885900E-02   0.000000E+00         0.8748      Ba137
        56            138              0        3.754900E-03   0.000000E+00         0.9387      Ba138
        57            139              0        3.640900E-02   0.000000E+00         1.1237      La139
        58            136              0        3.391600E-01   0.000000E+00         1.0565      Ce136
        58            138              0        2.086700E-01   0.000000E+00         1.2585      Ce138
        58            140              0        1.533300E-02   0.000000E+00         1.4664      Ce140
        58            142              0        2.286700E-02   0.000000E+00         0.8985      Ce142
        59            141              0        1.095200E-01   0.000000E+00         0.9312      Pr141
        60            142              0        3.354500E-02   0.000000E+00         0.9383      Nd142
        60            143              0        2.393500E-01   0.000000E+00         0.9265      Nd143
        60            144              0        7.504200E-02   0.000000E+00         0.8695      Nd144
        60            145              0        4.219900E-01   0.000000E+00         0.9349      Nd145
        60            146              0        9.881200E-02   0.000000E+00         1.0180      Nd146
        60            148              0        1.564900E-01   0.000000E+00         1.0219      Nd148
        60            150              0        1.790700E-01   0.000000E+00         1.0603      Nd150
        61            147              0        7.079400E-01   0.000000E+00         0.9985      Pm147
        62            144              0        8.787900E-02   0.000000E+00         0.9552      Sm144
        62            147              0        9.707200E-01   0.000000E+00         0.9977      Sm147
        62            148              0        2.455000E-01   0.000000E+00         1.0187      Sm148
        62            149              0        1.787600E+00   0.000000E+00         0.9250      Sm149
        62            150              0        4.237700E-01   0.000000E+00         0.9485      Sm150
        62            151              0        2.886700E+00   0.000000E+00         0.8932      Sm151
        62            152              0        4.597600E-01   0.000000E+00         0.9262      Sm152
        62            154              0        2.804500E-01   0.000000E+00         1.0052      Sm154
        63            151              0        3.581800E+00   0.000000E+00         1.0298      Eu151
        63            153              0        2.673300E+00   0.000000E+00         1.0459      Eu153
        63            154              0        3.483600E+00   0.000000E+00         0.7881      Eu154
        63            155              0        1.445100E+00   0.000000E+00         1.0948      Eu155
        64            152              0        9.870500E-01   0.000000E+00         0.8947      Gd152
        64            154              0        9.543200E-01   0.000000E+00         0.8772      Gd154
        64            155              0        2.622500E+00   0.000000E+00         0.9346      Gd155
        64            156              0        6.005100E-01   0.000000E+00         0.9204      Gd156
        64            157              0        1.401600E+00   0.000000E+00         0.9684      Gd157
        64            158              0        3.079800E-01   0.000000E+00         0.8921      Gd158
        64            160              0        1.822900E-01   0.000000E+00         1.1837      Gd160
        65            159              0        1.569400E+00   0.000000E+00         0.9933      Tb159
        66            156              0        1.537100E+00   0.000000E+00         0.9951      Dy156
        66            160              0        8.352900E-01   0.000000E+00         0.8810      Dy160
        66            161              0        1.960300E+00   0.000000E+00         0.9373      Dy161
        66            162              0        4.542500E-01   0.000000E+00         0.9580      Dy162
        66            163              0        1.088800E+00   0.000000E+00         0.9202      Dy163
        66            164              0        2.171900E-01   0.000000E+00         0.9631      Dy164
        67            165              0        1.332600E+00   0.000000E+00         1.0411      Ho165
        68            162              0        8.702600E-01   0.000000E+00         0.5359      Er162
        68            164              0        1.929400E+00   0.000000E+00         1.7799      Er164
        68            166              0        6.079100E-01   0.000000E+00         1.0798      Er166
        68            167              0        1.558700E+00   0.000000E+00         1.0938      Er167
        68            168              0        3.235500E-01   0.000000E+00         0.9572      Er168
        68            170              0        1.884600E-01   0.000000E+00         1.2926      Er170
        69            169              0        1.082100E+00   0.000000E+00         0.9585      Tm169
        69            171              0        9.217900E-01   0.000000E+00         2.4005      Tm171
        70            168              0        1.293700E+00   0.000000E+00         1.1546      Yb168
        70            170              0        7.779400E-01   0.000000E+00         0.9538      Yb170
        70            171              0        1.258300E+00   0.000000E+00         0.9802      Yb171
        70            172              0        3.552400E-01   0.000000E+00         0.9772      Yb172
        70            173              0        7.754200E-01   0.000000E+00         0.9701      Yb173
        70            174              0        1.589700E-01   0.000000E+00         0.9954      Yb174
        70            176              0        1.307500E-01   0.000000E+00         1.0614      Yb176
        71            175              0        1.263800E+00   0.000000E+00         0.9757      Lu175
        71            176              0        1.780200E+00   0.000000E+00         1.0227      Lu176
        72            174              0        9.824500E-01   0.000000E+00         1.0439      Hf174
        72            176              0        5.944500E-01   0.000000E+00         0.9010      Hf176
        72            177              0        1.525900E+00   0.000000E+00         0.9272      Hf177
        72            178              0        3.601400E-01   0.000000E+00         1.0691      Hf178
        72            179              0        9.891100E-01   0.000000E+00         1.0042      Hf179
        72            180              0        1.957400E-01   0.000000E+00         1.1822      Hf180
        72            182              0        1.445200E-01   0.000000E+00         1.0569      Hf182
        73            180              0        1.561400E+00   0.000000E+00         0.8532      Ta180
        73            181              0        8.398000E-01   0.000000E+00         1.0261      Ta181
        74            180              0        5.610500E-01   0.000000E+00         0.8415      W180
        74            182              0        2.871800E-01   0.000000E+00         1.0481      W182
        74            183              0        5.787200E-01   0.000000E+00         1.1237      W183
        74            184              0        2.526000E-01   0.000000E+00         1.1327      W184
        74            185              0        1.134900E+00   0.000000E+00         2.0523      W185
        74            186              0        1.893600E-01   0.000000E+00         1.0707      W186
        75            185              0        1.160300E+00   0.000000E+00         0.7559      Re185
        75            187              0        1.008300E+00   0.000000E+00         0.8857      Re187
        76            184              0        7.245700E-01   0.000000E+00         1.2910      Os184
        76            186              0        4.574400E-01   0.000000E+00         1.1157      Os186
        76            187              0        1.190800E+00   0.000000E+00         1.2327      Os187
        76            188              0        3.631400E-01   0.000000E+00         1.2394      Os188
        76            189              0        1.086500E+00   0.000000E+00         0.9302      Os189
        76            190              0        3.573000E-01   0.000000E+00         1.3530      Os190
        76            192              0        2.360600E-01   0.000000E+00         1.5587      Os192
        77            191              0        1.275000E+00   0.000000E+00         1.0368      Ir191
        77            193              0        1.121600E+00   0.000000E+00         1.2472      Ir193
        78            190              0        6.492500E-01   0.000000E+00         1.2007      Pt190
        78            192              0        3.046400E-01   0.000000E+00         0.5163      Pt192
        78            196              0        1.757300E-01   0.000000E+00         0.9603      Pt196
        78            198              0        2.045100E-01   0.000000E+00         2.4246      Pt198
        79            197              0        6.198000E-01   0.000000E+00         1.0105      Au197
        80            196              0        3.448300E-02   0.000000E+00         0.1769      Hg196
        80            198              0        1.615700E-01   0.000000E+00         0.9339      Hg198
        80            199              0        3.919500E-01   0.000000E+00         1.0480      Hg199
        80            200              0        1.279000E-01   0.000000E+00         1.1122      Hg200
        80            201              0        2.564400E-01   0.000000E+00         0.9714      Hg201
        80            202              0        8.546200E-02   0.000000E+00         1.3522      Hg202
        80            204              0        4.332800E-02   0.000000E+00         1.0316      Hg204
        81            203              0        1.708500E-01   0.000000E+00         1.3778      Tl203
        81            205              0        5.266600E-02   0.000000E+00         0.9753      Tl205
        82            204              0        7.267700E-02   0.000000E+00         0.8972      Pb204
        82            206              0        1.442500E-02   0.000000E+00         0.9948      Pb206
        82            207              0        1.082600E-02   0.000000E+00         1.0935      Pb207
        82            208              0        4.538400E-04   0.000000E+00         1.2607      Pb208
        83            209              0        3.347300E-03   0.000000E+00         1.3075      Bi209
        84            210              0        1.782400E-03   0.000000E+00         0.5401      Po210
        90            232              0        4.879200E-01   0.000000E+00         1.0260      Th232
        92            235              0        7.179300E-01   0.000000E+00         1.1028      U235
        92            238              0        3.975000E-01   0.000000E+00         1.0166      U238
