# header:
#   title: (n,g) MACS for jeff4.0
#   source: Resonancetables
#   date: 2025-05-27
# reaction:
#   type: (n,g)
# quantity:
#   type: MACS
# datablock:
#   columns: 7
#   entries: 267
##       Z              A            Liso           Value         dValue          Ratio         Nuclide
##      []             []             []             [b]            [b]            []             []
         1              1              0        2.442800E-04   0.000000E+00   9.617323E-01      H001                                                                                                    
         1              2              0        1.681000E-06   0.000000E+00   5.603333E-01      H002                                                                                                    
         2              3              0        1.837000E-05   0.000000E+00   2.417105E+00      He003                                                                                                   
         3              7              0        4.979700E-05   0.000000E+00   1.185643E+00      Li007                                                                                                   
         4              9              0        1.285400E-05   0.000000E+00   1.415734E+00      Be009                                                                                                   
         6             12              0        1.527700E-05   0.000000E+00   9.920130E-01      C012                                                                                                    
         6             13              0        1.483500E-05   0.000000E+00   5.274809E-01      C013                                                                                                    
         6             14              0        1.533600E-09   0.000000E+00   1.808490E-04      C014                                                                                                    
         7             14              0        6.916100E-05   0.000000E+00   1.686853E+00      N014                                                                                                    
         7             15              0        8.938200E-06   0.000000E+00   1.541069E+00      N015                                                                                                    
         8             16              0        1.837700E-06   0.000000E+00   4.836052E-02      O016                                                                                                    
         8             18              0        2.747500E-06   0.000000E+00   3.087079E-01      O018                                                                                                    
         9             19              0        5.912400E-03   0.000000E+00   1.847625E+00      F019                                                                                                    
        10             20              0        1.610500E-04   0.000000E+00   1.353361E+00      Ne020                                                                                                   
        10             21              0        6.810100E-04   0.000000E+00   4.540067E-01      Ne021                                                                                                   
        10             22              0        7.584200E-06   0.000000E+00   1.307621E-01      Ne022                                                                                                   
        11             23              0        2.092800E-03   0.000000E+00   1.378159E+00      Na023                                                                                                   
        13             27              0        3.367900E-03   0.000000E+00   9.005080E-01      Al027                                                                                                   
        14             28              0        1.314800E-03   0.000000E+00   9.259155E-01      Si028                                                                                                   
        14             29              0        6.828400E-03   0.000000E+00   1.037751E+00      Si029                                                                                                   
        14             30              0        1.463700E-03   0.000000E+00   8.042307E-01      Si030                                                                                                   
        15             31              0        1.648400E-03   0.000000E+00   9.473563E-01      P031                                                                                                    
        16             32              0        5.704400E-03   0.000000E+00   1.391317E+00      S032                                                                                                    
        16             33              0        8.343500E-03   0.000000E+00   1.127500E+00      S033                                                                                                    
        16             34              0        1.329600E-04   0.000000E+00   5.883186E-01      S034                                                                                                    
        16             36              0        5.045000E-04   0.000000E+00   2.950292E+00      S036                                                                                                    
        17             35              0        7.729200E-03   0.000000E+00   7.968248E-01      Cl035                                                                                                   
        17             37              0        2.078600E-03   0.000000E+00   9.804717E-01      Cl037                                                                                                   
        18             36              0        1.175600E-02   0.000000E+00   7.713121E+00      Ar036                                                                                                   
        18             38              0        2.501600E-03   0.000000E+00   2.679531E+00      Ar038                                                                                                   
        18             40              0        2.468600E-03   0.000000E+00   9.680784E-01      Ar040                                                                                                   
        19             39              0        9.759200E-03   0.000000E+00   8.270508E-01      K039                                                                                                    
        19             41              0        1.581800E-02   0.000000E+00   7.189999E-01      K041                                                                                                    
        20             40              0        5.831400E-03   0.000000E+00   1.130427E+00      Ca040                                                                                                   
        20             42              0        1.326400E-02   0.000000E+00   8.502564E-01      Ca042                                                                                                   
        20             43              0        5.610500E-02   0.000000E+00   1.100098E+00      Ca043                                                                                                   
        20             44              0        7.615000E-03   0.000000E+00   8.101064E-01      Ca044                                                                                                   
        20             46              0        1.975900E-02   0.000000E+00   3.728113E+00      Ca046                                                                                                   
        20             48              0        5.314800E-04   0.000000E+00   6.108965E-01      Ca048                                                                                                   
        21             45              0        7.270600E-02   0.000000E+00   1.314851E+00      Sc045                                                                                                   
        22             46              0        1.730300E-02   0.000000E+00   6.456343E-01      Ti046                                                                                                   
        22             47              0        5.492200E-02   0.000000E+00   8.528261E-01      Ti047                                                                                                   
        22             48              0        2.702000E-02   0.000000E+00   8.496855E-01      Ti048                                                                                                   
        22             49              0        1.282600E-02   0.000000E+00   5.803620E-01      Ti049                                                                                                   
        22             50              0        3.440300E-03   0.000000E+00   9.556388E-01      Ti050                                                                                                   
        23             51              0        3.450500E-02   0.000000E+00   9.080262E-01      V051                                                                                                    
        24             50              0        4.579200E-02   0.000000E+00   9.345306E-01      Cr050                                                                                                   
        24             52              0        9.023100E-03   0.000000E+00   1.025352E+00      Cr052                                                                                                   
        24             53              0        5.272800E-02   0.000000E+00   9.091035E-01      Cr053                                                                                                   
        24             54              0        4.784100E-03   0.000000E+00   7.140448E-01      Cr054                                                                                                   
        25             55              0        3.328900E-02   0.000000E+00   8.406313E-01      Mn055                                                                                                   
        26             54              0        3.008200E-02   0.000000E+00   1.016284E+00      Fe054                                                                                                   
        26             56              0        1.221300E-02   0.000000E+00   1.043846E+00      Fe056                                                                                                   
        26             57              0        3.652500E-02   0.000000E+00   9.131249E-01      Fe057                                                                                                   
        26             58              0        1.518100E-02   0.000000E+00   1.206906E+00      Fe058                                                                                                   
        26             60              0        3.919200E-03   0.000000E+00   7.942393E-01      Fe060                                                                                                   
        27             59              0        3.465100E-02   0.000000E+00   9.750978E-01      Co059                                                                                                   
        28             58              0        4.025800E-02   0.000000E+00   1.040258E+00      Ni058                                                                                                   
        28             60              0        2.659600E-02   0.000000E+00   8.894983E-01      Ni060                                                                                                   
        28             61              0        9.738700E-02   0.000000E+00   1.187646E+00      Ni061                                                                                                   
        28             62              0        2.401900E-02   0.000000E+00   1.077085E+00      Ni062                                                                                                   
        28             64              0        2.043600E-02   0.000000E+00   2.875103E+00      Ni064                                                                                                   
        29             63              0        7.051400E-02   0.000000E+00   1.265960E+00      Cu063                                                                                                   
        29             65              0        3.407300E-02   0.000000E+00   1.263730E+00      Cu065                                                                                                   
        30             64              0        6.217100E-02   0.000000E+00   1.271731E+00      Zn064                                                                                                   
        30             66              0        3.702500E-02   0.000000E+00   1.057857E+00      Zn066                                                                                                   
        30             67              0        1.051500E-01   0.000000E+00   6.872548E-01      Zn067                                                                                                   
        30             68              0        2.159400E-02   0.000000E+00   1.124687E+00      Zn068                                                                                                   
        30             70              0        1.249500E-02   0.000000E+00   1.337977E+00      Zn070                                                                                                   
        33             75              0        3.789700E-01   0.000000E+00   1.113638E+00      As075                                                                                                   
        34             74              0        2.991700E-01   0.000000E+00   1.103948E+00      Se074                                                                                                   
        34             76              0        2.019400E-01   0.000000E+00   1.231341E+00      Se076                                                                                                   
        34             78              0        3.922800E-02   0.000000E+00   6.960650E-01      Se078                                                                                                   
        34             80              0        4.767700E-02   0.000000E+00   1.135167E+00      Se080                                                                                                   
        35             79              0        6.664300E-01   0.000000E+00   1.122409E+00      Br079                                                                                                   
        35             81              0        3.023300E-01   0.000000E+00   1.427597E+00      Br081                                                                                                   
        36             78              0        3.401200E-01   0.000000E+00   1.059564E+00      Kr078                                                                                                   
        36             80              0        2.896300E-01   0.000000E+00   1.084756E+00      Kr080                                                                                                   
        36             82              0        1.021600E-01   0.000000E+00   1.135111E+00      Kr082                                                                                                   
        36             83              0        2.647700E-01   0.000000E+00   1.089588E+00      Kr083                                                                                                   
        36             84              0        4.895000E-02   0.000000E+00   1.288158E+00      Kr084                                                                                                   
        36             86              0        4.127700E-03   0.000000E+00   1.214029E+00      Kr086                                                                                                   
        37             85              0        2.183600E-01   0.000000E+00   1.010856E+00      Rb085                                                                                                   
        37             87              0        1.129000E-02   0.000000E+00   7.191082E-01      Rb087                                                                                                   
        38             84              0        3.191900E-01   0.000000E+00   1.128441E+00      Sr084                                                                                                   
        38             86              0        5.544100E-02   0.000000E+00   8.662656E-01      Sr086                                                                                                   
        38             87              0        8.998900E-02   0.000000E+00   9.781412E-01      Sr087                                                                                                   
        38             88              0        5.413200E-03   0.000000E+00   8.830668E-01      Sr088                                                                                                   
        38             89              0        2.122200E-02   0.000000E+00   1.116947E+00      Sr089                                                                                                   
        39             89              0        2.079800E-02   0.000000E+00   1.170690E+00      Y089                                                                                                    
        40             90              0        1.925300E-02   0.000000E+00   9.975647E-01      Zr090                                                                                                   
        40             91              0        6.233500E-02   0.000000E+00   1.005403E+00      Zr091                                                                                                   
        40             92              0        3.670600E-02   0.000000E+00   1.219468E+00      Zr092                                                                                                   
        40             93              0        9.639200E-02   0.000000E+00   1.014652E+00      Zr093                                                                                                   
        40             94              0        2.503100E-02   0.000000E+00   9.627308E-01      Zr094                                                                                                   
        40             96              0        1.236800E-02   0.000000E+00   1.155888E+00      Zr096                                                                                                   
        41             93              0        2.786200E-01   0.000000E+00   1.047444E+00      Nb093                                                                                                   
        42             92              0        6.644900E-02   0.000000E+00   9.492714E-01      Mo092                                                                                                   
        42             94              0        9.299700E-02   0.000000E+00   9.117352E-01      Mo094                                                                                                   
        42             95              0        3.821800E-01   0.000000E+00   1.308836E+00      Mo095                                                                                                   
        42             96              0        1.012300E-01   0.000000E+00   9.038393E-01      Mo096                                                                                                   
        42             97              0        3.707400E-01   0.000000E+00   1.093628E+00      Mo097                                                                                                   
        42             98              0        8.977300E-02   0.000000E+00   9.067979E-01      Mo098                                                                                                   
        42            100              0        8.471300E-02   0.000000E+00   7.843796E-01      Mo100                                                                                                   
        43             99              0        7.884800E-01   0.000000E+00   1.009577E+00      Tc099                                                                                                   
        44             96              0        1.824600E-01   0.000000E+00   9.802082E-01      Ru096                                                                                                   
        44            100              0        2.155500E-01   0.000000E+00   1.046359E+00      Ru100                                                                                                   
        44            101              0        1.009700E+00   0.000000E+00   1.013755E+00      Ru101                                                                                                   
        44            102              0        1.904000E-01   0.000000E+00   1.260927E+00      Ru102                                                                                                   
        44            104              0        1.621200E-01   0.000000E+00   1.039231E+00      Ru104                                                                                                   
        45            103              0        7.751200E-01   0.000000E+00   8.962106E-01      Rh103                                                                                                   
        46            102              0        2.993600E-01   0.000000E+00   8.322001E-01      Pd102                                                                                                   
        46            104              0        2.669100E-01   0.000000E+00   9.235640E-01      Pd104                                                                                                   
        46            105              0        1.284000E+00   0.000000E+00   1.070000E+00      Pd105                                                                                                   
        46            106              0        2.547400E-01   0.000000E+00   1.010873E+00      Pd106                                                                                                   
        46            107              0        1.390400E+00   0.000000E+00   1.037612E+00      Pd107                                                                                                   
        46            108              0        2.017600E-01   0.000000E+00   9.938915E-01      Pd108                                                                                                   
        46            110              0        1.689500E-01   0.000000E+00   1.157192E+00      Pd110                                                                                                   
        47            107              0        7.907900E-01   0.000000E+00   9.984722E-01      Ag107                                                                                                   
        47            109              0        7.857700E-01   0.000000E+00   9.971700E-01      Ag109                                                                                                   
        48            106              0        4.793000E-01   0.000000E+00   1.587086E+00      Cd106                                                                                                   
        48            108              0        4.226600E-01   0.000000E+00   2.092376E+00      Cd108                                                                                                   
        48            110              0        2.562100E-01   0.000000E+00   1.022037E+00      Cd110                                                                                                   
        48            111              0        7.994600E-01   0.000000E+00   1.000063E+00      Cd111                                                                                                   
        48            112              0        1.983000E-01   0.000000E+00   9.920798E-01      Cd112                                                                                                   
        48            113              0        7.099900E-01   0.000000E+00   1.006760E+00      Cd113                                                                                                   
        48            114              0        1.407600E-01   0.000000E+00   1.019911E+00      Cd114                                                                                                   
        48            116              0        7.563300E-02   0.000000E+00   9.476287E-01      Cd116                                                                                                   
        49            113              0        8.740300E-01   0.000000E+00   1.110584E+00      In113                                                                                                   
        49            115              0        7.841900E-01   0.000000E+00   1.110751E+00      In115                                                                                                   
        50            112              0        2.092800E-01   0.000000E+00   9.965714E-01      Sn112                                                                                                   
        50            114              0        1.480000E-01   0.000000E+00   1.033971E+00      Sn114                                                                                                   
        50            115              0        3.869600E-01   0.000000E+00   1.028660E+00      Sn115                                                                                                   
        50            116              0        9.775700E-02   0.000000E+00   1.006836E+00      Sn116                                                                                                   
        50            117              0        3.453100E-01   0.000000E+00   1.024636E+00      Sn117                                                                                                   
        50            118              0        6.915500E-02   0.000000E+00   1.049939E+00      Sn118                                                                                                   
        50            119              0        2.169100E-01   0.000000E+00   1.205055E+00      Sn119                                                                                                   
        50            120              0        3.806600E-02   0.000000E+00   9.799357E-01      Sn120                                                                                                   
        50            122              0        1.705300E-02   0.000000E+00   7.786759E-01      Sn122                                                                                                   
        50            124              0        2.780300E-02   0.000000E+00   2.316917E+00      Sn124                                                                                                   
        51            121              0        6.526400E-01   0.000000E+00   1.360537E+00      Sb121                                                                                                   
        51            123              0        3.140300E-01   0.000000E+00   1.094094E+00      Sb123                                                                                                   
        52            120              0        4.938300E-01   0.000000E+00   1.126045E+00      Te120                                                                                                   
        52            122              0        2.650000E-01   0.000000E+00   8.066786E-01      Te122                                                                                                   
        52            123              0        7.860400E-01   0.000000E+00   8.916084E-01      Te123                                                                                                   
        52            124              0        1.480500E-01   0.000000E+00   9.094873E-01      Te124                                                                                                   
        52            125              0        3.975300E-01   0.000000E+00   8.797609E-01      Te125                                                                                                   
        52            126              0        8.101800E-02   0.000000E+00   9.379147E-01      Te126                                                                                                   
        52            128              0        3.644200E-02   0.000000E+00   8.429926E-01      Te128                                                                                                   
        52            130              0        2.017200E-02   0.000000E+00   1.372245E+00      Te130                                                                                                   
        53            127              0        7.175100E-01   0.000000E+00   1.129937E+00      I127                                                                                                    
        53            129              0        3.981900E-01   0.000000E+00   9.029251E-01      I129                                                                                                    
        54            124              0        6.018100E-01   0.000000E+00   1.044739E+00      Xe124                                                                                                   
        54            126              0        3.462000E-01   0.000000E+00   1.025246E+00      Xe126                                                                                                   
        54            128              0        2.711700E-01   0.000000E+00   9.764970E-01      Xe128                                                                                                   
        54            129              0        6.555300E-01   0.000000E+00   9.930580E-01      Xe129                                                                                                   
        54            130              0        1.423400E-01   0.000000E+00   1.007159E+00      Xe130                                                                                                   
        54            132              0        5.962800E-02   0.000000E+00   1.022277E+00      Xe132                                                                                                   
        54            134              0        2.653200E-02   0.000000E+00   1.288481E+00      Xe134                                                                                                   
        54            136              0        1.200200E-03   0.000000E+00   1.310712E+00      Xe136                                                                                                   
        55            133              0        5.306000E-01   0.000000E+00   1.042436E+00      Cs133                                                                                                   
        55            135              0        1.677000E-01   0.000000E+00   1.095341E+00      Cs135                                                                                                   
        56            130              0        8.106700E-01   0.000000E+00   1.111309E+00      Ba130                                                                                                   
        56            132              0        3.130300E-01   0.000000E+00   8.199437E-01      Ba132                                                                                                   
        56            134              0        1.921900E-01   0.000000E+00   1.035265E+00      Ba134                                                                                                   
        56            135              0        5.090500E-01   0.000000E+00   1.041703E+00      Ba135                                                                                                   
        56            136              0        6.341300E-02   0.000000E+00   9.409819E-01      Ba136                                                                                                   
        56            137              0        7.768300E-02   0.000000E+00   8.617750E-01      Ba137                                                                                                   
        56            138              0        3.623600E-03   0.000000E+00   9.058999E-01      Ba138                                                                                                   
        57            139              0        3.734700E-02   0.000000E+00   1.152685E+00      La139                                                                                                   
        58            136              0        5.096700E-01   0.000000E+00   1.587643E+00      Ce136                                                                                                   
        58            138              0        2.254000E-01   0.000000E+00   1.359417E+00      Ce138                                                                                                   
        58            140              0        6.513600E-03   0.000000E+00   6.229288E-01      Ce140                                                                                                   
        58            142              0        1.943100E-02   0.000000E+00   7.635244E-01      Ce142                                                                                                   
        59            141              0        1.232300E-01   0.000000E+00   1.047792E+00      Pr141                                                                                                   
        60            142              0        3.817800E-02   0.000000E+00   1.067919E+00      Nd142                                                                                                   
        60            143              0        2.562400E-01   0.000000E+00   9.918474E-01      Nd143                                                                                                   
        60            144              0        8.020800E-02   0.000000E+00   9.293370E-01      Nd144                                                                                                   
        60            145              0        4.344400E-01   0.000000E+00   9.625120E-01      Nd145                                                                                                   
        60            146              0        1.124600E-01   0.000000E+00   1.158591E+00      Nd146                                                                                                   
        60            148              0        1.541600E-01   0.000000E+00   1.006708E+00      Nd148                                                                                                   
        60            150              0        1.549600E-01   0.000000E+00   9.175632E-01      Nd150                                                                                                   
        61            147              0        8.605800E-01   0.000000E+00   1.213794E+00      Pm147                                                                                                   
        62            144              0        9.397300E-02   0.000000E+00   1.021446E+00      Sm144                                                                                                   
        62            147              0        9.764800E-01   0.000000E+00   1.003577E+00      Sm147                                                                                                   
        62            148              0        2.896500E-01   0.000000E+00   2.768096E-01      Sm148                                                                                                   
        62            149              0        1.881300E+00   0.000000E+00   9.735259E-01      Sm149                                                                                                   
        62            150              0        4.667300E-01   0.000000E+00   1.044643E+00      Sm150                                                                                                   
        62            151              0        3.270400E+00   0.000000E+00   1.011921E+00      Sm151                                                                                                   
        62            152              0        5.275300E-01   0.000000E+00   1.062675E+00      Sm152                                                                                                   
        62            154              0        3.119700E-01   0.000000E+00   1.676804E+00      Sm154                                                                                                   
        63            151              0        3.500300E+00   0.000000E+00   1.006412E+00      Eu151                                                                                                   
        63            153              0        2.928400E+00   0.000000E+00   1.145696E+00      Eu153                                                                                                   
        63            155              0        1.511500E+00   0.000000E+00   1.145076E+00      Eu155                                                                                                   
        64            152              0        1.055000E+00   0.000000E+00   9.563382E-01      Gd152                                                                                                   
        64            154              0        9.050000E-01   0.000000E+00   8.318542E-01      Gd154                                                                                                   
        64            155              0        2.623200E+00   0.000000E+00   9.348801E-01      Gd155                                                                                                   
        64            156              0        6.003800E-01   0.000000E+00   9.201943E-01      Gd156                                                                                                   
        64            157              0        1.402600E+00   0.000000E+00   9.690607E-01      Gd157                                                                                                   
        64            158              0        3.066200E-01   0.000000E+00   8.881957E-01      Gd158                                                                                                   
        64            160              0        1.725000E-01   0.000000E+00   1.120130E+00      Gd160                                                                                                   
        65            159              0        1.185300E+00   0.000000E+00   7.501898E-01      Tb159                                                                                                   
        66            156              0        2.099900E+00   0.000000E+00   1.359435E+00      Dy156                                                                                                   
        66            160              0        8.855100E-01   0.000000E+00   9.339485E-01      Dy160                                                                                                   
        66            161              0        2.193700E+00   0.000000E+00   1.048923E+00      Dy161                                                                                                   
        66            162              0        5.021600E-01   0.000000E+00   1.059060E+00      Dy162                                                                                                   
        66            163              0        1.220700E+00   0.000000E+00   1.031677E+00      Dy163                                                                                                   
        66            164              0        2.343300E-01   0.000000E+00   1.039141E+00      Dy164                                                                                                   
        67            163              0        2.424600E+00   0.000000E+00   1.140988E+00      Ho163                                                                                                   
        67            165              0        1.458000E+00   0.000000E+00   1.139062E+00      Ho165                                                                                                   
        68            162              0        1.874800E+00   0.000000E+00   1.154433E+00      Er162                                                                                                   
        68            164              0        1.406300E+00   0.000000E+00   1.297325E+00      Er164                                                                                                   
        68            166              0        6.542800E-01   0.000000E+00   1.162131E+00      Er166                                                                                                   
        68            167              0        1.523900E+00   0.000000E+00   1.069404E+00      Er167                                                                                                   
        68            168              0        3.015600E-01   0.000000E+00   8.921893E-01      Er168                                                                                                   
        68            170              0        1.712300E-01   0.000000E+00   1.174448E+00      Er170                                                                                                   
        69            169              0        1.140500E+00   0.000000E+00   1.010186E+00      Tm169                                                                                                   
        70            168              0        1.181700E+00   0.000000E+00   1.054618E+00      Yb168                                                                                                   
        70            170              0        6.625400E-01   0.000000E+00   8.123475E-01      Yb170                                                                                                   
        70            171              0        1.561600E+00   0.000000E+00   1.216505E+00      Yb171                                                                                                   
        70            172              0        3.526400E-01   0.000000E+00   9.700888E-01      Yb172                                                                                                   
        70            173              0        8.616500E-01   0.000000E+00   1.077981E+00      Yb173                                                                                                   
        70            174              0        1.609300E-01   0.000000E+00   1.007696E+00      Yb174                                                                                                   
        70            176              0        1.185000E-01   0.000000E+00   9.619935E-01      Yb176                                                                                                   
        71            175              0        1.325500E+00   0.000000E+00   1.023348E+00      Lu175                                                                                                   
        71            176              0        1.589700E+00   0.000000E+00   9.132847E-01      Lu176                                                                                                   
        72            174              0        9.153700E-01   0.000000E+00   9.726313E-01      Hf174                                                                                                   
        72            176              0        4.780800E-01   0.000000E+00   7.246164E-01      Hf176                                                                                                   
        72            177              0        1.444700E+00   0.000000E+00   8.778891E-01      Hf177                                                                                                   
        72            178              0        3.450700E-01   0.000000E+00   1.024389E+00      Hf178                                                                                                   
        72            179              0        9.905100E-01   0.000000E+00   1.005671E+00      Hf179                                                                                                   
        72            180              0        1.817800E-01   0.000000E+00   1.097909E+00      Hf180                                                                                                   
        72            182              0        1.578500E-01   0.000000E+00   1.154397E+00      Hf182                                                                                                   
        73            181              0        8.398000E-01   0.000000E+00   1.026129E+00      Ta181                                                                                                   
        74            180              0        5.610500E-01   0.000000E+00   8.415415E-01      W180                                                                                                    
        74            182              0        2.871800E-01   0.000000E+00   1.048102E+00      W182                                                                                                    
        74            183              0        5.787200E-01   0.000000E+00   1.123728E+00      W183                                                                                                    
        74            184              0        2.526000E-01   0.000000E+00   1.132735E+00      W184                                                                                                    
        74            186              0        1.893600E-01   0.000000E+00   1.070669E+00      W186                                                                                                    
        75            185              0        1.632500E+00   0.000000E+00   1.063518E+00      Re185                                                                                                   
        75            187              0        1.199900E+00   0.000000E+00   1.054026E+00      Re187                                                                                                   
        76            184              0        5.802100E-01   0.000000E+00   1.033762E+00      Os184                                                                                                   
        76            186              0        4.478200E-01   0.000000E+00   1.092244E+00      Os186                                                                                                   
        76            187              0        9.763200E-01   0.000000E+00   1.010683E+00      Os187                                                                                                   
        76            188              0        3.711600E-01   0.000000E+00   1.266758E+00      Os188                                                                                                   
        76            189              0        1.178300E+00   0.000000E+00   1.008818E+00      Os189                                                                                                   
        76            190              0        3.464700E-01   0.000000E+00   1.311976E+00      Os190                                                                                                   
        76            192              0        1.608500E-01   0.000000E+00   1.062078E+00      Os192                                                                                                   
        77            191              0        1.265000E+00   0.000000E+00   1.028634E+00      Ir191                                                                                                   
        77            193              0        9.750200E-01   0.000000E+00   1.084206E+00      Ir193                                                                                                   
        78            190              0        5.707500E-01   0.000000E+00   1.055519E+00      Pt190                                                                                                   
        78            196              0        1.691700E-01   0.000000E+00   9.244262E-01      Pt196                                                                                                   
        78            198              0        1.299500E-01   0.000000E+00   1.540634E+00      Pt198                                                                                                   
        79            197              0        6.201400E-01   0.000000E+00   1.011021E+00      Au197                                                                                                   
        80            196              0        2.954500E-01   0.000000E+00   1.515920E+00      Hg196                                                                                                   
        80            198              0        1.840800E-01   0.000000E+00   1.064046E+00      Hg198                                                                                                   
        80            199              0        3.914000E-01   0.000000E+00   1.046524E+00      Hg199                                                                                                   
        80            200              0        1.183500E-01   0.000000E+00   1.029130E+00      Hg200                                                                                                   
        80            202              0        5.354900E-02   0.000000E+00   8.472942E-01      Hg202                                                                                                   
        80            204              0        2.553900E-02   0.000000E+00   6.080714E-01      Hg204                                                                                                   
        81            203              0        1.674800E-01   0.000000E+00   1.350645E+00      Tl203                                                                                                   
        81            205              0        5.367800E-02   0.000000E+00   9.940370E-01      Tl205                                                                                                   
        82            204              0        8.395600E-02   0.000000E+00   1.036494E+00      Pb204                                                                                                   
        82            206              0        1.467000E-02   0.000000E+00   1.011724E+00      Pb206                                                                                                   
        82            207              0        1.034900E-02   0.000000E+00   1.045354E+00      Pb207                                                                                                   
        82            208              0        3.739800E-04   0.000000E+00   1.038833E+00      Pb208                                                                                                   
        83            209              0        2.945500E-03   0.000000E+00   1.150586E+00      Bi209                                                                                                   
