# header:
#   title: (n,g) MACS for jendl5.0
#   source: Resonancetables
#   date: 2025-05-27
# reaction:
#   type: (n,g)
# quantity:
#   type: MACS
# datablock:
#   columns: 7
#   entries: 272
##       Z              A            Liso           Value         dValue          Ratio         Nuclide
##      []             []             []             [b]            [b]            []             []
         1              1              0        2.442800E-04   0.000000E+00   9.617323E-01      H001                                                                                                    
         1              2              0        2.099700E-06   0.000000E+00   6.999000E-01      H002                                                                                                    
         2              3              0        1.451300E-05   0.000000E+00   1.909605E+00      He003                                                                                                   
         3              7              0        4.172000E-05   0.000000E+00   9.933333E-01      Li007                                                                                                   
         4              9              0        7.801700E-06   0.000000E+00   8.592756E-01      Be009                                                                                                   
         6             12              0        1.549900E-05   0.000000E+00   1.006428E+00      C012                                                                                                    
         6             13              0        2.563300E-05   0.000000E+00   9.114202E-01      C013                                                                                                    
         6             14              0        6.297900E-06   0.000000E+00   7.426769E-01      C014                                                                                                    
         7             14              0        6.957600E-05   0.000000E+00   1.696976E+00      N014                                                                                                    
         7             15              0        6.912100E-06   0.000000E+00   1.191741E+00      N015                                                                                                    
         8             16              0        3.056800E-05   0.000000E+00   8.044210E-01      O016                                                                                                    
         8             18              0        5.571300E-05   0.000000E+00   6.259887E+00      O018                                                                                                    
         9             19              0        5.912000E-03   0.000000E+00   1.847500E+00      F019                                                                                                    
        10             20              0        2.978100E-04   0.000000E+00   2.502605E+00      Ne020                                                                                                   
        10             21              0        8.927000E-04   0.000000E+00   5.951333E-01      Ne021                                                                                                   
        10             22              0        5.875700E-06   0.000000E+00   1.013052E-01      Ne022                                                                                                   
        11             23              0        1.584400E-03   0.000000E+00   1.043366E+00      Na023                                                                                                   
        12             24              0        3.734000E-03   0.000000E+00   1.131515E+00      Mg024                                                                                                   
        12             25              0        5.281000E-03   0.000000E+00   8.251562E-01      Mg025                                                                                                   
        12             26              0        8.074500E-05   0.000000E+00   6.408333E-01      Mg026                                                                                                   
        13             27              0        3.392800E-03   0.000000E+00   9.071658E-01      Al027                                                                                                   
        14             28              0        3.588700E-03   0.000000E+00   2.527254E+00      Si028                                                                                                   
        14             29              0        8.032400E-03   0.000000E+00   1.220729E+00      Si029                                                                                                   
        14             30              0        4.696000E-03   0.000000E+00   2.580220E+00      Si030                                                                                                   
        15             31              0        1.601700E-03   0.000000E+00   9.205171E-01      P031                                                                                                    
        16             32              0        5.682100E-03   0.000000E+00   1.385878E+00      S032                                                                                                    
        16             33              0        2.335200E-03   0.000000E+00   3.155676E-01      S033                                                                                                    
        16             34              0        2.224900E-04   0.000000E+00   9.844690E-01      S034                                                                                                    
        16             36              0        6.397100E-04   0.000000E+00   3.740994E+00      S036                                                                                                    
        17             35              0        7.729200E-03   0.000000E+00   7.968248E-01      Cl035                                                                                                   
        17             37              0        2.078600E-03   0.000000E+00   9.804717E-01      Cl037                                                                                                   
        18             36              0        5.210900E-03   0.000000E+00   3.418876E+00      Ar036                                                                                                   
        18             38              0        8.972900E-04   0.000000E+00   9.611115E-01      Ar038                                                                                                   
        18             40              0        2.233300E-03   0.000000E+00   8.758038E-01      Ar040                                                                                                   
        19             39              0        1.073300E-02   0.000000E+00   9.095762E-01      K039                                                                                                    
        19             41              0        2.060200E-02   0.000000E+00   9.364545E-01      K041                                                                                                    
        20             40              0        5.221600E-03   0.000000E+00   1.012217E+00      Ca040                                                                                                   
        20             42              0        1.259700E-02   0.000000E+00   8.074999E-01      Ca042                                                                                                   
        20             43              0        3.874800E-02   0.000000E+00   7.597647E-01      Ca043                                                                                                   
        20             44              0        7.843000E-03   0.000000E+00   8.343617E-01      Ca044                                                                                                   
        20             46              0        2.618100E-03   0.000000E+00   4.939811E-01      Ca046                                                                                                   
        20             48              0        1.108300E-04   0.000000E+00   1.273908E-01      Ca048                                                                                                   
        21             45              0        6.644000E-02   0.000000E+00   1.201534E+00      Sc045                                                                                                   
        22             46              0        2.559300E-02   0.000000E+00   9.549626E-01      Ti046                                                                                                   
        22             47              0        4.728600E-02   0.000000E+00   7.342547E-01      Ti047                                                                                                   
        22             48              0        2.702000E-02   0.000000E+00   8.496855E-01      Ti048                                                                                                   
        22             49              0        1.610200E-02   0.000000E+00   7.285972E-01      Ti049                                                                                                   
        22             50              0        3.035500E-03   0.000000E+00   8.431944E-01      Ti050                                                                                                   
        23             51              0        3.246300E-02   0.000000E+00   8.542894E-01      V051                                                                                                    
        24             50              0        3.880900E-02   0.000000E+00   7.920204E-01      Cr050                                                                                                   
        24             52              0        8.008300E-03   0.000000E+00   9.100341E-01      Cr052                                                                                                   
        24             53              0        2.670000E-02   0.000000E+00   4.603448E-01      Cr053                                                                                                   
        24             54              0        4.784100E-03   0.000000E+00   7.140448E-01      Cr054                                                                                                   
        25             55              0        3.301000E-02   0.000000E+00   8.335858E-01      Mn055                                                                                                   
        26             54              0        2.746500E-02   0.000000E+00   9.278716E-01      Fe054                                                                                                   
        26             56              0        1.258600E-02   0.000000E+00   1.075727E+00      Fe056                                                                                                   
        26             57              0        3.652300E-02   0.000000E+00   9.130749E-01      Fe057                                                                                                   
        26             58              0        1.518100E-02   0.000000E+00   1.206906E+00      Fe058                                                                                                   
        26             60              0        7.610800E-03   0.000000E+00   1.542355E+00      Fe060                                                                                                   
        27             59              0        3.461700E-02   0.000000E+00   9.741411E-01      Co059                                                                                                   
        28             58              0        3.411200E-02   0.000000E+00   8.814470E-01      Ni058                                                                                                   
        28             60              0        2.705800E-02   0.000000E+00   9.049498E-01      Ni060                                                                                                   
        28             61              0        9.052300E-02   0.000000E+00   1.103939E+00      Ni061                                                                                                   
        28             62              0        2.423600E-02   0.000000E+00   1.086816E+00      Ni062                                                                                                   
        28             64              0        2.043300E-02   0.000000E+00   2.874681E+00      Ni064                                                                                                   
        29             63              0        7.392800E-02   0.000000E+00   1.327253E+00      Cu063                                                                                                   
        29             65              0        3.885000E-02   0.000000E+00   1.440904E+00      Cu065                                                                                                   
        30             64              0        6.149300E-02   0.000000E+00   1.257863E+00      Zn064                                                                                                   
        30             66              0        3.673100E-02   0.000000E+00   1.049457E+00      Zn066                                                                                                   
        30             67              0        1.163400E-01   0.000000E+00   7.603921E-01      Zn067                                                                                                   
        30             68              0        2.091600E-02   0.000000E+00   1.089375E+00      Zn068                                                                                                   
        30             70              0        1.182900E-02   0.000000E+00   1.266661E+00      Zn070                                                                                                   
        31             69              0        1.401100E-01   0.000000E+00   1.007985E+00      Ga069                                                                                                   
        31             71              0        1.282800E-01   0.000000E+00   1.042927E+00      Ga071                                                                                                   
        32             70              0        8.976700E-02   0.000000E+00   1.020079E+00      Ge070                                                                                                   
        32             74              0        4.576000E-02   0.000000E+00   1.276055E+00      Ge074                                                                                                   
        32             76              0        1.702200E-02   0.000000E+00   7.917209E-01      Ge076                                                                                                   
        33             75              0        4.482800E-01   0.000000E+00   1.317312E+00      As075                                                                                                   
        34             74              0        2.803400E-01   0.000000E+00   1.034465E+00      Se074                                                                                                   
        34             76              0        1.693500E-01   0.000000E+00   1.032622E+00      Se076                                                                                                   
        34             78              0        8.393200E-02   0.000000E+00   1.489297E+00      Se078                                                                                                   
        34             80              0        3.842700E-02   0.000000E+00   9.149285E-01      Se080                                                                                                   
        35             79              0        7.050200E-01   0.000000E+00   1.187402E+00      Br079                                                                                                   
        35             81              0        2.871300E-01   0.000000E+00   1.355822E+00      Br081                                                                                                   
        36             78              0        4.263100E-01   0.000000E+00   1.328068E+00      Kr078                                                                                                   
        36             80              0        2.842400E-01   0.000000E+00   1.064569E+00      Kr080                                                                                                   
        36             82              0        9.646800E-02   0.000000E+00   1.071867E+00      Kr082                                                                                                   
        36             83              0        2.682000E-01   0.000000E+00   1.103704E+00      Kr083                                                                                                   
        36             84              0        3.896700E-02   0.000000E+00   1.025447E+00      Kr084                                                                                                   
        36             86              0        5.128500E-03   0.000000E+00   1.508382E+00      Kr086                                                                                                   
        37             85              0        2.924600E-01   0.000000E+00   1.353888E+00      Rb085                                                                                                   
        37             87              0        2.569000E-02   0.000000E+00   1.636306E+00      Rb087                                                                                                   
        38             84              0        3.226500E-01   0.000000E+00   1.140673E+00      Sr084                                                                                                   
        38             86              0        6.550100E-02   0.000000E+00   1.023453E+00      Sr086                                                                                                   
        38             87              0        9.228400E-02   0.000000E+00   1.003087E+00      Sr087                                                                                                   
        38             88              0        5.401300E-03   0.000000E+00   8.811255E-01      Sr088                                                                                                   
        38             89              0        1.670900E-02   0.000000E+00   8.794210E-01      Sr089                                                                                                   
        39             89              0        2.033800E-02   0.000000E+00   1.144797E+00      Y089                                                                                                    
        40             90              0        1.933700E-02   0.000000E+00   1.001917E+00      Zr090                                                                                                   
        40             91              0        6.386100E-02   0.000000E+00   1.030016E+00      Zr091                                                                                                   
        40             92              0        3.637900E-02   0.000000E+00   1.208605E+00      Zr092                                                                                                   
        40             93              0        9.551600E-02   0.000000E+00   1.005432E+00      Zr093                                                                                                   
        40             94              0        2.727700E-02   0.000000E+00   1.049115E+00      Zr094                                                                                                   
        40             96              0        9.502600E-03   0.000000E+00   8.880934E-01      Zr096                                                                                                   
        41             93              0        1.045000E-01   0.000000E+00   3.928572E-01      Nb093                                                                                                   
        42             92              0        6.739900E-02   0.000000E+00   9.628429E-01      Mo092                                                                                                   
        42             94              0        1.012400E-01   0.000000E+00   9.925490E-01      Mo094                                                                                                   
        42             95              0        3.884900E-01   0.000000E+00   1.330445E+00      Mo095                                                                                                   
        42             96              0        1.057400E-01   0.000000E+00   9.441071E-01      Mo096                                                                                                   
        42             97              0        3.903600E-01   0.000000E+00   1.151504E+00      Mo097                                                                                                   
        42             98              0        8.553600E-02   0.000000E+00   8.640000E-01      Mo098                                                                                                   
        42            100              0        8.621200E-02   0.000000E+00   7.982593E-01      Mo100                                                                                                   
        43             99              0        9.265000E-01   0.000000E+00   1.186300E+00      Tc099                                                                                                   
        44             96              0        2.171000E-01   0.000000E+00   1.166301E+00      Ru096                                                                                                   
        44            100              0        1.958500E-01   0.000000E+00   9.507281E-01      Ru100                                                                                                   
        44            101              0        8.974900E-01   0.000000E+00   9.010944E-01      Ru101                                                                                                   
        44            102              0        1.889000E-01   0.000000E+00   1.250993E+00      Ru102                                                                                                   
        44            104              0        1.602300E-01   0.000000E+00   1.027115E+00      Ru104                                                                                                   
        46            102              0        2.902100E-01   0.000000E+00   8.067636E-01      Pd102                                                                                                   
        46            104              0        2.712900E-01   0.000000E+00   9.387197E-01      Pd104                                                                                                   
        46            105              0        1.232500E+00   0.000000E+00   1.027083E+00      Pd105                                                                                                   
        46            106              0        2.546700E-01   0.000000E+00   1.010595E+00      Pd106                                                                                                   
        46            107              0        1.311000E+00   0.000000E+00   9.783581E-01      Pd107                                                                                                   
        46            108              0        2.285600E-01   0.000000E+00   1.125911E+00      Pd108                                                                                                   
        46            110              0        1.600500E-01   0.000000E+00   1.096233E+00      Pd110                                                                                                   
        48            106              0        4.962100E-01   0.000000E+00   1.643079E+00      Cd106                                                                                                   
        48            108              0        3.535900E-01   0.000000E+00   1.750445E+00      Cd108                                                                                                   
        48            110              0        2.270500E-01   0.000000E+00   9.057158E-01      Cd110                                                                                                   
        48            111              0        7.266600E-01   0.000000E+00   9.089962E-01      Cd111                                                                                                   
        48            112              0        1.821800E-01   0.000000E+00   9.114327E-01      Cd112                                                                                                   
        48            113              0        5.975600E-01   0.000000E+00   8.473351E-01      Cd113                                                                                                   
        48            114              0        1.360200E-01   0.000000E+00   9.855657E-01      Cd114                                                                                                   
        48            116              0        7.648800E-02   0.000000E+00   9.583414E-01      Cd116                                                                                                   
        49            113              0        8.740300E-01   0.000000E+00   1.110584E+00      In113                                                                                                   
        49            115              0        7.841900E-01   0.000000E+00   1.110751E+00      In115                                                                                                   
        50            112              0        2.016300E-01   0.000000E+00   9.601428E-01      Sn112                                                                                                   
        50            114              0        1.233100E-01   0.000000E+00   8.614793E-01      Sn114                                                                                                   
        50            115              0        3.727800E-01   0.000000E+00   9.909655E-01      Sn115                                                                                                   
        50            116              0        9.156100E-02   0.000000E+00   9.430207E-01      Sn116                                                                                                   
        50            117              0        3.466000E-01   0.000000E+00   1.028464E+00      Sn117                                                                                                   
        50            118              0        7.151800E-02   0.000000E+00   1.085815E+00      Sn118                                                                                                   
        50            119              0        2.262200E-01   0.000000E+00   1.256778E+00      Sn119                                                                                                   
        50            120              0        3.795500E-02   0.000000E+00   9.770783E-01      Sn120                                                                                                   
        50            122              0        3.057600E-02   0.000000E+00   1.396164E+00      Sn122                                                                                                   
        50            124              0        1.964100E-02   0.000000E+00   1.636750E+00      Sn124                                                                                                   
        51            121              0        6.715100E-01   0.000000E+00   1.399875E+00      Sb121                                                                                                   
        51            123              0        3.961600E-01   0.000000E+00   1.380238E+00      Sb123                                                                                                   
        52            120              0        5.358200E-01   0.000000E+00   1.221792E+00      Te120                                                                                                   
        52            122              0        2.923200E-01   0.000000E+00   8.898427E-01      Te122                                                                                                   
        52            123              0        8.311800E-01   0.000000E+00   9.428108E-01      Te123                                                                                                   
        52            124              0        1.521900E-01   0.000000E+00   9.349198E-01      Te124                                                                                                   
        52            125              0        4.495400E-01   0.000000E+00   9.948626E-01      Te125                                                                                                   
        52            126              0        8.656000E-02   0.000000E+00   1.002072E+00      Te126                                                                                                   
        52            128              0        3.957900E-02   0.000000E+00   9.155591E-01      Te128                                                                                                   
        52            130              0        1.497000E-02   0.000000E+00   1.018367E+00      Te130                                                                                                   
        53            127              0        6.934100E-01   0.000000E+00   1.091984E+00      I127                                                                                                    
        53            129              0        3.832500E-01   0.000000E+00   8.690476E-01      I129                                                                                                    
        54            124              0        9.260400E-01   0.000000E+00   1.607601E+00      Xe124                                                                                                   
        54            126              0        5.502800E-01   0.000000E+00   1.629614E+00      Xe126                                                                                                   
        54            128              0        2.590700E-01   0.000000E+00   9.329243E-01      Xe128                                                                                                   
        54            129              0        6.015100E-01   0.000000E+00   9.112235E-01      Xe129                                                                                                   
        54            130              0        1.339000E-01   0.000000E+00   9.474394E-01      Xe130                                                                                                   
        54            132              0        6.188300E-02   0.000000E+00   1.060937E+00      Xe132                                                                                                   
        54            134              0        2.554300E-02   0.000000E+00   1.240452E+00      Xe134                                                                                                   
        54            136              0        8.784900E-04   0.000000E+00   9.593800E-01      Xe136                                                                                                   
        55            133              0        5.436300E-01   0.000000E+00   1.068035E+00      Cs133                                                                                                   
        55            135              0        1.636000E-01   0.000000E+00   1.068562E+00      Cs135                                                                                                   
        56            130              0        6.963200E-01   0.000000E+00   9.545516E-01      Ba130                                                                                                   
        56            132              0        3.636700E-01   0.000000E+00   9.525889E-01      Ba132                                                                                                   
        56            134              0        1.779500E-01   0.000000E+00   9.585587E-01      Ba134                                                                                                   
        56            135              0        7.909500E-01   0.000000E+00   1.618573E+00      Ba135                                                                                                   
        56            136              0        6.621700E-02   0.000000E+00   9.825902E-01      Ba136                                                                                                   
        56            138              0        4.424800E-03   0.000000E+00   1.106200E+00      Ba138                                                                                                   
        57            139              0        3.955100E-02   0.000000E+00   1.220710E+00      La139                                                                                                   
        58            136              0        2.796100E-01   0.000000E+00   8.709968E-01      Ce136                                                                                                   
        58            138              0        1.476000E-01   0.000000E+00   8.901948E-01      Ce138                                                                                                   
        58            140              0        1.001700E-02   0.000000E+00   9.579769E-01      Ce140                                                                                                   
        58            142              0        1.988100E-02   0.000000E+00   7.812067E-01      Ce142                                                                                                   
        59            141              0        1.271900E-01   0.000000E+00   1.081463E+00      Pr141                                                                                                   
        60            142              0        3.565000E-02   0.000000E+00   9.972056E-01      Nd142                                                                                                   
        60            143              0        2.324400E-01   0.000000E+00   8.997229E-01      Nd143                                                                                                   
        60            144              0        7.452700E-02   0.000000E+00   8.635136E-01      Nd144                                                                                                   
        60            145              0        4.095200E-01   0.000000E+00   9.073011E-01      Nd145                                                                                                   
        60            146              0        9.157400E-02   0.000000E+00   9.434185E-01      Nd146                                                                                                   
        60            148              0        1.362300E-01   0.000000E+00   8.896199E-01      Nd148                                                                                                   
        60            150              0        1.565100E-01   0.000000E+00   9.267412E-01      Nd150                                                                                                   
        61            147              0        7.079400E-01   0.000000E+00   9.985048E-01      Pm147                                                                                                   
        62            144              0        8.847300E-02   0.000000E+00   9.616629E-01      Sm144                                                                                                   
        62            147              0        9.692500E-01   0.000000E+00   9.961459E-01      Sm147                                                                                                   
        62            148              0        2.365600E-01   0.000000E+00   2.260732E-01      Sm148                                                                                                   
        62            149              0        1.823600E+00   0.000000E+00   9.436677E-01      Sm149                                                                                                   
        62            150              0        4.225000E-01   0.000000E+00   9.456466E-01      Sm150                                                                                                   
        62            151              0        2.890500E+00   0.000000E+00   8.943727E-01      Sm151                                                                                                   
        62            152              0        4.683700E-01   0.000000E+00   9.435014E-01      Sm152                                                                                                   
        62            154              0        2.842000E-01   0.000000E+00   1.527543E+00      Sm154                                                                                                   
        63            151              0        3.566000E+00   0.000000E+00   1.025302E+00      Eu151                                                                                                   
        63            153              0        2.473600E+00   0.000000E+00   9.677620E-01      Eu153                                                                                                   
        63            155              0        1.268200E+00   0.000000E+00   9.607576E-01      Eu155                                                                                                   
        64            152              0        1.021400E+00   0.000000E+00   9.258805E-01      Gd152                                                                                                   
        64            154              0        9.949400E-01   0.000000E+00   9.145249E-01      Gd154                                                                                                   
        64            155              0        2.738400E+00   0.000000E+00   9.759362E-01      Gd155                                                                                                   
        64            156              0        5.965100E-01   0.000000E+00   9.142628E-01      Gd156                                                                                                   
        64            157              0        1.405300E+00   0.000000E+00   9.709261E-01      Gd157                                                                                                   
        64            158              0        3.208000E-01   0.000000E+00   9.292713E-01      Gd158                                                                                                   
        64            160              0        1.871900E-01   0.000000E+00   1.215519E+00      Gd160                                                                                                   
        65            159              0        1.562600E+00   0.000000E+00   9.889873E-01      Tb159                                                                                                   
        66            156              0        1.484300E+00   0.000000E+00   9.609072E-01      Dy156                                                                                                   
        66            160              0        8.725500E-01   0.000000E+00   9.202795E-01      Dy160                                                                                                   
        66            161              0        1.988900E+00   0.000000E+00   9.509974E-01      Dy161                                                                                                   
        66            162              0        4.634400E-01   0.000000E+00   9.773992E-01      Dy162                                                                                                   
        66            163              0        1.118400E+00   0.000000E+00   9.452180E-01      Dy163                                                                                                   
        66            164              0        2.109300E-01   0.000000E+00   9.353731E-01      Dy164                                                                                                   
        67            163              0        2.610000E+00   0.000000E+00   1.228235E+00      Ho163                                                                                                   
        67            165              0        1.296500E+00   0.000000E+00   1.012891E+00      Ho165                                                                                                   
        68            162              0        1.524800E+00   0.000000E+00   9.389162E-01      Er162                                                                                                   
        68            164              0        1.102100E+00   0.000000E+00   1.016697E+00      Er164                                                                                                   
        68            166              0        6.520500E-01   0.000000E+00   1.158170E+00      Er166                                                                                                   
        68            167              0        1.531600E+00   0.000000E+00   1.074807E+00      Er167                                                                                                   
        68            168              0        3.540700E-01   0.000000E+00   1.047544E+00      Er168                                                                                                   
        68            170              0        2.510000E-01   0.000000E+00   1.721582E+00      Er170                                                                                                   
        69            169              0        1.055400E+00   0.000000E+00   9.348095E-01      Tm169                                                                                                   
        70            168              0        1.217900E+00   0.000000E+00   1.086925E+00      Yb168                                                                                                   
        70            170              0        7.779400E-01   0.000000E+00   9.538406E-01      Yb170                                                                                                   
        70            171              0        1.258300E+00   0.000000E+00   9.802309E-01      Yb171                                                                                                   
        70            172              0        3.552400E-01   0.000000E+00   9.772412E-01      Yb172                                                                                                   
        70            173              0        7.754200E-01   0.000000E+00   9.701015E-01      Yb173                                                                                                   
        70            174              0        1.589700E-01   0.000000E+00   9.954233E-01      Yb174                                                                                                   
        70            176              0        1.213300E-01   0.000000E+00   9.849676E-01      Yb176                                                                                                   
        71            175              0        1.304200E+00   0.000000E+00   1.006904E+00      Lu175                                                                                                   
        72            174              0        9.824500E-01   0.000000E+00   1.043908E+00      Hf174                                                                                                   
        72            176              0        5.944500E-01   0.000000E+00   9.009961E-01      Hf176                                                                                                   
        72            177              0        1.518700E+00   0.000000E+00   9.228561E-01      Hf177                                                                                                   
        72            178              0        3.633600E-01   0.000000E+00   1.078685E+00      Hf178                                                                                                   
        72            179              0        9.927700E-01   0.000000E+00   1.007966E+00      Hf179                                                                                                   
        72            180              0        1.956800E-01   0.000000E+00   1.181862E+00      Hf180                                                                                                   
        72            182              0        1.445200E-01   0.000000E+00   1.056912E+00      Hf182                                                                                                   
        73            180              0        1.561400E+00   0.000000E+00   8.531625E-01      Ta180                                                                                                   
        73            181              0        8.174800E-01   0.000000E+00   9.988567E-01      Ta181                                                                                                   
        74            180              0        5.631600E-01   0.000000E+00   8.447064E-01      W180                                                                                                    
        74            182              0        2.792000E-01   0.000000E+00   1.018978E+00      W182                                                                                                    
        74            183              0        5.744500E-01   0.000000E+00   1.115437E+00      W183                                                                                                    
        74            184              0        2.447400E-01   0.000000E+00   1.097489E+00      W184                                                                                                    
        74            186              0        1.933600E-01   0.000000E+00   1.093286E+00      W186                                                                                                    
        75            185              0        1.309500E+00   0.000000E+00   8.530944E-01      Re185                                                                                                   
        75            187              0        1.168300E+00   0.000000E+00   1.026268E+00      Re187                                                                                                   
        76            184              0        7.245700E-01   0.000000E+00   1.290969E+00      Os184                                                                                                   
        76            186              0        4.574400E-01   0.000000E+00   1.115707E+00      Os186                                                                                                   
        76            187              0        1.190800E+00   0.000000E+00   1.232712E+00      Os187                                                                                                   
        76            188              0        3.631400E-01   0.000000E+00   1.239386E+00      Os188                                                                                                   
        76            189              0        1.086500E+00   0.000000E+00   9.302226E-01      Os189                                                                                                   
        76            190              0        3.573000E-01   0.000000E+00   1.352986E+00      Os190                                                                                                   
        76            192              0        2.360600E-01   0.000000E+00   1.558683E+00      Os192                                                                                                   
        77            191              0        1.437100E+00   0.000000E+00   1.168577E+00      Ir191                                                                                                   
        77            193              0        9.877700E-01   0.000000E+00   1.098383E+00      Ir193                                                                                                   
        78            190              0        5.115200E-01   0.000000E+00   9.459819E-01      Pt190                                                                                                   
        78            196              0        1.605300E-01   0.000000E+00   8.772131E-01      Pt196                                                                                                   
        78            198              0        9.442900E-02   0.000000E+00   1.119512E+00      Pt198                                                                                                   
        79            197              0        6.115900E-01   0.000000E+00   9.970815E-01      Au197                                                                                                   
        80            196              0        2.045500E-01   0.000000E+00   1.049523E+00      Hg196                                                                                                   
        80            198              0        1.956500E-01   0.000000E+00   1.130925E+00      Hg198                                                                                                   
        80            199              0        3.854300E-01   0.000000E+00   1.030561E+00      Hg199                                                                                                   
        80            200              0        1.241300E-01   0.000000E+00   1.079391E+00      Hg200                                                                                                   
        80            201              0        2.761100E-01   0.000000E+00   1.045871E+00      Hg201                                                                                                   
        80            202              0        7.798800E-02   0.000000E+00   1.233987E+00      Hg202                                                                                                   
        80            204              0        4.748700E-02   0.000000E+00   1.130643E+00      Hg204                                                                                                   
        81            203              0        1.748000E-01   0.000000E+00   1.409677E+00      Tl203                                                                                                   
        81            205              0        5.362100E-02   0.000000E+00   9.929815E-01      Tl205                                                                                                   
        82            204              0        8.371900E-02   0.000000E+00   1.033568E+00      Pb204                                                                                                   
        82            206              0        1.467000E-02   0.000000E+00   1.011724E+00      Pb206                                                                                                   
        82            207              0        1.059500E-02   0.000000E+00   1.070202E+00      Pb207                                                                                                   
        82            208              0        3.739800E-04   0.000000E+00   1.038833E+00      Pb208                                                                                                   
        83            209              0        2.635500E-03   0.000000E+00   1.029492E+00      Bi209                                                                                                   
