# header:
#   title: (n,g) MACS for Kadonis
#   source: Resonancetables
#   date: 2025-05-27
# reaction:
#   type: (n,g)
# quantity:
#   type: MACS
# datablock:
#   columns: 7
#   entries: 272
##       Z              A            Liso           Value         dValue          Ratio         Nuclide
##      []             []             []             [b]            [b]            []             []
         1              1              0        2.540000E-04   2.000000E-05   1.000000E+00      H001                                                                                                    
         1              2              0        3.000000E-06   2.000000E-07   1.000000E+00      H002                                                                                                    
         2              3              0        7.600001E-06   6.000001E-07   1.000000E+00      He003                                                                                                   
         3              7              0        4.200000E-05   3.000000E-06   1.000000E+00      Li007                                                                                                   
         4              9              0        1.020000E-05   1.600000E-06   1.123423E+00      Be009                                                                                                   
         6             12              0        1.540000E-05   1.000000E-06   1.000000E+00      C012                                                                                                    
         6             13              0        2.100000E-05   4.000000E-06   7.466868E-01      C013                                                                                                    
         6             14              0        8.480000E-06   5.700000E-07   1.000000E+00      C014                                                                                                    
         7             14              0        4.100000E-05   6.000000E-05   9.999999E-01      N014                                                                                                    
         7             15              0        5.800000E-06   6.000001E-07   1.000000E+00      N015                                                                                                    
         8             16              0        3.800000E-05   4.000000E-06   9.999999E-01      O016                                                                                                    
         8             18              0        8.900000E-06   8.000000E-07   9.999999E-01      O018                                                                                                    
         9             19              0        3.200000E-03   1.000000E-04   9.999999E-01      F019                                                                                                    
        10             20              0        1.190000E-04   1.100000E-05   9.999999E-01      Ne020                                                                                                   
        10             21              0        1.500000E-03   9.000000E-04   1.000000E+00      Ne021                                                                                                   
        10             22              0        5.800000E-05   4.000000E-06   1.000000E+00      Ne022                                                                                                   
        11             23              0        2.100000E-03   2.000000E-04   1.382901E+00      Na023                                                                                                   
        12             24              0        3.300000E-03   4.000000E-04   9.999999E-01      Mg024                                                                                                   
        12             25              0        6.400000E-03   4.000000E-04   9.999999E-01      Mg025                                                                                                   
        12             26              0        1.260000E-04   9.000000E-06   9.999999E-01      Mg026                                                                                                   
        13             27              0        3.740000E-03   3.000000E-04   1.000000E+00      Al027                                                                                                   
        14             28              0        1.420000E-03   1.300000E-04   1.000000E+00      Si028                                                                                                   
        14             29              0        6.580000E-03   6.600001E-04   9.999999E-01      Si029                                                                                                   
        14             30              0        1.820000E-03   3.300000E-04   9.999999E-01      Si030                                                                                                   
        15             31              0        1.740000E-03   9.000001E-05   9.999999E-01      P031                                                                                                    
        16             32              0        4.100000E-03   2.000000E-04   1.000000E+00      S032                                                                                                    
        16             33              0        7.400000E-03   1.500000E-03   9.999999E-01      S033                                                                                                    
        16             34              0        2.260000E-04   1.000000E-05   1.000000E+00      S034                                                                                                    
        16             36              0        1.710000E-04   1.400000E-05   1.000000E+00      S036                                                                                                    
        17             35              0        9.700000E-03   2.100000E-04   1.000000E+00      Cl035                                                                                                   
        17             37              0        2.120000E-03   7.000000E-05   1.000000E+00      Cl037                                                                                                   
        18             40              0        2.550000E-03   1.000000E-04   1.000000E+00      Ar040                                                                                                   
        19             39              0        1.180000E-02   4.000000E-04   1.000000E+00      K039                                                                                                    
        19             41              0        2.200000E-02   7.000000E-04   9.999999E-01      K041                                                                                                    
        20             40              0        5.730000E-03   3.400000E-04   1.110771E+00      Ca040                                                                                                   
        20             42              0        1.560000E-02   2.000000E-03   9.999999E-01      Ca042                                                                                                   
        20             43              0        5.100000E-02   6.000000E-03   9.999999E-01      Ca043                                                                                                   
        20             44              0        9.400000E-03   1.300000E-03   1.000000E+00      Ca044                                                                                                   
        20             46              0        5.300000E-03   5.000000E-04   9.999999E-01      Ca046                                                                                                   
        20             48              0        8.700000E-04   9.000001E-05   9.999999E-01      Ca048                                                                                                   
        21             45              0        6.900001E-02   5.000000E-03   1.247830E+00      Sc045                                                                                                   
        22             46              0        2.680000E-02   3.200000E-03   9.999999E-01      Ti046                                                                                                   
        22             47              0        6.440000E-02   7.700000E-03   1.000000E+00      Ti047                                                                                                   
        22             48              0        3.180000E-02   5.100000E-03   1.000000E+00      Ti048                                                                                                   
        22             49              0        2.210000E-02   2.100000E-03   9.999999E-01      Ti049                                                                                                   
        22             50              0        3.600000E-03   4.000000E-04   9.999999E-01      Ti050                                                                                                   
        23             51              0        3.800000E-02   4.000000E-03   9.999999E-01      V051                                                                                                    
        24             50              0        4.900000E-02   1.300000E-02   9.999999E-01      Cr050                                                                                                   
        24             52              0        8.800001E-03   2.300000E-03   1.000000E+00      Cr052                                                                                                   
        24             53              0        5.800000E-02   1.000000E-02   9.999999E-01      Cr053                                                                                                   
        24             54              0        6.700000E-03   1.600000E-03   9.999999E-01      Cr054                                                                                                   
        25             55              0        3.960000E-02   3.000000E-03   1.000000E+00      Mn055                                                                                                   
        26             54              0        2.960000E-02   1.300000E-03   9.999999E-01      Fe054                                                                                                   
        26             56              0        1.170000E-02   5.000000E-04   9.999999E-01      Fe056                                                                                                   
        26             57              0        4.000000E-02   4.000000E-03   9.999999E-01      Fe057                                                                                                   
        26             58              0        1.350000E-02   7.000000E-04   1.073265E+00      Fe058                                                                                                   
        26             60              0        5.150001E-03   1.410000E-03   1.043665E+00      Fe060                                                                                                   
        27             59              0        3.960000E-02   2.700000E-03   1.114365E+00      Co059                                                                                                   
        28             58              0        3.870000E-02   1.500000E-03   9.999999E-01      Ni058                                                                                                   
        28             60              0        2.990000E-02   7.000000E-04   9.999999E-01      Ni060                                                                                                   
        28             61              0        8.200000E-02   8.000000E-03   1.000000E+00      Ni061                                                                                                   
        28             62              0        2.230000E-02   1.600000E-03   1.000000E+00      Ni062                                                                                                   
        28             64              0        8.000000E-03   7.000000E-04   1.125505E+00      Ni064                                                                                                   
        29             63              0        5.570000E-02   2.200000E-03   9.999999E-01      Cu063                                                                                                   
        30             64              0        5.900000E-02   5.000000E-03   1.206867E+00      Zn064                                                                                                   
        30             66              0        3.500000E-02   3.000000E-03   1.000000E+00      Zn066                                                                                                   
        30             67              0        1.530000E-01   1.500000E-02   9.999999E-01      Zn067                                                                                                   
        30             68              0        1.920000E-02   2.400000E-03   1.000000E+00      Zn068                                                                                                   
        31             69              0        1.390000E-01   6.000000E-03   9.999999E-01      Ga069                                                                                                   
        31             71              0        1.230000E-01   8.000000E-03   1.000000E+00      Ga071                                                                                                   
        32             70              0        8.800001E-02   5.000000E-03   1.000000E+00      Ge070                                                                                                   
        32             74              0        3.760000E-02   3.900000E-03   1.048506E+00      Ge074                                                                                                   
        32             76              0        2.150000E-02   1.800000E-03   1.000000E+00      Ge076                                                                                                   
        33             75              0        3.620000E-01   1.900000E-02   1.063770E+00      As075                                                                                                   
        34             74              0        2.710000E-01   1.500000E-02   9.999999E-01      Se074                                                                                                   
        34             76              0        1.640000E-01   8.000000E-03   1.000000E+00      Se076                                                                                                   
        34             78              0        6.000000E-02   9.600000E-03   1.064645E+00      Se078                                                                                                   
        34             80              0        4.200000E-02   3.000000E-03   9.999999E-01      Se080                                                                                                   
        35             79              0        6.280000E-01   3.400000E-02   1.057684E+00      Br079                                                                                                   
        35             81              0        2.390000E-01   7.000000E-03   1.128554E+00      Br081                                                                                                   
        36             78              0        3.210000E-01   2.600000E-02   1.000000E+00      Kr078                                                                                                   
        36             80              0        2.670000E-01   1.400000E-02   9.999999E-01      Kr080                                                                                                   
        36             82              0        9.000000E-02   6.000000E-03   1.000000E+00      Kr082                                                                                                   
        36             83              0        2.430000E-01   1.500000E-02   9.999999E-01      Kr083                                                                                                   
        36             84              0        3.800000E-02   4.000000E-03   9.999999E-01      Kr084                                                                                                   
        36             86              0        3.400000E-03   3.000000E-04   9.999999E-01      Kr086                                                                                                   
        37             85              0        2.340000E-01   7.000000E-03   1.083259E+00      Rb085                                                                                                   
        37             87              0        1.570000E-02   8.000000E-04   9.999999E-01      Rb087                                                                                                   
        38             84              0        3.000000E-01   1.700000E-02   1.060598E+00      Sr084                                                                                                   
        38             86              0        6.400000E-02   3.000000E-03   1.000000E+00      Sr086                                                                                                   
        38             87              0        9.200001E-02   4.000000E-03   1.000000E+00      Sr087                                                                                                   
        38             88              0        6.130001E-03   1.100000E-04   1.000000E+00      Sr088                                                                                                   
        38             89              0        1.900000E-02   1.400000E-02   9.999999E-01      Sr089                                                                                                   
        40             90              0        1.930000E-02   9.000000E-04   1.000000E+00      Zr090                                                                                                   
        40             91              0        6.200000E-02   3.400000E-03   9.999999E-01      Zr091                                                                                                   
        40             92              0        3.010000E-02   1.700000E-03   9.999999E-01      Zr092                                                                                                   
        40             93              0        9.500001E-02   1.000000E-02   1.000000E+00      Zr093                                                                                                   
        40             94              0        2.600000E-02   1.000000E-03   1.000000E+00      Zr094                                                                                                   
        40             96              0        1.070000E-02   5.000000E-04   1.000000E+00      Zr096                                                                                                   
        41             93              0        2.660000E-01   5.000000E-03   1.000000E+00      Nb093                                                                                                   
        42             92              0        7.000000E-02   1.000000E-02   1.000000E+00      Mo092                                                                                                   
        42             94              0        1.020000E-01   2.000000E-02   9.999999E-01      Mo094                                                                                                   
        42             95              0        2.920000E-01   1.200000E-02   9.999999E-01      Mo095                                                                                                   
        42             96              0        1.120000E-01   8.000000E-03   1.000000E+00      Mo096                                                                                                   
        42             97              0        3.390000E-01   1.400000E-02   9.999999E-01      Mo097                                                                                                   
        42             98              0        9.900001E-02   7.000000E-03   1.000000E+00      Mo098                                                                                                   
        42            100              0        1.080000E-01   1.400000E-02   1.000000E+00      Mo100                                                                                                   
        43             99              0        7.810000E-01   4.700000E-02   1.000000E+00      Tc099                                                                                                   
        44             96              0        2.070000E-01   8.000000E-03   1.112042E+00      Ru096                                                                                                   
        44            100              0        2.060000E-01   1.300000E-02   9.999999E-01      Ru100                                                                                                   
        44            101              0        9.960001E-01   4.000000E-02   1.000000E+00      Ru101                                                                                                   
        44            102              0        1.510000E-01   7.000000E-03   9.999999E-01      Ru102                                                                                                   
        44            104              0        1.560000E-01   6.000000E-03   1.000000E+00      Ru104                                                                                                   
        45            103              0        8.110000E-01   1.400000E-02   9.376958E-01      Rh103                                                                                                   
        46            102              0        3.690000E-01   1.700000E-02   1.025794E+00      Pd102                                                                                                   
        46            104              0        2.890000E-01   2.900000E-02   1.000000E+00      Pd104                                                                                                   
        46            105              0        1.200000E+00   6.000000E-02   1.000000E+00      Pd105                                                                                                   
        46            106              0        2.520000E-01   2.500000E-02   1.000000E+00      Pd106                                                                                                   
        46            107              0        1.340000E+00   6.000000E-02   1.000000E+00      Pd107                                                                                                   
        46            108              0        2.030000E-01   2.000000E-02   9.999999E-01      Pd108                                                                                                   
        46            110              0        1.460000E-01   2.000000E-02   9.999999E-01      Pd110                                                                                                   
        47            107              0        7.920001E-01   3.000000E-02   1.000000E+00      Ag107                                                                                                   
        47            109              0        7.880000E-01   3.000000E-02   9.999999E-01      Ag109                                                                                                   
        48            106              0        3.020000E-01   2.400000E-02   9.999999E-01      Cd106                                                                                                   
        48            108              0        2.020000E-01   9.000001E-03   1.000000E+00      Cd108                                                                                                   
        48            110              0        2.370000E-01   2.000000E-03   9.454069E-01      Cd110                                                                                                   
        48            111              0        7.540000E-01   1.200000E-02   9.431964E-01      Cd111                                                                                                   
        48            112              0        1.879000E-01   1.700000E-03   9.400494E-01      Cd112                                                                                                   
        48            113              0        6.670001E-01   1.100000E-02   9.458007E-01      Cd113                                                                                                   
        48            114              0        1.292000E-01   1.300000E-03   9.361497E-01      Cd114                                                                                                   
        48            116              0        7.480001E-02   9.000000E-04   9.371920E-01      Cd116                                                                                                   
        49            113              0        7.870001E-01   7.000000E-02   1.000000E+00      In113                                                                                                   
        49            115              0        7.060000E-01   7.000000E-02   9.999999E-01      In115                                                                                                   
        50            112              0        2.100000E-01   1.200000E-02   9.999999E-01      Sn112                                                                                                   
        50            114              0        1.344000E-01   1.800000E-03   9.389573E-01      Sn114                                                                                                   
        50            115              0        3.424000E-01   8.700000E-03   9.102060E-01      Sn115                                                                                                   
        50            116              0        9.160000E-02   6.000000E-04   9.434224E-01      Sn116                                                                                                   
        50            117              0        3.190000E-01   4.800000E-03   9.465668E-01      Sn117                                                                                                   
        50            118              0        6.210000E-02   6.000000E-04   9.428268E-01      Sn118                                                                                                   
        50            119              0        1.800000E-01   1.000000E-02   1.000000E+00      Sn119                                                                                                   
        50            120              0        3.600000E-02   3.000000E-04   9.267505E-01      Sn120                                                                                                   
        50            122              0        2.190000E-02   1.500000E-03   1.000000E+00      Sn122                                                                                                   
        50            124              0        1.200000E-02   1.800000E-03   1.000000E+00      Sn124                                                                                                   
        51            121              0        5.320000E-01   1.600000E-02   1.109043E+00      Sb121                                                                                                   
        51            123              0        3.030000E-01   9.000001E-03   1.055665E+00      Sb123                                                                                                   
        52            120              0        5.190001E-01   2.600000E-02   1.183439E+00      Te120                                                                                                   
        52            122              0        2.950000E-01   3.000000E-03   8.980007E-01      Te122                                                                                                   
        52            123              0        8.320000E-01   8.000000E-03   9.437410E-01      Te123                                                                                                   
        52            124              0        1.550000E-01   2.000000E-03   9.521820E-01      Te124                                                                                                   
        52            125              0        4.310000E-01   4.000000E-03   9.538323E-01      Te125                                                                                                   
        52            126              0        8.130001E-02   1.400000E-03   9.411794E-01      Te126                                                                                                   
        52            128              0        4.440000E-02   1.300000E-03   1.027081E+00      Te128                                                                                                   
        52            130              0        1.470000E-02   2.800000E-03   1.000000E+00      Te130                                                                                                   
        53            127              0        6.350001E-01   3.000000E-02   1.000000E+00      I127                                                                                                    
        53            129              0        4.410000E-01   2.200000E-02   1.000000E+00      I129                                                                                                    
        54            124              0        6.440001E-01   8.300000E-02   1.117981E+00      Xe124                                                                                                   
        54            126              0        3.590000E-01   5.100000E-02   1.063152E+00      Xe126                                                                                                   
        54            128              0        2.630000E-01   3.700000E-03   9.470765E-01      Xe128                                                                                                   
        54            129              0        6.170000E-01   1.200000E-02   9.346892E-01      Xe129                                                                                                   
        54            130              0        1.320000E-01   2.100000E-03   9.339955E-01      Xe130                                                                                                   
        54            132              0        6.460000E-02   5.300000E-03   1.107518E+00      Xe132                                                                                                   
        54            134              0        2.020000E-02   1.700000E-03   9.809786E-01      Xe134                                                                                                   
        54            136              0        9.100001E-04   8.000001E-05   9.937915E-01      Xe136                                                                                                   
        55            133              0        5.090000E-01   2.100000E-02   1.000000E+00      Cs133                                                                                                   
        55            135              0        1.600000E-01   1.000000E-02   1.045048E+00      Cs135                                                                                                   
        56            130              0        7.460001E-01   3.400000E-02   1.022656E+00      Ba130                                                                                                   
        56            132              0        3.970000E-01   1.600000E-02   1.039893E+00      Ba132                                                                                                   
        56            134              0        1.760000E-01   5.600000E-03   9.480547E-01      Ba134                                                                                                   
        56            135              0        4.550000E-01   1.500000E-02   9.310966E-01      Ba135                                                                                                   
        56            136              0        6.120000E-02   2.000000E-03   9.081433E-01      Ba136                                                                                                   
        56            137              0        7.630001E-02   2.400000E-03   8.464329E-01      Ba137                                                                                                   
        56            138              0        4.000000E-03   2.000000E-04   1.000000E+00      Ba138                                                                                                   
        57            139              0        3.240000E-02   3.100000E-03   9.999999E-01      La139                                                                                                   
        58            136              0        3.000000E-01   2.100000E-02   9.345125E-01      Ce136                                                                                                   
        58            138              0        1.790000E-01   5.000000E-03   1.079572E+00      Ce138                                                                                                   
        58            140              0        1.100000E-02   4.000000E-04   1.051986E+00      Ce140                                                                                                   
        58            142              0        2.800000E-02   1.000000E-03   1.100236E+00      Ce142                                                                                                   
        59            141              0        1.114000E-01   1.400000E-03   9.472048E-01      Pr141                                                                                                   
        60            142              0        3.500000E-02   7.000000E-04   9.790237E-01      Nd142                                                                                                   
        60            143              0        2.450000E-01   3.000000E-03   9.483399E-01      Nd143                                                                                                   
        60            144              0        8.130001E-02   1.500000E-03   9.419897E-01      Nd144                                                                                                   
        60            145              0        4.250000E-01   5.000000E-03   9.415975E-01      Nd145                                                                                                   
        60            146              0        9.120000E-02   1.000000E-03   9.395655E-01      Nd146                                                                                                   
        60            148              0        1.470000E-01   2.000000E-03   9.599510E-01      Nd148                                                                                                   
        60            150              0        1.590000E-01   1.000000E-02   9.414852E-01      Nd150                                                                                                   
        61            147              0        7.090001E-01   1.000000E-01   1.000000E+00      Pm147                                                                                                   
        62            144              0        9.200001E-02   6.000000E-03   1.000000E+00      Sm144                                                                                                   
        62            147              0        9.730000E-01   1.000000E-02   9.999999E-01      Sm147                                                                                                   
        62            148              0        2.410000E-01   2.000000E-03   2.303163E-01      Sm148                                                                                                   
        62            149              0        1.820000E+00   1.700000E-02   9.418048E-01      Sm149                                                                                                   
        62            150              0        4.220000E-01   4.000000E-03   9.445275E-01      Sm150                                                                                                   
        62            151              0        3.031000E+00   6.800000E-02   9.378459E-01      Sm151                                                                                                   
        62            152              0        4.730000E-01   4.000000E-03   9.528282E-01      Sm152                                                                                                   
        62            154              0        2.060000E-01   9.000001E-03   1.107227E+00      Sm154                                                                                                   
        63            151              0        3.478000E+00   7.700001E-02   9.999999E-01      Eu151                                                                                                   
        63            153              0        2.556000E+00   4.600000E-02   9.999999E-01      Eu153                                                                                                   
        63            155              0        1.320000E+00   8.400001E-02   1.000000E+00      Eu155                                                                                                   
        64            152              0        1.049000E+00   1.700000E-02   9.508994E-01      Gd152                                                                                                   
        64            154              0        1.028000E+00   1.200000E-02   9.449129E-01      Gd154                                                                                                   
        64            155              0        2.648000E+00   3.000000E-02   9.437186E-01      Gd155                                                                                                   
        64            156              0        6.150000E-01   5.000000E-03   9.426022E-01      Gd156                                                                                                   
        64            157              0        1.369000E+00   1.500000E-02   9.458463E-01      Gd157                                                                                                   
        64            158              0        3.240000E-01   3.000000E-03   9.385409E-01      Gd158                                                                                                   
        64            160              0        1.540000E-01   2.000000E-02   9.999999E-01      Gd160                                                                                                   
        65            159              0        1.580000E+00   1.500000E-01   1.000000E+00      Tb159                                                                                                   
        66            156              0        1.612000E+00   9.200001E-02   1.043578E+00      Dy156                                                                                                   
        66            160              0        8.900000E-01   1.200000E-02   9.386840E-01      Dy160                                                                                                   
        66            161              0        1.964000E+00   1.900000E-02   9.390914E-01      Dy161                                                                                                   
        66            162              0        4.460000E-01   4.000000E-03   9.406181E-01      Dy162                                                                                                   
        66            163              0        1.112000E+00   1.100000E-02   9.398090E-01      Dy163                                                                                                   
        66            164              0        2.120000E-01   3.000000E-03   9.401180E-01      Dy164                                                                                                   
        67            163              0        2.125000E+00   9.500001E-02   1.000000E+00      Ho163                                                                                                   
        67            165              0        1.280000E+00   1.000000E-01   9.999999E-01      Ho165                                                                                                   
        68            162              0        1.624000E+00   1.240000E-01   9.999999E-01      Er162                                                                                                   
        68            164              0        1.084000E+00   5.100000E-02   9.999999E-01      Er164                                                                                                   
        68            166              0        5.630000E-01   5.600000E-02   1.000000E+00      Er166                                                                                                   
        68            167              0        1.425000E+00   1.430000E-01   9.999999E-01      Er167                                                                                                   
        68            168              0        3.380000E-01   4.400000E-02   9.999999E-01      Er168                                                                                                   
        68            170              0        1.700000E-01   7.000000E-03   1.166012E+00      Er170                                                                                                   
        69            169              0        1.129000E+00   5.600000E-02   9.999999E-01      Tm169                                                                                                   
        70            168              0        1.214000E+00   4.900000E-02   1.083445E+00      Yb168                                                                                                   
        70            170              0        7.680000E-01   7.000000E-03   9.416531E-01      Yb170                                                                                                   
        70            171              0        1.210000E+00   1.200000E-02   9.426047E-01      Yb171                                                                                                   
        70            172              0        3.410000E-01   3.000000E-03   9.380679E-01      Yb172                                                                                                   
        70            173              0        7.540000E-01   7.000000E-03   9.433036E-01      Yb173                                                                                                   
        70            174              0        1.510000E-01   1.700000E-03   9.455175E-01      Yb174                                                                                                   
        70            176              0        1.160000E-01   2.000000E-03   9.416983E-01      Yb176                                                                                                   
        71            175              0        1.219000E+00   1.000000E-02   9.411251E-01      Lu175                                                                                                   
        71            176              0        1.639000E+00   1.400000E-02   9.416077E-01      Lu176                                                                                                   
        72            174              0        9.830000E-01   4.600000E-02   1.044492E+00      Hf174                                                                                                   
        72            176              0        6.260000E-01   1.100000E-02   9.488158E-01      Hf176                                                                                                   
        72            177              0        1.544000E+00   1.200000E-02   9.382299E-01      Hf177                                                                                                   
        72            178              0        3.190000E-01   3.000000E-03   9.469964E-01      Hf178                                                                                                   
        72            179              0        9.220001E-01   8.000000E-03   9.361124E-01      Hf179                                                                                                   
        72            180              0        1.570000E-01   2.000000E-03   9.482440E-01      Hf180                                                                                                   
        72            182              0        1.410000E-01   8.000000E-03   1.031169E+00      Hf182                                                                                                   
        73            180              1        1.465000E+00   1.000000E-01   1.000000E+00      Ta180m                                                                                                  
        73            181              0        7.660000E-01   1.500000E-02   9.359546E-01      Ta181                                                                                                   
        74            180              0        6.600000E-01   5.300000E-02   9.899606E-01      W180                                                                                                    
        74            182              0        2.740000E-01   8.000000E-03   9.999999E-01      W182                                                                                                    
        74            183              0        5.150000E-01   1.500000E-02   9.999999E-01      W183                                                                                                    
        74            184              0        2.230000E-01   5.000000E-03   1.000000E+00      W184                                                                                                    
        74            186              0        2.350000E-01   9.000001E-03   1.328725E+00      W186                                                                                                    
        75            185              0        1.535000E+00   6.200000E-02   9.999999E-01      Re185                                                                                                   
        75            187              0        1.160000E+00   5.700000E-02   1.018977E+00      Re187                                                                                                   
        76            184              0        5.900000E-01   3.900000E-02   1.051205E+00      Os184                                                                                                   
        76            186              0        4.100000E-01   1.700000E-02   9.999999E-01      Os186                                                                                                   
        76            187              0        9.660000E-01   3.100000E-02   1.000000E+00      Os187                                                                                                   
        76            188              0        2.930000E-01   1.400000E-02   1.000000E+00      Os188                                                                                                   
        76            189              0        1.168000E+00   4.700000E-02   9.999999E-01      Os189                                                                                                   
        76            190              0        2.740000E-01   1.200000E-02   1.037554E+00      Os190                                                                                                   
        76            192              0        1.550000E-01   7.000000E-03   1.023451E+00      Os192                                                                                                   
        77            191              0        1.350000E+00   4.300000E-02   1.097752E+00      Ir191                                                                                                   
        77            193              0        9.940000E-01   7.000000E-02   1.105311E+00      Ir193                                                                                                   
        78            190              0        5.080000E-01   4.400000E-02   9.394722E-01      Pt190                                                                                                   
        78            196              0        1.830000E-01   1.600000E-02   9.999999E-01      Pt196                                                                                                   
        78            198              0        9.220000E-02   4.600000E-03   1.093086E+00      Pt198                                                                                                   
        79            197              0        5.820000E-01   9.000001E-03   9.488406E-01      Au197                                                                                                   
        80            196              0        2.040000E-01   8.000000E-03   1.046701E+00      Hg196                                                                                                   
        80            198              0        1.730000E-01   1.500000E-02   9.999999E-01      Hg198                                                                                                   
        80            199              0        3.740000E-01   2.300000E-02   1.000000E+00      Hg199                                                                                                   
        80            200              0        1.150000E-01   1.200000E-02   1.000000E+00      Hg200                                                                                                   
        80            201              0        2.640000E-01   1.400000E-02   1.000000E+00      Hg201                                                                                                   
        80            202              0        6.320000E-02   1.900000E-03   9.999999E-01      Hg202                                                                                                   
        80            204              0        4.200000E-02   4.000000E-03   9.999999E-01      Hg204                                                                                                   
        81            203              0        1.240000E-01   8.000000E-03   9.999999E-01      Tl203                                                                                                   
        81            205              0        5.400000E-02   4.000000E-03   1.000000E+00      Tl205                                                                                                   
        82            204              0        8.100000E-02   2.300000E-03   1.000000E+00      Pb204                                                                                                   
        82            206              0        1.450000E-02   3.000000E-04   9.999999E-01      Pb206                                                                                                   
        82            207              0        9.900000E-03   5.000000E-04   1.000000E+00      Pb207                                                                                                   
        82            208              0        3.600000E-04   3.000000E-05   9.999999E-01      Pb208                                                                                                   
        83            209              0        2.560000E-03   3.000000E-04   9.999999E-01      Bi209                                                                                                   
