# header:
#   title: (n,g) MACS for Mughabghab-2018
#   source: Resonancetables
#   date: 2025-05-27
# reaction:
#   type: (n,g)
# quantity:
#   type: MACS
# datablock:
#   columns: 7
#   entries: 261
##       Z              A            Liso           Value         dValue          Ratio         Nuclide
##      []             []             []             [b]            [b]            []             []
         6             12              0        1.540000E-05   1.000000E-06   1.000000E+00      C012                                                                                                    
         6             13              0        2.870000E-05   3.000000E-06   1.020472E+00      C013                                                                                                    
         6             14              0        7.500000E-06   5.000000E-07   8.844339E-01      C014                                                                                                    
         7             14              0        4.100000E-05   6.000000E-06   9.999999E-01      N014                                                                                                    
         7             15              0        5.320000E-06   5.900000E-07   9.172414E-01      N015                                                                                                    
         8             16              0        3.800000E-05   4.000000E-06   9.999999E-01      O016                                                                                                    
         8             18              0        8.900000E-06   8.000000E-07   9.999999E-01      O018                                                                                                    
         9             19              0        6.200000E-03   2.000000E-04   1.937500E+00      F019                                                                                                    
        10             20              0        1.760000E-04   1.100000E-05   1.478992E+00      Ne020                                                                                                   
        10             21              0        6.560000E-04   5.000000E-05   4.373333E-01      Ne021                                                                                                   
        10             22              0        5.800000E-05   4.000000E-06   1.000000E+00      Ne022                                                                                                   
        11             23              0        1.850000E-03   1.000000E-04   1.218270E+00      Na023                                                                                                   
        12             24              0        3.300000E-03   4.000000E-04   9.999999E-01      Mg024                                                                                                   
        12             25              0        4.400000E-03   6.000000E-04   6.874999E-01      Mg025                                                                                                   
        12             26              0        1.130000E-04   7.000000E-06   8.968253E-01      Mg026                                                                                                   
        13             26              0        4.100000E-03   1.200000E-03   1.108108E+00      Al026                                                                                                   
        13             27              0        3.720000E-03   2.000000E-04   9.946524E-01      Al027                                                                                                   
        14             28              0        1.190000E-03   6.000000E-05   8.380282E-01      Si028                                                                                                   
        14             29              0        6.580000E-03   6.600000E-04   9.999999E-01      Si029                                                                                                   
        14             30              0        1.340000E-03   1.300000E-04   7.362637E-01      Si030                                                                                                   
        15             31              0        1.740000E-03   9.000000E-05   9.999999E-01      P031                                                                                                    
        16             32              0        4.600000E-03   2.000000E-04   1.121951E+00      S032                                                                                                    
        16             34              0        2.260000E-04   1.000000E-05   1.000000E+00      S034                                                                                                    
        16             36              0        1.870000E-04   1.400000E-05   1.093567E+00      S036                                                                                                    
        17             35              0        9.390000E-03   2.800000E-04   9.680412E-01      Cl035                                                                                                   
        17             37              0        2.080000E-03   8.000000E-05   9.811320E-01      Cl037                                                                                                   
        18             38              0        2.600000E-03   2.000000E-04   2.784930E+00      Ar038                                                                                                   
        18             40              0        2.470000E-03   1.300000E-04   9.686274E-01      Ar040                                                                                                   
        19             39              0        1.180000E-02   0.000000E+00   1.000000E+00      K039                                                                                                    
        19             41              0        1.920000E-02   6.000000E-04   8.727272E-01      K041                                                                                                    
        20             40              0        5.730000E-03   3.400000E-04   1.110771E+00      Ca040                                                                                                   
        20             42              0        1.560000E-02   2.000000E-03   9.999999E-01      Ca042                                                                                                   
        20             43              0        5.100000E-02   6.000000E-03   9.999999E-01      Ca043                                                                                                   
        20             44              0        8.800000E-03   1.300000E-03   9.361702E-01      Ca044                                                                                                   
        20             46              0        5.300000E-03   5.000000E-04   9.999999E-01      Ca046                                                                                                   
        20             48              0        6.900000E-04   7.000000E-05   7.931034E-01      Ca048                                                                                                   
        21             45              0        6.130000E-02   1.800000E-03   1.108579E+00      Sc045                                                                                                   
        22             46              0        2.610000E-02   3.000000E-03   9.738806E-01      Ti046                                                                                                   
        22             47              0        6.440000E-02   7.700000E-03   1.000000E+00      Ti047                                                                                                   
        22             48              0        2.970000E-02   4.900000E-03   9.339622E-01      Ti048                                                                                                   
        22             49              0        2.250000E-02   2.100000E-03   1.018100E+00      Ti049                                                                                                   
        22             50              0        3.280000E-03   9.000000E-05   9.111111E-01      Ti050                                                                                                   
        23             51              0        4.100000E-02   3.000000E-03   1.078947E+00      V051                                                                                                    
        24             50              0        4.030000E-02   4.000000E-03   8.224490E-01      Cr050                                                                                                   
        24             52              0        9.100000E-03   2.100000E-03   1.034091E+00      Cr052                                                                                                   
        24             53              0        5.400000E-02   9.400000E-03   9.310344E-01      Cr053                                                                                                   
        24             54              0        6.200000E-03   1.500000E-03   9.253731E-01      Cr054                                                                                                   
        26             54              0        2.770000E-02   1.000000E-03   9.358107E-01      Fe054                                                                                                   
        26             56              0        1.510000E-02   1.300000E-03   1.290598E+00      Fe056                                                                                                   
        26             57              0        3.770000E-02   2.300000E-03   9.424999E-01      Fe057                                                                                                   
        26             58              0        1.200000E-02   6.000000E-04   9.540134E-01      Fe058                                                                                                   
        26             60              0        9.000000E-03   1.400000E-03   1.823881E+00      Fe060                                                                                                   
        27             59              0        3.800000E-02   3.000000E-03   1.069340E+00      Co059                                                                                                   
        28             58              0        3.870000E-02   1.500000E-03   9.999999E-01      Ni058                                                                                                   
        28             60              0        2.510000E-02   1.300000E-03   8.394648E-01      Ni060                                                                                                   
        28             61              0        8.200000E-02   8.000000E-03   1.000000E+00      Ni061                                                                                                   
        28             62              0        2.020000E-02   2.100000E-03   9.058296E-01      Ni062                                                                                                   
        28             64              0        7.660000E-03   2.600000E-04   1.077671E+00      Ni064                                                                                                   
        29             63              0        5.500000E-02   2.000000E-03   9.874326E-01      Cu063                                                                                                   
        29             65              0        2.900000E-02   2.000000E-03   1.075578E+00      Cu065                                                                                                   
        30             64              0        5.350000E-02   1.600000E-03   1.094363E+00      Zn064                                                                                                   
        30             66              0        3.760000E-02   4.000000E-03   1.074286E+00      Zn066                                                                                                   
        30             68              0        2.100000E-02   2.500000E-03   1.093750E+00      Zn068                                                                                                   
        30             70              0        1.001000E-02   8.800000E-04   1.071881E+00      Zn070                                                                                                   
        31             69              0        1.390000E-01   6.000000E-03   9.999999E-01      Ga069                                                                                                   
        31             71              0        1.250000E-01   8.000000E-03   1.016260E+00      Ga071                                                                                                   
        32             70              0        8.800000E-02   5.000000E-03   9.999999E-01      Ge070                                                                                                   
        32             74              0        3.760000E-02   3.900000E-03   1.048506E+00      Ge074                                                                                                   
        32             76              0        2.150000E-02   1.800000E-03   1.000000E+00      Ge076                                                                                                   
        33             75              0        4.550000E-01   1.800000E-02   1.337059E+00      As075                                                                                                   
        34             74              0        2.710000E-01   1.500000E-02   9.999999E-01      Se074                                                                                                   
        34             76              0        1.640000E-01   8.000000E-03   1.000000E+00      Se076                                                                                                   
        34             78              0        5.600000E-02   1.000000E-02   9.936689E-01      Se078                                                                                                   
        34             80              0        4.300000E-02   3.000000E-03   1.023809E+00      Se080                                                                                                   
        35             79              0        6.280000E-01   3.600000E-02   1.057684E+00      Br079                                                                                                   
        35             81              0        2.410000E-01   9.000000E-03   1.137998E+00      Br081                                                                                                   
        36             78              0        3.230000E-01   2.700000E-02   1.006231E+00      Kr078                                                                                                   
        36             80              0        2.670000E-01   1.400000E-02   9.999999E-01      Kr080                                                                                                   
        36             82              0        9.300000E-02   6.000000E-03   1.033333E+00      Kr082                                                                                                   
        36             83              0        2.500000E-01   8.000000E-03   1.028807E+00      Kr083                                                                                                   
        36             84              0        3.620000E-02   2.000000E-03   9.526316E-01      Kr084                                                                                                   
        36             86              0        4.760000E-03   2.800000E-04   1.400000E+00      Kr086                                                                                                   
        37             85              0        2.400000E-01   9.000000E-03   1.111034E+00      Rb085                                                                                                   
        37             87              0        2.100000E-02   2.000000E-03   1.337579E+00      Rb087                                                                                                   
        38             84              0        3.130000E-01   1.700000E-02   1.106558E+00      Sr084                                                                                                   
        38             86              0        7.200000E-02   5.000000E-03   1.125000E+00      Sr086                                                                                                   
        38             87              0        9.700000E-02   5.000000E-03   1.054348E+00      Sr087                                                                                                   
        38             88              0        6.070000E-03   1.700000E-04   9.902120E-01      Sr088                                                                                                   
        39             89              0        1.900000E-02   6.000000E-04   1.069483E+00      Y089                                                                                                    
        40             90              0        1.930000E-02   9.000000E-04   1.000000E+00      Zr090                                                                                                   
        40             91              0        6.300000E-02   4.000000E-03   1.016129E+00      Zr091                                                                                                   
        40             92              0        3.800000E-02   3.000000E-03   1.262458E+00      Zr092                                                                                                   
        40             93              0        9.500000E-02   1.000000E-02   9.999999E-01      Zr093                                                                                                   
        40             94              0        2.640000E-02   1.000000E-03   1.015385E+00      Zr094                                                                                                   
        40             96              0        1.070000E-02   5.000000E-04   1.000000E+00      Zr096                                                                                                   
        41             93              0        2.657000E-01   5.100000E-03   9.988722E-01      Nb093                                                                                                   
        42             92              0        7.000000E-02   1.000000E-02   1.000000E+00      Mo092                                                                                                   
        42             94              0        1.110000E-01   1.500000E-02   1.088235E+00      Mo094                                                                                                   
        42             95              0        3.800000E-01   5.000000E-02   1.301370E+00      Mo095                                                                                                   
        42             96              0        1.120000E-01   6.000000E-03   1.000000E+00      Mo096                                                                                                   
        42             97              0        3.390000E-01   1.400000E-02   9.999999E-01      Mo097                                                                                                   
        42             98              0        8.460000E-02   3.600000E-03   8.545454E-01      Mo098                                                                                                   
        42            100              0        1.080000E-01   1.400000E-02   1.000000E+00      Mo100                                                                                                   
        43             99              0        9.330000E-01   4.700000E-02   1.194622E+00      Tc099                                                                                                   
        44             96              0        2.070000E-01   8.000000E-03   1.112042E+00      Ru096                                                                                                   
        44            100              0        2.090000E-01   1.300000E-02   1.014563E+00      Ru100                                                                                                   
        44            102              0        1.890000E-01   1.100000E-02   1.251656E+00      Ru102                                                                                                   
        44            104              0        1.510000E-01   7.000000E-03   9.679487E-01      Ru104                                                                                                   
        45            103              0        8.110000E-01   1.400000E-02   9.376958E-01      Rh103                                                                                                   
        46            102              0        3.760000E-01   1.700000E-02   1.045254E+00      Pd102                                                                                                   
        46            104              0        2.870000E-01   2.800000E-02   9.930795E-01      Pd104                                                                                                   
        46            105              0        1.190000E+00   6.000000E-02   9.916667E-01      Pd105                                                                                                   
        46            106              0        2.540000E-01   2.400000E-02   1.007936E+00      Pd106                                                                                                   
        46            107              0        1.340000E+00   6.000000E-02   1.000000E+00      Pd107                                                                                                   
        46            108              0        2.240000E-01   1.800000E-02   1.103448E+00      Pd108                                                                                                   
        46            110              0        1.600000E-01   2.500000E-02   1.095890E+00      Pd110                                                                                                   
        47            107              0        8.010000E-01   2.400000E-02   1.011364E+00      Ag107                                                                                                   
        47            109              0        8.100000E-01   7.500000E-02   1.027919E+00      Ag109                                                                                                   
        48            106              0        4.800000E-01   5.000000E-02   1.589404E+00      Cd106                                                                                                   
        48            108              0        4.500000E-01   7.000000E-02   2.227723E+00      Cd108                                                                                                   
        48            110              0        2.374000E-01   1.900000E-03   9.470025E-01      Cd110                                                                                                   
        48            111              0        7.540000E-01   1.200000E-02   9.431964E-01      Cd111                                                                                                   
        48            112              0        1.890000E-01   1.700000E-03   9.455526E-01      Cd112                                                                                                   
        48            113              0        6.670000E-01   1.100000E-02   9.458005E-01      Cd113                                                                                                   
        48            114              0        1.299000E-01   1.300000E-03   9.412217E-01      Cd114                                                                                                   
        48            116              0        7.480000E-02   9.000000E-04   9.371918E-01      Cd116                                                                                                   
        49            115              0        7.350000E-01   4.500000E-02   1.041076E+00      In115                                                                                                   
        50            112              0        2.210000E-01   1.200000E-02   1.052381E+00      Sn112                                                                                                   
        50            114              0        1.415000E-01   1.900000E-03   9.885599E-01      Sn114                                                                                                   
        50            115              0        3.606000E-01   9.200000E-03   9.585872E-01      Sn115                                                                                                   
        50            116              0        9.680000E-02   1.000000E-03   9.969791E-01      Sn116                                                                                                   
        50            117              0        3.360000E-01   5.100000E-03   9.970107E-01      Sn117                                                                                                   
        50            118              0        6.490000E-02   6.000000E-04   9.853376E-01      Sn118                                                                                                   
        50            119              0        1.940000E-01   1.000000E-02   1.077778E+00      Sn119                                                                                                   
        50            120              0        3.830000E-02   7.000000E-04   9.859596E-01      Sn120                                                                                                   
        50            122              0        2.190000E-02   1.500000E-03   1.000000E+00      Sn122                                                                                                   
        50            124              0        1.200000E-02   1.800000E-03   1.000000E+00      Sn124                                                                                                   
        51            121              0        5.600000E-01   1.700000E-02   1.167413E+00      Sb121                                                                                                   
        51            123              0        3.190000E-01   1.000000E-02   1.111410E+00      Sb123                                                                                                   
        52            120              0        4.510000E-01   1.800000E-02   1.028383E+00      Te120                                                                                                   
        52            122              0        2.950000E-01   6.000000E-03   8.980007E-01      Te122                                                                                                   
        52            123              0        8.320000E-01   8.000000E-03   9.437410E-01      Te123                                                                                                   
        52            124              0        1.546000E-01   1.600000E-03   9.497247E-01      Te124                                                                                                   
        52            125              0        4.312000E-01   4.000000E-03   9.542749E-01      Te125                                                                                                   
        52            126              0        8.130000E-02   1.400000E-03   9.411792E-01      Te126                                                                                                   
        52            128              0        4.440000E-02   1.300000E-03   1.027081E+00      Te128                                                                                                   
        53            127              0        6.350000E-01   3.000000E-02   9.999999E-01      I127                                                                                                    
        54            124              0        6.440000E-01   8.300000E-02   1.117981E+00      Xe124                                                                                                   
        54            126              0        3.590000E-01   5.100000E-02   1.063152E+00      Xe126                                                                                                   
        54            128              0        2.625000E-01   3.700000E-03   9.452758E-01      Xe128                                                                                                   
        54            129              0        6.170000E-01   1.200000E-02   9.346892E-01      Xe129                                                                                                   
        54            130              0        1.320000E-01   2.100000E-03   9.339955E-01      Xe130                                                                                                   
        54            132              0        6.540000E-02   4.800000E-03   1.121233E+00      Xe132                                                                                                   
        54            134              0        2.060000E-02   1.700000E-03   1.000404E+00      Xe134                                                                                                   
        54            136              0        8.300000E-04   8.000000E-05   9.064251E-01      Xe136                                                                                                   
        55            135              0        1.690000E-01   1.100000E-02   1.103832E+00      Cs135                                                                                                   
        56            130              0        7.560000E-01   2.900000E-02   1.036364E+00      Ba130                                                                                                   
        56            132              0        4.140000E-01   1.700000E-02   1.084422E+00      Ba132                                                                                                   
        56            134              0        1.856000E-01   5.900000E-03   9.997668E-01      Ba134                                                                                                   
        56            136              0        6.450000E-02   2.100000E-03   9.571117E-01      Ba136                                                                                                   
        56            137              0        7.870000E-02   3.000000E-03   8.730571E-01      Ba137                                                                                                   
        56            138              0        4.070000E-03   2.000000E-04   1.017500E+00      Ba138                                                                                                   
        57            139              0        3.360000E-02   1.600000E-03   1.037037E+00      La139                                                                                                   
        58            136              0        3.280000E-01   2.100000E-02   1.021734E+00      Ce136                                                                                                   
        58            138              0        1.790000E-01   5.000000E-03   1.079572E+00      Ce138                                                                                                   
        58            140              0        1.210000E-02   6.000000E-04   1.157185E+00      Ce140                                                                                                   
        58            142              0        2.980000E-02   1.100000E-03   1.170965E+00      Ce142                                                                                                   
        59            141              0        1.173000E-01   3.000000E-03   9.973709E-01      Pr141                                                                                                   
        60            142              0        3.570000E-02   7.000000E-04   9.986042E-01      Nd142                                                                                                   
        60            143              0        2.446000E-01   3.100000E-03   9.467915E-01      Nd143                                                                                                   
        60            144              0        8.130000E-02   1.500000E-03   9.419895E-01      Nd144                                                                                                   
        60            145              0        4.248000E-01   4.500000E-03   9.411544E-01      Nd145                                                                                                   
        60            146              0        9.120000E-02   2.000000E-03   9.395655E-01      Nd146                                                                                                   
        60            148              0        1.466000E-01   1.900000E-03   9.573389E-01      Nd148                                                                                                   
        60            150              0        1.590000E-01   1.000000E-02   9.414852E-01      Nd150                                                                                                   
        61            147              0        7.090000E-01   1.000000E-01   9.999999E-01      Pm147                                                                                                   
        62            144              0        9.200000E-02   6.000000E-03   9.999999E-01      Sm144                                                                                                   
        62            147              0        9.730000E-01   1.000000E-02   9.999999E-01      Sm147                                                                                                   
        62            148              0        2.407000E-01   2.200000E-03   2.300296E-01      Sm148                                                                                                   
        62            149              0        1.820000E+00   2.000000E-02   9.418048E-01      Sm149                                                                                                   
        62            150              0        4.219000E-01   3.800000E-03   9.443037E-01      Sm150                                                                                                   
        62            151              0        3.031000E+00   6.900000E-02   9.378459E-01      Sm151                                                                                                   
        62            152              0        4.400000E-01   1.300000E-02   8.863519E-01      Sm152                                                                                                   
        62            154              0        2.060000E-01   1.200000E-02   1.107227E+00      Sm154                                                                                                   
        63            151              0        3.554000E+00   1.000000E-01   1.021852E+00      Eu151                                                                                                   
        63            153              0        2.733000E+00   1.000000E-01   1.069249E+00      Eu153                                                                                                   
        63            154              0        3.443000E+00   7.500000E-01   7.789593E-01      Eu154                                                                                                   
        63            155              0        1.360000E+00   8.400000E-02   1.030303E+00      Eu155                                                                                                   
        64            152              0        1.003000E+00   3.000000E-02   9.092013E-01      Gd152                                                                                                   
        64            154              0        1.028000E+00   1.200000E-02   9.449129E-01      Gd154                                                                                                   
        64            155              0        2.680000E+00   3.000000E-02   9.551231E-01      Gd155                                                                                                   
        64            156              0        6.150000E-01   5.000000E-03   9.426022E-01      Gd156                                                                                                   
        64            157              0        1.355000E+00   3.900000E-02   9.361737E-01      Gd157                                                                                                   
        64            158              0        3.180000E-01   6.000000E-03   9.211605E-01      Gd158                                                                                                   
        64            160              0        1.760000E-01   9.000000E-03   1.142857E+00      Gd160                                                                                                   
        65            159              0        1.471000E+00   6.600000E-02   9.310126E-01      Tb159                                                                                                   
        66            156              0        1.680000E+00   1.170000E-01   1.087600E+00      Dy156                                                                                                   
        66            160              0        8.900000E-01   1.200000E-02   9.386840E-01      Dy160                                                                                                   
        66            161              0        1.964000E+00   3.800000E-02   9.390914E-01      Dy161                                                                                                   
        66            162              0        4.460000E-01   8.000000E-03   9.406181E-01      Dy162                                                                                                   
        66            163              0        1.123000E+00   2.200000E-02   9.491057E-01      Dy163                                                                                                   
        66            164              0        2.120000E-01   6.000000E-03   9.401180E-01      Dy164                                                                                                   
        67            165              0        1.209000E+00   6.100000E-02   9.445312E-01      Ho165                                                                                                   
        68            162              0        1.624000E+00   1.240000E-01   9.999999E-01      Er162                                                                                                   
        68            164              0        1.084000E+00   5.100000E-02   9.999999E-01      Er164                                                                                                   
        68            170              0        1.700000E-01   7.000000E-03   1.166012E+00      Er170                                                                                                   
        69            169              0        1.129000E+00   2.600000E-02   9.999999E-01      Tm169                                                                                                   
        70            168              0        1.214000E+00   6.100000E-01   1.083445E+00      Yb168                                                                                                   
        70            170              0        7.683000E-01   7.200000E-03   9.420209E-01      Yb170                                                                                                   
        70            171              0        1.210000E+00   1.200000E-02   9.426047E-01      Yb171                                                                                                   
        70            172              0        3.413000E-01   3.000000E-03   9.388933E-01      Yb172                                                                                                   
        70            173              0        7.538000E-01   7.400000E-03   9.430534E-01      Yb173                                                                                                   
        70            174              0        1.570000E-01   6.000000E-03   9.830878E-01      Yb174                                                                                                   
        70            176              0        1.140000E-01   8.000000E-03   9.254621E-01      Yb176                                                                                                   
        71            175              0        1.206000E+00   5.400000E-01   9.310885E-01      Lu175                                                                                                   
        71            176              0        1.639000E+00   2.800000E-01   9.416077E-01      Lu176                                                                                                   
        72            174              0        9.830000E-01   4.600000E-02   1.044492E+00      Hf174                                                                                                   
        72            176              0        5.880000E-01   3.000000E-02   8.912200E-01      Hf176                                                                                                   
        72            177              0        1.544000E+00   1.200000E-01   9.382299E-01      Hf177                                                                                                   
        72            178              0        3.190000E-01   3.000000E-03   9.469964E-01      Hf178                                                                                                   
        72            179              0        9.224000E-01   8.400000E-03   9.365184E-01      Hf179                                                                                                   
        72            180              0        1.690000E-01   2.000000E-03   1.020721E+00      Hf180                                                                                                   
        72            182              0        1.410000E-01   8.000000E-03   1.031169E+00      Hf182                                                                                                   
        73            180              1        1.465000E+00   1.000000E-01   1.000000E+00      Ta180m                                                                                                  
        73            181              0        7.610000E-01   3.800000E-02   9.298452E-01      Ta181                                                                                                   
        74            180              0        6.240000E-01   5.400000E-01   9.359627E-01      W180                                                                                                    
        74            182              0        2.740000E-01   8.000000E-03   9.999999E-01      W182                                                                                                    
        74            184              0        2.560000E-01   1.000000E-02   1.147982E+00      W184                                                                                                    
        74            185              0        5.530000E-01   6.000000E-02   9.999999E-01      W185                                                                                                    
        74            186              0        2.280000E-01   1.000000E-02   1.289146E+00      W186                                                                                                    
        75            185              0        1.532000E+00   6.200000E-01   9.980455E-01      Re185                                                                                                   
        75            187              0        1.160000E+00   5.700000E-01   1.018977E+00      Re187                                                                                                   
        76            184              0        5.900000E-01   4.300000E-02   1.051205E+00      Os184                                                                                                   
        76            186              0        4.180000E-01   1.600000E-02   1.019512E+00      Os186                                                                                                   
        76            187              0        9.690000E-01   3.200000E-02   1.003106E+00      Os187                                                                                                   
        76            188              0        3.250000E-01   2.400000E-02   1.109215E+00      Os188                                                                                                   
        76            189              0        1.168000E+00   4.700000E-02   9.999999E-01      Os189                                                                                                   
        76            190              0        2.690000E-01   1.100000E-02   1.018621E+00      Os190                                                                                                   
        76            192              0        2.350000E-01   2.800000E-02   1.551684E+00      Os192                                                                                                   
        77            191              0        1.350000E+00   4.300000E-02   1.097752E+00      Ir191                                                                                                   
        77            193              0        9.940000E-01   7.000000E-01   1.105311E+00      Ir193                                                                                                   
        78            190              0        5.110000E-01   5.200000E-02   9.450202E-01      Pt190                                                                                                   
        78            192              0        4.830000E-01   2.000000E-02   8.186440E-01      Pt192                                                                                                   
        78            196              0        1.674000E-01   5.200000E-03   9.147540E-01      Pt196                                                                                                   
        78            198              0        9.470000E-02   4.200000E-03   1.122725E+00      Pt198                                                                                                   
        79            197              0        5.988000E-01   6.000000E-03   9.762298E-01      Au197                                                                                                   
        80            196              0        2.010000E-01   1.100000E-02   1.031308E+00      Hg196                                                                                                   
        80            198              0        1.730000E-01   1.500000E-02   9.999999E-01      Hg198                                                                                                   
        80            199              0        3.740000E-01   2.300000E-02   1.000000E+00      Hg199                                                                                                   
        80            200              0        1.150000E-01   1.200000E-02   1.000000E+00      Hg200                                                                                                   
        80            201              0        2.640000E-01   1.400000E-02   1.000000E+00      Hg201                                                                                                   
        80            202              0        7.400000E-02   6.000000E-03   1.170886E+00      Hg202                                                                                                   
        80            204              0        4.200000E-02   4.000000E-03   9.999999E-01      Hg204                                                                                                   
        81            203              0        1.300000E-01   8.000000E-03   1.048387E+00      Tl203                                                                                                   
        81            205              0        5.400000E-02   4.000000E-03   1.000000E+00      Tl205                                                                                                   
        82            204              0        8.220000E-02   2.700000E-03   1.014815E+00      Pb204                                                                                                   
        82            206              0        1.460000E-02   3.000000E-04   1.006896E+00      Pb206                                                                                                   
        82            207              0        9.900000E-03   6.000000E-04   1.000000E+00      Pb207                                                                                                   
        82            208              0        3.100000E-04   2.000000E-05   8.611110E-01      Pb208                                                                                                   
        83            209              0        2.540000E-03   4.800000E-04   9.921874E-01      Bi209                                                                                                   
        92            235              0        6.220000E-01   3.000000E-02   9.554531E-01      U235                                                                                                    
