# header:
#   title: (n,g) MACS for Sukhoruchkin
#   source: Resonancetables
#   date: 2025-05-27
# reaction:
#   type: (n,g)
# quantity:
#   type: MACS
# datablock:
#   columns: 7
#   entries: 270
##       Z              A            Liso           Value         dValue          Ratio         Nuclide
##      []             []             []             [b]            [b]            []             []
         2              3              0        2.100000E-05   1.000000E-06   2.763158E+00      He003                                                                                                   
         3              7              0        4.645000E-05   0.000000E+00   1.105952E+00      Li007                                                                                                   
         4              9              0        9.300000E-06   1.900000E-06   1.024298E+00      Be009                                                                                                   
         6             12              0        1.600000E-05   3.000000E-06   1.038961E+00      C012                                                                                                    
         6             13              0        2.100000E-05   4.000000E-06   7.466868E-01      C013                                                                                                    
         6             14              0        1.500000E-06   4.000000E-07   1.768868E-01      C014                                                                                                    
         7             14              0        6.700000E-05   5.000000E-06   1.634146E+00      N014                                                                                                    
         7             15              0        9.000000E-06   5.000000E-06   1.551724E+00      N015                                                                                                    
         8             16              0        3.200000E-05   3.000000E-06   8.421052E-01      O016                                                                                                    
         8             18              0        8.900000E-06   8.000000E-07   9.999999E-01      O018                                                                                                    
         9             19              0        4.360000E-03   1.700000E-04   1.362500E+00      F019                                                                                                    
        10             20              0        1.190000E-04   1.100000E-05   9.999999E-01      Ne020                                                                                                   
        10             21              0        1.500000E-03   9.000000E-04   1.000000E+00      Ne021                                                                                                   
        10             22              0        5.800000E-05   4.000000E-06   1.000000E+00      Ne022                                                                                                   
        11             23              0        1.830000E-03   2.400000E-03   1.205099E+00      Na023                                                                                                   
        12             24              0        3.800000E-03   7.000000E-04   1.151515E+00      Mg024                                                                                                   
        12             25              0        5.300000E-03   1.000000E-03   8.281249E-01      Mg025                                                                                                   
        12             26              0        8.600000E-05   1.600000E-05   6.825396E-01      Mg026                                                                                                   
        13             26              0        3.100000E-03   1.000000E-04   8.378378E-01      Al026                                                                                                   
        13             27              0        3.300000E-03   6.000000E-04   8.823529E-01      Al027                                                                                                   
        14             28              0        3.600000E-03   7.000000E-04   2.535211E+00      Si028                                                                                                   
        14             29              0        7.800000E-03   1.500000E-03   1.185410E+00      Si029                                                                                                   
        14             30              0        4.430000E-03   2.100000E-04   2.434066E+00      Si030                                                                                                   
        15             31              0        7.240000E-03   2.100000E-04   4.160919E+00      P031                                                                                                    
        16             32              0        5.660000E-03   2.400000E-04   1.380488E+00      S032                                                                                                    
        16             33              0        2.300000E-03   5.000000E-04   3.108108E-01      S033                                                                                                    
        16             34              0        2.300000E-04   4.000000E-05   1.017699E+00      S034                                                                                                    
        17             35              0        7.500000E-03   1.400000E-03   7.731959E-01      Cl035                                                                                                   
        17             37              0        2.000000E-03   4.000000E-04   9.433962E-01      Cl037                                                                                                   
        18             36              0        8.800000E-03   1.400000E-03   5.773687E+00      Ar036                                                                                                   
        18             40              0        2.200000E-03   4.000000E-04   8.627450E-01      Ar040                                                                                                   
        19             39              0        1.060000E-02   2.200000E-03   8.983050E-01      K039                                                                                                    
        19             41              0        2.000000E-02   4.000000E-03   9.090908E-01      K041                                                                                                    
        20             40              0        5.140000E-03   2.600000E-04   9.963983E-01      Ca040                                                                                                   
        20             42              0        1.240000E-02   1.000000E-03   7.948717E-01      Ca042                                                                                                   
        20             43              0        3.500000E-02   4.000000E-03   6.862745E-01      Ca043                                                                                                   
        20             44              0        7.700000E-03   4.000000E-04   8.191490E-01      Ca044                                                                                                   
        20             46              0        1.860000E-03   2.800000E-04   3.509434E-01      Ca046                                                                                                   
        20             48              0        1.080000E-04   1.600000E-05   1.241379E-01      Ca048                                                                                                   
        21             45              0        6.800000E-02   9.000000E-03   1.229746E+00      Sc045                                                                                                   
        22             46              0        2.500000E-02   3.000000E-03   9.328358E-01      Ti046                                                                                                   
        22             47              0        4.900000E-02   7.000000E-03   7.608695E-01      Ti047                                                                                                   
        22             48              0        2.650000E-02   1.500000E-03   8.333333E-01      Ti048                                                                                                   
        22             49              0        1.580000E-02   2.200000E-03   7.149320E-01      Ti049                                                                                                   
        22             50              0        3.000000E-03   4.000000E-04   8.333333E-01      Ti050                                                                                                   
        23             51              0        3.200000E-02   1.600000E-03   8.421053E-01      V051                                                                                                    
        24             50              0        3.800000E-02   3.000000E-03   7.755101E-01      Cr050                                                                                                   
        24             52              0        8.000000E-03   1.100000E-03   9.090909E-01      Cr052                                                                                                   
        24             53              0        2.600000E-02   1.900000E-03   4.482759E-01      Cr053                                                                                                   
        24             54              0        4.800000E-03   4.000000E-04   7.164179E-01      Cr054                                                                                                   
        25             55              0        3.300000E-02   3.000000E-03   8.333333E-01      Mn055                                                                                                   
        26             54              0        2.200000E-02   3.000000E-03   7.432432E-01      Fe054                                                                                                   
        26             56              0        1.150000E-02   2.200000E-03   9.829059E-01      Fe056                                                                                                   
        26             57              0        2.850000E-02   2.000000E-03   7.125000E-01      Fe057                                                                                                   
        26             58              0        1.970000E-02   1.200000E-03   1.566172E+00      Fe058                                                                                                   
        27             59              0        3.400000E-02   4.000000E-03   9.567784E-01      Co059                                                                                                   
        28             58              0        3.400000E-02   3.000000E-03   8.785530E-01      Ni058                                                                                                   
        28             60              0        2.670000E-02   2.400000E-03   8.929765E-01      Ni060                                                                                                   
        28             61              0        9.000000E-02   7.000000E-03   1.097561E+00      Ni061                                                                                                   
        28             62              0        2.380000E-02   1.500000E-03   1.067265E+00      Ni062                                                                                                   
        28             64              0        2.010000E-02   7.000000E-04   2.827832E+00      Ni064                                                                                                   
        29             63              0        7.100000E-02   7.000000E-03   1.274686E+00      Cu063                                                                                                   
        29             65              0        3.900000E-02   3.000000E-03   1.446467E+00      Cu065                                                                                                   
        30             64              0        6.100000E-02   6.000000E-03   1.247778E+00      Zn064                                                                                                   
        30             66              0        3.600000E-02   4.000000E-03   1.028571E+00      Zn066                                                                                                   
        30             67              0        1.160000E-01   1.400000E-02   7.581698E-01      Zn067                                                                                                   
        30             68              0        2.080000E-02   1.500000E-03   1.083333E+00      Zn068                                                                                                   
        30             70              0        1.170000E-02   2.000000E-03   1.252847E+00      Zn070                                                                                                   
        31             69              0        1.180000E-01   1.000000E-02   8.489208E-01      Ga069                                                                                                   
        31             71              0        1.223000E-01   8.000000E-04   9.943089E-01      Ga071                                                                                                   
        32             70              0        8.900000E-02   1.000000E-02   1.011364E+00      Ge070                                                                                                   
        32             74              0        4.500000E-02   5.000000E-03   1.254862E+00      Ge074                                                                                                   
        32             76              0        1.700000E-02   2.400000E-03   7.906977E-01      Ge076                                                                                                   
        33             75              0        4.500000E-01   3.000000E-02   1.322366E+00      As075                                                                                                   
        34             74              0        2.080000E-01   2.600000E-02   7.675276E-01      Se074                                                                                                   
        34             76              0        9.600000E-02   1.200000E-02   5.853658E-01      Se076                                                                                                   
        34             78              0        9.100000E-02   1.300000E-02   1.614712E+00      Se078                                                                                                   
        34             80              0        3.900000E-02   3.000000E-03   9.285714E-01      Se080                                                                                                   
        35             79              0        6.900000E-01   7.000000E-02   1.162105E+00      Br079                                                                                                   
        35             81              0        2.290000E-01   2.600000E-02   1.081334E+00      Br081                                                                                                   
        36             78              0        4.700000E-01   1.000000E-01   1.464174E+00      Kr078                                                                                                   
        36             80              0        2.900000E-01   5.000000E-02   1.086142E+00      Kr080                                                                                                   
        36             82              0        1.030000E-01   2.100000E-02   1.144444E+00      Kr082                                                                                                   
        36             83              0        2.700000E-01   9.000000E-02   1.111111E+00      Kr083                                                                                                   
        36             84              0        2.600000E-02   4.000000E-03   6.842105E-01      Kr084                                                                                                   
        36             86              0        5.100000E-03   9.000000E-04   1.500000E+00      Kr086                                                                                                   
        37             85              0        2.800000E-01   7.000000E-02   1.296207E+00      Rb085                                                                                                   
        37             87              0        2.300000E-02   5.000000E-03   1.464968E+00      Rb087                                                                                                   
        38             84              0        3.200000E-01   7.000000E-02   1.131305E+00      Sr084                                                                                                   
        38             86              0        6.100000E-02   1.400000E-02   9.531249E-01      Sr086                                                                                                   
        38             87              0        8.000000E-02   2.100000E-02   8.695651E-01      Sr087                                                                                                   
        38             88              0        5.200000E-03   5.000000E-04   8.482870E-01      Sr088                                                                                                   
        39             89              0        2.140000E-02   2.000000E-03   1.204576E+00      Y089                                                                                                    
        40             90              0        1.890000E-02   2.100000E-03   9.792746E-01      Zr090                                                                                                   
        40             91              0        7.400000E-02   1.300000E-02   1.193548E+00      Zr091                                                                                                   
        40             92              0        4.500000E-02   6.000000E-03   1.495017E+00      Zr092                                                                                                   
        40             93              0        1.010000E-01   2.000000E-02   1.063158E+00      Zr093                                                                                                   
        40             94              0        2.900000E-02   5.000000E-03   1.115385E+00      Zr094                                                                                                   
        40             96              0        1.030000E-02   7.000000E-04   9.626168E-01      Zr096                                                                                                   
        41             93              0        2.700000E-01   5.000000E-02   1.015038E+00      Nb093                                                                                                   
        42             92              0        6.900000E-02   1.500000E-02   9.857143E-01      Mo092                                                                                                   
        42             94              0        1.100000E-01   2.200000E-02   1.078431E+00      Mo094                                                                                                   
        42             95              0        3.800000E-01   7.000000E-02   1.301370E+00      Mo095                                                                                                   
        42             96              0        1.040000E-01   1.700000E-02   9.285714E-01      Mo096                                                                                                   
        42             97              0        3.900000E-01   5.000000E-02   1.150442E+00      Mo097                                                                                                   
        42             98              0        9.500000E-02   1.000000E-02   9.595959E-01      Mo098                                                                                                   
        42            100              0        8.600000E-02   8.000000E-03   7.962963E-01      Mo100                                                                                                   
        43             99              0        1.070000E+00   1.000000E-01   1.370038E+00      Tc099                                                                                                   
        44            100              0        2.000000E-01   4.000000E-02   9.708737E-01      Ru100                                                                                                   
        44            101              0        9.700000E-01   8.000000E-02   9.738955E-01      Ru101                                                                                                   
        44            102              0        1.900000E-01   2.600000E-02   1.258278E+00      Ru102                                                                                                   
        45            103              0        8.000000E-01   6.000000E-02   9.249774E-01      Rh103                                                                                                   
        46            102              0        4.600000E-01   8.000000E-02   1.278768E+00      Pd102                                                                                                   
        46            104              0        2.800000E-01   5.000000E-02   9.688581E-01      Pd104                                                                                                   
        46            105              0        1.190000E+00   1.500000E-01   9.916667E-01      Pd105                                                                                                   
        46            106              0        2.400000E-01   4.000000E-02   9.523809E-01      Pd106                                                                                                   
        46            107              0        1.300000E+00   1.800000E-01   9.701492E-01      Pd107                                                                                                   
        46            108              0        2.100000E-01   4.000000E-02   1.034483E+00      Pd108                                                                                                   
        46            110              0        1.570000E-01   1.600000E-02   1.075342E+00      Pd110                                                                                                   
        47            107              0        8.300000E-01   1.400000E-01   1.047980E+00      Ag107                                                                                                   
        47            109              0        9.100000E-01   1.800000E-01   1.154822E+00      Ag109                                                                                                   
        48            106              0        5.000000E-01   9.000000E-02   1.655629E+00      Cd106                                                                                                   
        48            108              0        4.000000E-01   7.000000E-02   1.980198E+00      Cd108                                                                                                   
        48            110              0        1.330000E-02   1.000000E-03   5.305448E-02      Cd110                                                                                                   
        48            111              0        9.200000E-01   2.100000E-01   1.150850E+00      Cd111                                                                                                   
        48            112              0        2.200000E-01   4.000000E-02   1.100643E+00      Cd112                                                                                                   
        48            113              0        6.800000E-01   1.700000E-01   9.642344E-01      Cd113                                                                                                   
        48            114              0        1.500000E-01   2.500000E-02   1.086861E+00      Cd114                                                                                                   
        48            116              0        9.100000E-02   1.400000E-02   1.140167E+00      Cd116                                                                                                   
        49            113              0        9.200000E-01   1.700000E-01   1.168996E+00      In113                                                                                                   
        49            115              0        7.700000E-01   1.300000E-01   1.090652E+00      In115                                                                                                   
        50            112              0        2.000000E-01   4.000000E-02   9.523810E-01      Sn112                                                                                                   
        50            114              0        1.500000E-01   3.000000E-02   1.047943E+00      Sn114                                                                                                   
        50            115              0        3.900000E-01   1.100000E-01   1.036742E+00      Sn115                                                                                                   
        50            116              0        1.000000E-01   1.900000E-02   1.029937E+00      Sn116                                                                                                   
        50            117              0        3.100000E-01   7.000000E-02   9.198611E-01      Sn117                                                                                                   
        50            118              0        6.500000E-02   1.400000E-02   9.868557E-01      Sn118                                                                                                   
        50            119              0        2.200000E-01   6.000000E-02   1.222222E+00      Sn119                                                                                                   
        50            120              0        3.800000E-02   8.000000E-03   9.782367E-01      Sn120                                                                                                   
        50            122              0        1.490000E-02   2.900000E-02   6.803653E-01      Sn122                                                                                                   
        50            124              0        1.180000E-02   2.300000E-02   9.833333E-01      Sn124                                                                                                   
        51            121              0        5.100000E-01   8.000000E-02   1.063180E+00      Sb121                                                                                                   
        51            123              0        3.200000E-01   5.000000E-02   1.114894E+00      Sb123                                                                                                   
        52            122              0        2.300000E-01   5.000000E-02   7.001362E-01      Te122                                                                                                   
        52            123              0        8.100000E-01   1.100000E-01   9.187863E-01      Te123                                                                                                   
        52            124              0        1.350000E-01   2.700000E-02   8.293198E-01      Te124                                                                                                   
        52            125              0        4.200000E-01   6.000000E-02   9.294885E-01      Te125                                                                                                   
        52            126              0        8.000000E-02   1.500000E-02   9.261296E-01      Te126                                                                                                   
        52            128              0        3.700000E-02   5.000000E-03   8.559005E-01      Te128                                                                                                   
        53            127              0        7.200000E-01   7.000000E-02   1.133858E+00      I127                                                                                                    
        53            129              0        4.400000E-01   8.000000E-02   9.977324E-01      I129                                                                                                    
        54            124              0        1.300000E+00   3.000000E-01   2.256793E+00      Xe124                                                                                                   
        54            126              0        6.700000E-01   1.600000E-01   1.984156E+00      Xe126                                                                                                   
        54            128              0        2.800000E-01   7.000000E-02   1.008294E+00      Xe128                                                                                                   
        54            129              0        4.200000E-01   3.000000E-02   6.362552E-01      Xe129                                                                                                   
        54            130              0        1.520000E-01   2.800000E-02   1.075510E+00      Xe130                                                                                                   
        54            132              0        4.700000E-02   9.000000E-03   8.057792E-01      Xe132                                                                                                   
        54            134              0        2.300000E-02   4.000000E-03   1.116956E+00      Xe134                                                                                                   
        54            136              0        1.190000E-03   1.800000E-04   1.299573E+00      Xe136                                                                                                   
        55            133              0        4.600000E-01   6.000000E-02   9.037328E-01      Cs133                                                                                                   
        55            135              0        2.000000E-01   4.000000E-02   1.306310E+00      Cs135                                                                                                   
        56            130              0        7.400000E-01   1.100000E-01   1.014430E+00      Ba130                                                                                                   
        56            132              0        4.600000E-01   1.000000E-01   1.204913E+00      Ba132                                                                                                   
        56            134              0        2.300000E-01   4.000000E-02   1.238935E+00      Ba134                                                                                                   
        56            135              0        4.800000E-01   5.000000E-02   9.822557E-01      Ba135                                                                                                   
        56            136              0        7.000000E-02   1.100000E-02   1.038726E+00      Ba136                                                                                                   
        56            137              0        5.900000E-02   1.000000E-02   6.545155E-01      Ba137                                                                                                   
        56            138              0        3.700000E-03   7.000000E-04   9.250000E-01      Ba138                                                                                                   
        57            139              0        3.600000E-02   5.000000E-03   1.111111E+00      La139                                                                                                   
        58            136              0        3.400000E-01   7.000000E-02   1.059114E+00      Ce136                                                                                                   
        58            140              0        7.700000E-03   1.400000E-03   7.363903E-01      Ce140                                                                                                   
        58            142              0        2.000000E-02   4.000000E-03   7.858827E-01      Ce142                                                                                                   
        59            141              0        1.090000E-01   1.300000E-02   9.267982E-01      Pr141                                                                                                   
        60            142              0        3.300000E-02   4.000000E-03   9.230795E-01      Nd142                                                                                                   
        60            143              0        2.380000E-01   2.400000E-02   9.212444E-01      Nd143                                                                                                   
        60            144              0        7.500000E-02   1.100000E-02   8.689941E-01      Nd144                                                                                                   
        60            145              0        4.200000E-01   5.000000E-02   9.305198E-01      Nd145                                                                                                   
        60            146              0        9.900000E-02   9.000000E-03   1.019923E+00      Nd146                                                                                                   
        60            148              0        1.400000E-01   1.300000E-02   9.142391E-01      Nd148                                                                                                   
        60            150              0        1.570000E-01   1.500000E-02   9.296427E-01      Nd150                                                                                                   
        61            147              0        1.050000E+00   1.800000E-01   1.480959E+00      Pm147                                                                                                   
        62            144              0        8.800000E-02   1.500000E-02   9.565216E-01      Sm144                                                                                                   
        62            147              0        9.700000E-01   1.700000E-01   9.969167E-01      Sm147                                                                                                   
        62            148              0        2.400000E-01   5.000000E-02   2.293607E-01      Sm148                                                                                                   
        62            149              0        1.800000E+00   4.000000E-01   9.314552E-01      Sm149                                                                                                   
        62            150              0        4.200000E-01   4.000000E-02   9.400511E-01      Sm150                                                                                                   
        62            151              0        2.900000E+00   8.000000E-01   8.973122E-01      Sm151                                                                                                   
        62            152              0        4.600000E-01   5.000000E-02   9.266406E-01      Sm152                                                                                                   
        62            154              0        2.790000E-01   2.800000E-02   1.499594E+00      Sm154                                                                                                   
        63            151              0        3.600000E+00   1.000000E+00   1.035078E+00      Eu151                                                                                                   
        63            153              0        2.700000E+00   6.000000E-01   1.056338E+00      Eu153                                                                                                   
        63            154              0        3.500000E+00   8.000000E-01   7.918552E-01      Eu154                                                                                                   
        63            155              0        1.130000E+00   1.700000E-01   8.560606E-01      Eu155                                                                                                   
        64            152              0        9.800000E-01   1.200000E-01   8.883522E-01      Gd152                                                                                                   
        64            154              0        9.500000E-01   1.100000E-01   8.732171E-01      Gd154                                                                                                   
        64            155              0        2.600000E+00   4.000000E-01   9.266119E-01      Gd155                                                                                                   
        64            156              0        6.000000E-01   5.000000E-02   9.196119E-01      Gd156                                                                                                   
        64            157              0        1.400000E+00   1.300000E-01   9.672643E-01      Gd157                                                                                                   
        64            158              0        3.070000E-01   2.900000E-02   8.892965E-01      Gd158                                                                                                   
        64            160              0        1.710000E-01   2.000000E-02   1.110390E+00      Gd160                                                                                                   
        65            159              0        2.080000E+00   1.600000E-01   1.316456E+00      Tb159                                                                                                   
        66            156              0        1.500000E+00   3.000000E-01   9.710711E-01      Dy156                                                                                                   
        66            160              0        8.300000E-01   7.000000E-02   8.754020E-01      Dy160                                                                                                   
        66            161              0        1.950000E+00   1.400000E-01   9.323973E-01      Dy161                                                                                                   
        66            162              0        4.500000E-01   4.000000E-02   9.490541E-01      Dy162                                                                                                   
        66            163              0        1.090000E+00   9.000000E-02   9.212157E-01      Dy163                                                                                                   
        66            164              0        2.170000E-01   2.100000E-02   9.622906E-01      Dy164                                                                                                   
        67            165              0        7.980000E-01   1.200000E-01   6.234375E-01      Ho165                                                                                                   
        68            162              0        8.680000E-01   8.000000E-03   5.344827E-01      Er162                                                                                                   
        68            164              0        1.900000E+00   3.000000E-01   1.752767E+00      Er164                                                                                                   
        68            166              0        7.000000E-01   4.000000E-02   1.243339E+00      Er166                                                                                                   
        68            167              0        1.550000E+00   2.000000E-01   1.087719E+00      Er167                                                                                                   
        68            168              0        3.020000E-01   2.800000E-02   8.934910E-01      Er168                                                                                                   
        68            170              0        2.200000E-01   4.000000E-02   1.508957E+00      Er170                                                                                                   
        69            169              0        1.078000E+00   0.000000E+00   9.548272E-01      Tm169                                                                                                   
        69            171              0        4.860000E-01   1.440000E-01   1.265625E+00      Tm171                                                                                                   
        70            168              0        1.160000E+00   4.400000E-01   1.035252E+00      Yb168                                                                                                   
        70            170              0        7.680000E-01   7.000000E-03   9.416531E-01      Yb170                                                                                                   
        70            171              0        1.210000E+00   1.200000E-02   9.426047E-01      Yb171                                                                                                   
        70            172              0        3.410000E-01   3.000000E-03   9.380679E-01      Yb172                                                                                                   
        70            173              0        7.470000E-01   7.000000E-03   9.345462E-01      Yb173                                                                                                   
        70            174              0        1.510000E-01   2.000000E-03   9.455175E-01      Yb174                                                                                                   
        70            176              0        1.160000E-01   2.000000E-03   9.416983E-01      Yb176                                                                                                   
        71            175              0        1.300000E+00   3.000000E-01   1.003661E+00      Lu175                                                                                                   
        71            176              0        1.500000E+00   4.000000E-01   8.617520E-01      Lu176                                                                                                   
        72            174              0        9.500000E-01   1.800000E-01   1.009428E+00      Hf174                                                                                                   
        72            176              0        4.500000E-01   5.000000E-02   6.820561E-01      Hf176                                                                                                   
        72            177              0        1.400000E+00   4.000000E-01   8.507266E-01      Hf177                                                                                                   
        72            178              0        3.000000E-01   3.000000E-02   8.905922E-01      Hf178                                                                                                   
        72            179              0        9.800000E-01   2.400000E-01   9.950001E-01      Hf179                                                                                                   
        72            180              0        2.320000E-01   2.200000E-02   1.401227E+00      Hf180                                                                                                   
        73            180              1        1.465000E+00   1.000000E-01   1.000000E+00      Ta180m                                                                                                  
        73            181              0        8.500000E-01   7.000000E-02   1.038592E+00      Ta181                                                                                                   
        74            180              0        5.598000E-01   0.000000E+00   8.396666E-01      W180                                                                                                    
        74            182              0        2.900000E-01   4.000000E-02   1.058394E+00      W182                                                                                                    
        74            183              0        5.700000E-01   1.800000E-01   1.106796E+00      W183                                                                                                    
        74            184              0        2.500000E-01   3.000000E-02   1.121076E+00      W184                                                                                                    
        74            185              0        6.870000E-01   1.100000E-01   1.242315E+00      W185                                                                                                    
        74            186              0        1.920000E-01   2.200000E-02   1.085596E+00      W186                                                                                                    
        75            185              0        1.170000E+00   2.400000E-01   7.622149E-01      Re185                                                                                                   
        75            187              0        1.020000E+00   2.000000E-01   8.959967E-01      Re187                                                                                                   
        76            186              0        4.220000E-01   1.600000E-02   1.029268E+00      Os186                                                                                                   
        76            187              0        8.960000E-01   3.000000E-02   9.275362E-01      Os187                                                                                                   
        76            188              0        3.990000E-01   1.500000E-02   1.361775E+00      Os188                                                                                                   
        76            189              0        1.168000E+00   4.700000E-02   9.999999E-01      Os189                                                                                                   
        76            190              0        2.950000E-01   4.500000E-02   1.117075E+00      Os190                                                                                                   
        76            192              0        3.110000E-01   4.500000E-02   2.053505E+00      Os192                                                                                                   
        77            191              0        1.300000E+00   4.000000E-01   1.057094E+00      Ir191                                                                                                   
        77            193              0        1.100000E+00   3.000000E-01   1.223181E+00      Ir193                                                                                                   
        78            192              0        5.900000E-01   1.200000E-01   9.999999E-01      Pt192                                                                                                   
        78            196              0        1.970000E-01   2.300000E-02   1.076503E+00      Pt196                                                                                                   
        78            198              0        8.200000E-02   1.200000E-02   9.721586E-01      Pt198                                                                                                   
        79            197              0        6.100000E-01   1.200000E-01   9.944893E-01      Au197                                                                                                   
        80            196              0        3.400000E-02   6.000000E-03   1.744501E-01      Hg196                                                                                                   
        80            198              0        1.610000E-01   1.600000E-02   9.306358E-01      Hg198                                                                                                   
        80            199              0        3.900000E-01   7.000000E-02   1.042781E+00      Hg199                                                                                                   
        80            200              0        1.280000E-01   2.400000E-02   1.113044E+00      Hg200                                                                                                   
        80            201              0        2.600000E-01   5.000000E-02   9.848484E-01      Hg201                                                                                                   
        80            202              0        8.500000E-02   1.800000E-02   1.344937E+00      Hg202                                                                                                   
        80            204              0        4.300000E-02   1.000000E-02   1.023809E+00      Hg204                                                                                                   
        81            203              0        1.704000E-01   0.000000E+00   1.374193E+00      Tl203                                                                                                   
        81            205              0        5.256000E-02   0.000000E+00   9.733334E-01      Tl205                                                                                                   
        82            204              0        7.200000E-02   8.000000E-03   8.888888E-01      Pb204                                                                                                   
        82            206              0        1.400000E-02   4.000000E-03   9.655172E-01      Pb206                                                                                                   
        82            207              0        8.300000E-03   1.500000E-03   8.383839E-01      Pb207                                                                                                   
        82            208              0        6.600000E-04   1.600000E-04   1.833333E+00      Pb208                                                                                                   
        83            209              0        3.300000E-03   6.000000E-04   1.289062E+00      Bi209                                                                                                   
        90            232              0        4.879000E-01   0.000000E+00   1.025948E+00      Th232                                                                                                   
        92            235              0        6.938000E-01   0.000000E+00   1.065745E+00      U235                                                                                                    
        92            238              0        4.014000E-01   0.000000E+00   1.026598E+00      U238                                                                                                    
