# header:
#   title: (n,g) MACS for tendl.2023
#   source: Resonancetables
#   date: 2025-05-27
# reaction:
#   type: (n,g)
# quantity:
#   type: MACS
# datablock:
#   columns: 7
#   entries: 276
##       Z              A            Liso           Value         dValue          Ratio         Nuclide
##      []             []             []             [b]            [b]            []             []
         1              1              0        2.442800E-04   0.000000E+00   9.617323E-01      H001                                                                                                    
         1              2              0        1.681000E-06   0.000000E+00   5.603333E-01      H002                                                                                                    
         2              3              0        1.837000E-05   0.000000E+00   2.417105E+00      He003                                                                                                   
         3              7              0        4.979700E-05   0.000000E+00   1.185643E+00      Li007                                                                                                   
         4              9              0        9.761600E-06   0.000000E+00   1.075138E+00      Be009                                                                                                   
         6             12              0        1.527700E-05   0.000000E+00   9.920130E-01      C012                                                                                                    
         6             13              0        1.483500E-05   0.000000E+00   5.274809E-01      C013                                                                                                    
         6             14              0        3.169600E-06   0.000000E+00   3.737736E-01      C014                                                                                                    
         7             14              0        6.916100E-05   0.000000E+00   1.686853E+00      N014                                                                                                    
         7             15              0        8.938200E-06   0.000000E+00   1.541069E+00      N015                                                                                                    
         8             16              0        1.837600E-06   0.000000E+00   4.835789E-02      O016                                                                                                    
         8             18              0        1.737700E-07   0.000000E+00   1.952472E-02      O018                                                                                                    
         9             19              0        4.536000E-03   0.000000E+00   1.417500E+00      F019                                                                                                    
        10             20              0        1.610600E-04   0.000000E+00   1.353445E+00      Ne020                                                                                                   
        10             21              0        6.816800E-04   0.000000E+00   4.544533E-01      Ne021                                                                                                   
        10             22              0        3.989900E-06   0.000000E+00   6.879138E-02      Ne022                                                                                                   
        11             23              0        2.047800E-03   0.000000E+00   1.348526E+00      Na023                                                                                                   
        12             24              0        4.387800E-03   0.000000E+00   1.329636E+00      Mg024                                                                                                   
        12             25              0        5.651100E-03   0.000000E+00   8.829843E-01      Mg025                                                                                                   
        12             26              0        1.644100E-03   0.000000E+00   1.304841E+01      Mg026                                                                                                   
        13             27              0        3.367900E-03   0.000000E+00   9.005080E-01      Al027                                                                                                   
        14             28              0        3.588500E-03   0.000000E+00   2.527113E+00      Si028                                                                                                   
        14             29              0        8.032300E-03   0.000000E+00   1.220714E+00      Si029                                                                                                   
        14             30              0        4.696300E-03   0.000000E+00   2.580384E+00      Si030                                                                                                   
        15             31              0        1.648500E-03   0.000000E+00   9.474137E-01      P031                                                                                                    
        16             32              0        5.704700E-03   0.000000E+00   1.391390E+00      S032                                                                                                    
        16             33              0        8.345600E-03   0.000000E+00   1.127784E+00      S033                                                                                                    
        16             34              0        1.329600E-04   0.000000E+00   5.883186E-01      S034                                                                                                    
        16             36              0        5.089600E-04   0.000000E+00   2.976374E+00      S036                                                                                                    
        17             35              0        9.427200E-03   0.000000E+00   9.718763E-01      Cl035                                                                                                   
        17             37              0        1.817100E-03   0.000000E+00   8.571226E-01      Cl037                                                                                                   
        18             36              0        1.175600E-02   0.000000E+00   7.713121E+00      Ar036                                                                                                   
        18             38              0        2.501600E-03   0.000000E+00   2.679531E+00      Ar038                                                                                                   
        18             40              0        2.468600E-03   0.000000E+00   9.680784E-01      Ar040                                                                                                   
        19             39              0        9.759200E-03   0.000000E+00   8.270508E-01      K039                                                                                                    
        19             41              0        1.581800E-02   0.000000E+00   7.189999E-01      K041                                                                                                    
        20             40              0        5.831400E-03   0.000000E+00   1.130427E+00      Ca040                                                                                                   
        20             42              0        1.326400E-02   0.000000E+00   8.502564E-01      Ca042                                                                                                   
        20             43              0        5.610500E-02   0.000000E+00   1.100098E+00      Ca043                                                                                                   
        20             44              0        7.615000E-03   0.000000E+00   8.101064E-01      Ca044                                                                                                   
        20             46              0        1.975900E-02   0.000000E+00   3.728113E+00      Ca046                                                                                                   
        20             48              0        5.314800E-04   0.000000E+00   6.108965E-01      Ca048                                                                                                   
        21             45              0        7.270600E-02   0.000000E+00   1.314851E+00      Sc045                                                                                                   
        22             46              0        1.730300E-02   0.000000E+00   6.456343E-01      Ti046                                                                                                   
        22             47              0        5.468500E-02   0.000000E+00   8.491459E-01      Ti047                                                                                                   
        22             48              0        2.702000E-02   0.000000E+00   8.496855E-01      Ti048                                                                                                   
        22             49              0        1.880900E-02   0.000000E+00   8.510859E-01      Ti049                                                                                                   
        22             50              0        3.440300E-03   0.000000E+00   9.556388E-01      Ti050                                                                                                   
        23             51              0        3.450300E-02   0.000000E+00   9.079736E-01      V051                                                                                                    
        24             50              0        3.880900E-02   0.000000E+00   7.920204E-01      Cr050                                                                                                   
        24             52              0        8.638000E-03   0.000000E+00   9.815908E-01      Cr052                                                                                                   
        24             53              0        5.241600E-02   0.000000E+00   9.037241E-01      Cr053                                                                                                   
        24             54              0        4.784100E-03   0.000000E+00   7.140448E-01      Cr054                                                                                                   
        25             55              0        3.326000E-02   0.000000E+00   8.398989E-01      Mn055                                                                                                   
        26             54              0        2.746500E-02   0.000000E+00   9.278716E-01      Fe054                                                                                                   
        26             56              0        1.358900E-02   0.000000E+00   1.161453E+00      Fe056                                                                                                   
        26             57              0        4.105600E-02   0.000000E+00   1.026400E+00      Fe057                                                                                                   
        26             58              0        1.518100E-02   0.000000E+00   1.206906E+00      Fe058                                                                                                   
        26             60              0        4.545300E-03   0.000000E+00   9.211206E-01      Fe060                                                                                                   
        27             59              0        3.905300E-02   0.000000E+00   1.098973E+00      Co059                                                                                                   
        28             58              0        4.025800E-02   0.000000E+00   1.040258E+00      Ni058                                                                                                   
        28             60              0        2.659600E-02   0.000000E+00   8.894983E-01      Ni060                                                                                                   
        28             61              0        9.738700E-02   0.000000E+00   1.187646E+00      Ni061                                                                                                   
        28             62              0        2.401900E-02   0.000000E+00   1.077085E+00      Ni062                                                                                                   
        28             64              0        2.043600E-02   0.000000E+00   2.875103E+00      Ni064                                                                                                   
        29             63              0        6.958200E-02   0.000000E+00   1.249228E+00      Cu063                                                                                                   
        29             65              0        4.273500E-02   0.000000E+00   1.584994E+00      Cu065                                                                                                   
        30             64              0        6.217100E-02   0.000000E+00   1.271731E+00      Zn064                                                                                                   
        30             66              0        3.702500E-02   0.000000E+00   1.057857E+00      Zn066                                                                                                   
        30             67              0        1.051500E-01   0.000000E+00   6.872548E-01      Zn067                                                                                                   
        30             68              0        2.159400E-02   0.000000E+00   1.124687E+00      Zn068                                                                                                   
        30             70              0        1.249500E-02   0.000000E+00   1.337977E+00      Zn070                                                                                                   
        31             69              0        1.431000E-01   0.000000E+00   1.029496E+00      Ga069                                                                                                   
        31             71              0        1.145300E-01   0.000000E+00   9.311382E-01      Ga071                                                                                                   
        32             70              0        7.479100E-02   0.000000E+00   8.498976E-01      Ge070                                                                                                   
        32             74              0        4.293100E-02   0.000000E+00   1.197166E+00      Ge074                                                                                                   
        32             76              0        1.857100E-02   0.000000E+00   8.637674E-01      Ge076                                                                                                   
        33             75              0        3.955500E-01   0.000000E+00   1.162360E+00      As075                                                                                                   
        34             74              0        2.858700E-01   0.000000E+00   1.054871E+00      Se074                                                                                                   
        34             76              0        2.142700E-01   0.000000E+00   1.306524E+00      Se076                                                                                                   
        34             78              0        5.089000E-02   0.000000E+00   9.029965E-01      Se078                                                                                                   
        34             80              0        5.318200E-02   0.000000E+00   1.266238E+00      Se080                                                                                                   
        35             79              0        5.890400E-01   0.000000E+00   9.920675E-01      Br079                                                                                                   
        35             81              0        1.929200E-01   0.000000E+00   9.109646E-01      Br081                                                                                                   
        36             78              0        3.401200E-01   0.000000E+00   1.059564E+00      Kr078                                                                                                   
        36             80              0        2.896300E-01   0.000000E+00   1.084756E+00      Kr080                                                                                                   
        36             82              0        1.021600E-01   0.000000E+00   1.135111E+00      Kr082                                                                                                   
        36             83              0        2.647700E-01   0.000000E+00   1.089588E+00      Kr083                                                                                                   
        36             84              0        4.895000E-02   0.000000E+00   1.288158E+00      Kr084                                                                                                   
        36             86              0        4.127700E-03   0.000000E+00   1.214029E+00      Kr086                                                                                                   
        37             85              0        2.183600E-01   0.000000E+00   1.010856E+00      Rb085                                                                                                   
        37             87              0        1.129000E-02   0.000000E+00   7.191082E-01      Rb087                                                                                                   
        38             84              0        3.191900E-01   0.000000E+00   1.128441E+00      Sr084                                                                                                   
        38             86              0        5.544100E-02   0.000000E+00   8.662656E-01      Sr086                                                                                                   
        38             87              0        8.998900E-02   0.000000E+00   9.781412E-01      Sr087                                                                                                   
        38             88              0        5.413200E-03   0.000000E+00   8.830668E-01      Sr088                                                                                                   
        38             89              0        2.122200E-02   0.000000E+00   1.116947E+00      Sr089                                                                                                   
        39             89              0        2.079800E-02   0.000000E+00   1.170690E+00      Y089                                                                                                    
        40             90              0        1.924300E-02   0.000000E+00   9.970466E-01      Zr090                                                                                                   
        40             91              0        6.632000E-02   0.000000E+00   1.069677E+00      Zr091                                                                                                   
        40             92              0        3.663700E-02   0.000000E+00   1.217176E+00      Zr092                                                                                                   
        40             93              0        9.986800E-02   0.000000E+00   1.051242E+00      Zr093                                                                                                   
        40             94              0        2.500900E-02   0.000000E+00   9.618846E-01      Zr094                                                                                                   
        40             96              0        1.236800E-02   0.000000E+00   1.155888E+00      Zr096                                                                                                   
        41             93              0        2.786200E-01   0.000000E+00   1.047444E+00      Nb093                                                                                                   
        42             92              0        6.713600E-02   0.000000E+00   9.590856E-01      Mo092                                                                                                   
        42             94              0        1.075000E-01   0.000000E+00   1.053922E+00      Mo094                                                                                                   
        42             95              0        3.286900E-01   0.000000E+00   1.125651E+00      Mo095                                                                                                   
        42             96              0        1.028400E-01   0.000000E+00   9.182143E-01      Mo096                                                                                                   
        42             97              0        3.317800E-01   0.000000E+00   9.787019E-01      Mo097                                                                                                   
        42             98              0        8.401600E-02   0.000000E+00   8.486465E-01      Mo098                                                                                                   
        42            100              0        8.712400E-02   0.000000E+00   8.067037E-01      Mo100                                                                                                   
        43             99              0        9.382000E-01   0.000000E+00   1.201280E+00      Tc099                                                                                                   
        44             96              0        2.182900E-01   0.000000E+00   1.172693E+00      Ru096                                                                                                   
        44            100              0        2.036600E-01   0.000000E+00   9.886407E-01      Ru100                                                                                                   
        44            101              0        9.331900E-01   0.000000E+00   9.369377E-01      Ru101                                                                                                   
        44            102              0        1.904000E-01   0.000000E+00   1.260927E+00      Ru102                                                                                                   
        44            104              0        1.621200E-01   0.000000E+00   1.039231E+00      Ru104                                                                                                   
        45            103              0        7.429400E-01   0.000000E+00   8.590034E-01      Rh103                                                                                                   
        46            102              0        2.993600E-01   0.000000E+00   8.322001E-01      Pd102                                                                                                   
        46            104              0        2.669100E-01   0.000000E+00   9.235640E-01      Pd104                                                                                                   
        46            105              0        1.120600E+00   0.000000E+00   9.338333E-01      Pd105                                                                                                   
        46            106              0        1.976500E-01   0.000000E+00   7.843254E-01      Pd106                                                                                                   
        46            107              0        1.390400E+00   0.000000E+00   1.037612E+00      Pd107                                                                                                   
        46            108              0        2.316600E-01   0.000000E+00   1.141182E+00      Pd108                                                                                                   
        46            110              0        1.689500E-01   0.000000E+00   1.157192E+00      Pd110                                                                                                   
        47            107              0        7.460000E-01   0.000000E+00   9.419191E-01      Ag107                                                                                                   
        47            109              0        7.338100E-01   0.000000E+00   9.312309E-01      Ag109                                                                                                   
        48            106              0        5.218600E-01   0.000000E+00   1.728013E+00      Cd106                                                                                                   
        48            108              0        3.383700E-01   0.000000E+00   1.675099E+00      Cd108                                                                                                   
        48            110              0        2.402100E-01   0.000000E+00   9.582117E-01      Cd110                                                                                                   
        48            111              0        7.214400E-01   0.000000E+00   9.024664E-01      Cd111                                                                                                   
        48            112              0        2.019400E-01   0.000000E+00   1.010290E+00      Cd112                                                                                                   
        48            113              0        6.139600E-01   0.000000E+00   8.705903E-01      Cd113                                                                                                   
        48            114              0        1.325200E-01   0.000000E+00   9.602056E-01      Cd114                                                                                                   
        48            116              0        7.717600E-02   0.000000E+00   9.669614E-01      Cd116                                                                                                   
        49            113              0        9.081900E-01   0.000000E+00   1.153990E+00      In113                                                                                                   
        49            115              0        8.895900E-01   0.000000E+00   1.260042E+00      In115                                                                                                   
        50            112              0        2.076000E-01   0.000000E+00   9.885714E-01      Sn112                                                                                                   
        50            114              0        1.937400E-01   0.000000E+00   1.353524E+00      Sn114                                                                                                   
        50            115              0        6.680800E-01   0.000000E+00   1.775965E+00      Sn115                                                                                                   
        50            116              0        1.038100E-01   0.000000E+00   1.069178E+00      Sn116                                                                                                   
        50            117              0        3.476300E-01   0.000000E+00   1.031520E+00      Sn117                                                                                                   
        50            118              0        6.763200E-02   0.000000E+00   1.026816E+00      Sn118                                                                                                   
        50            119              0        2.352300E-01   0.000000E+00   1.306833E+00      Sn119                                                                                                   
        50            120              0        3.967600E-02   0.000000E+00   1.021382E+00      Sn120                                                                                                   
        50            122              0        2.263600E-02   0.000000E+00   1.033607E+00      Sn122                                                                                                   
        50            124              0        2.779800E-02   0.000000E+00   2.316500E+00      Sn124                                                                                                   
        51            121              0        6.526400E-01   0.000000E+00   1.360537E+00      Sb121                                                                                                   
        51            123              0        3.140300E-01   0.000000E+00   1.094094E+00      Sb123                                                                                                   
        52            120              0        4.938300E-01   0.000000E+00   1.126045E+00      Te120                                                                                                   
        52            122              0        2.650000E-01   0.000000E+00   8.066786E-01      Te122                                                                                                   
        52            123              0        7.860400E-01   0.000000E+00   8.916084E-01      Te123                                                                                                   
        52            124              0        1.480500E-01   0.000000E+00   9.094873E-01      Te124                                                                                                   
        52            125              0        3.975300E-01   0.000000E+00   8.797609E-01      Te125                                                                                                   
        52            126              0        8.101800E-02   0.000000E+00   9.379147E-01      Te126                                                                                                   
        52            128              0        4.038000E-02   0.000000E+00   9.340882E-01      Te128                                                                                                   
        52            130              0        2.080000E-02   0.000000E+00   1.414966E+00      Te130                                                                                                   
        53            127              0        6.374200E-01   0.000000E+00   1.003811E+00      I127                                                                                                    
        53            129              0        4.111300E-01   0.000000E+00   9.322675E-01      I129                                                                                                    
        54            124              0        6.379600E-01   0.000000E+00   1.107495E+00      Xe124                                                                                                   
        54            126              0        3.669700E-01   0.000000E+00   1.086755E+00      Xe126                                                                                                   
        54            128              0        2.330800E-01   0.000000E+00   8.393330E-01      Xe128                                                                                                   
        54            129              0        5.936700E-01   0.000000E+00   8.993468E-01      Xe129                                                                                                   
        54            130              0        1.861300E-01   0.000000E+00   1.317004E+00      Xe130                                                                                                   
        54            132              0        7.847800E-02   0.000000E+00   1.345446E+00      Xe132                                                                                                   
        54            134              0        4.657000E-02   0.000000E+00   2.261593E+00      Xe134                                                                                                   
        54            136              0        1.200900E-03   0.000000E+00   1.311477E+00      Xe136                                                                                                   
        55            133              0        5.110000E-01   0.000000E+00   1.003929E+00      Cs133                                                                                                   
        55            135              0        1.673900E-01   0.000000E+00   1.093316E+00      Cs135                                                                                                   
        56            130              0        8.106700E-01   0.000000E+00   1.111309E+00      Ba130                                                                                                   
        56            132              0        3.130300E-01   0.000000E+00   8.199437E-01      Ba132                                                                                                   
        56            134              0        1.921900E-01   0.000000E+00   1.035265E+00      Ba134                                                                                                   
        56            135              0        5.090500E-01   0.000000E+00   1.041703E+00      Ba135                                                                                                   
        56            136              0        6.341300E-02   0.000000E+00   9.409819E-01      Ba136                                                                                                   
        56            137              0        7.768300E-02   0.000000E+00   8.617750E-01      Ba137                                                                                                   
        56            138              0        3.623600E-03   0.000000E+00   9.058999E-01      Ba138                                                                                                   
        57            139              0        3.734700E-02   0.000000E+00   1.152685E+00      La139                                                                                                   
        58            136              0        5.096700E-01   0.000000E+00   1.587643E+00      Ce136                                                                                                   
        58            138              0        2.254000E-01   0.000000E+00   1.359417E+00      Ce138                                                                                                   
        58            140              0        6.525100E-03   0.000000E+00   6.240287E-01      Ce140                                                                                                   
        58            142              0        1.943100E-02   0.000000E+00   7.635244E-01      Ce142                                                                                                   
        59            141              0        1.232300E-01   0.000000E+00   1.047792E+00      Pr141                                                                                                   
        60            142              0        3.817800E-02   0.000000E+00   1.067919E+00      Nd142                                                                                                   
        60            143              0        2.590800E-01   0.000000E+00   1.002840E+00      Nd143                                                                                                   
        60            144              0        8.270500E-02   0.000000E+00   9.582687E-01      Nd144                                                                                                   
        60            145              0        4.358000E-01   0.000000E+00   9.655251E-01      Nd145                                                                                                   
        60            146              0        1.124600E-01   0.000000E+00   1.158591E+00      Nd146                                                                                                   
        60            148              0        1.541600E-01   0.000000E+00   1.006708E+00      Nd148                                                                                                   
        60            150              0        1.549600E-01   0.000000E+00   9.175632E-01      Nd150                                                                                                   
        61            147              0        8.272500E-01   0.000000E+00   1.166784E+00      Pm147                                                                                                   
        62            144              0        9.080500E-02   0.000000E+00   9.870108E-01      Sm144                                                                                                   
        62            147              0        9.684000E-01   0.000000E+00   9.952723E-01      Sm147                                                                                                   
        62            148              0        2.729300E-01   0.000000E+00   2.608308E-01      Sm148                                                                                                   
        62            149              0        2.005700E+00   0.000000E+00   1.037900E+00      Sm149                                                                                                   
        62            150              0        4.719200E-01   0.000000E+00   1.056259E+00      Sm150                                                                                                   
        62            151              0        2.011300E+00   0.000000E+00   6.223324E-01      Sm151                                                                                                   
        62            152              0        4.703000E-01   0.000000E+00   9.473893E-01      Sm152                                                                                                   
        62            154              0        2.105900E-01   0.000000E+00   1.131898E+00      Sm154                                                                                                   
        63            151              0        3.853400E+00   0.000000E+00   1.107936E+00      Eu151                                                                                                   
        63            153              0        2.765900E+00   0.000000E+00   1.082120E+00      Eu153                                                                                                   
        63            155              0        1.452000E+00   0.000000E+00   1.100000E+00      Eu155                                                                                                   
        64            152              0        9.016600E-01   0.000000E+00   8.173384E-01      Gd152                                                                                                   
        64            154              0        9.050000E-01   0.000000E+00   8.318542E-01      Gd154                                                                                                   
        64            155              0        2.763000E+00   0.000000E+00   9.847034E-01      Gd155                                                                                                   
        64            156              0        6.630900E-01   0.000000E+00   1.016309E+00      Gd156                                                                                                   
        64            157              0        9.587600E-01   0.000000E+00   6.624103E-01      Gd157                                                                                                   
        64            158              0        3.182700E-01   0.000000E+00   9.219426E-01      Gd158                                                                                                   
        64            160              0        1.813800E-01   0.000000E+00   1.177792E+00      Gd160                                                                                                   
        65            159              0        1.185300E+00   0.000000E+00   7.501898E-01      Tb159                                                                                                   
        66            156              0        2.099900E+00   0.000000E+00   1.359435E+00      Dy156                                                                                                   
        66            160              0        8.855100E-01   0.000000E+00   9.339485E-01      Dy160                                                                                                   
        66            161              0        2.193700E+00   0.000000E+00   1.048923E+00      Dy161                                                                                                   
        66            162              0        5.021600E-01   0.000000E+00   1.059060E+00      Dy162                                                                                                   
        66            163              0        1.220700E+00   0.000000E+00   1.031677E+00      Dy163                                                                                                   
        66            164              0        2.343300E-01   0.000000E+00   1.039141E+00      Dy164                                                                                                   
        67            163              0        2.424600E+00   0.000000E+00   1.140988E+00      Ho163                                                                                                   
        67            165              0        1.458000E+00   0.000000E+00   1.139062E+00      Ho165                                                                                                   
        68            162              0        1.874800E+00   0.000000E+00   1.154433E+00      Er162                                                                                                   
        68            164              0        1.406300E+00   0.000000E+00   1.297325E+00      Er164                                                                                                   
        68            166              0        6.542800E-01   0.000000E+00   1.162131E+00      Er166                                                                                                   
        68            167              0        1.523900E+00   0.000000E+00   1.069404E+00      Er167                                                                                                   
        68            168              0        3.015600E-01   0.000000E+00   8.921893E-01      Er168                                                                                                   
        68            170              0        1.712300E-01   0.000000E+00   1.174448E+00      Er170                                                                                                   
        69            169              0        1.140500E+00   0.000000E+00   1.010186E+00      Tm169                                                                                                   
        70            168              0        1.181700E+00   0.000000E+00   1.054618E+00      Yb168                                                                                                   
        70            170              0        6.625400E-01   0.000000E+00   8.123475E-01      Yb170                                                                                                   
        70            171              0        1.561600E+00   0.000000E+00   1.216505E+00      Yb171                                                                                                   
        70            172              0        3.526400E-01   0.000000E+00   9.700888E-01      Yb172                                                                                                   
        70            173              0        8.616500E-01   0.000000E+00   1.077981E+00      Yb173                                                                                                   
        70            174              0        1.609300E-01   0.000000E+00   1.007696E+00      Yb174                                                                                                   
        70            176              0        1.039100E-01   0.000000E+00   8.435506E-01      Yb176                                                                                                   
        71            175              0        1.322300E+00   0.000000E+00   1.020877E+00      Lu175                                                                                                   
        71            176              0        1.704000E+00   0.000000E+00   9.789503E-01      Lu176                                                                                                   
        72            174              0        9.646300E-01   0.000000E+00   1.024973E+00      Hf174                                                                                                   
        72            176              0        4.938500E-01   0.000000E+00   7.485186E-01      Hf176                                                                                                   
        72            177              0        1.435700E+00   0.000000E+00   8.724202E-01      Hf177                                                                                                   
        72            178              0        2.511800E-01   0.000000E+00   7.456631E-01      Hf178                                                                                                   
        72            179              0        8.460600E-01   0.000000E+00   8.590099E-01      Hf179                                                                                                   
        72            180              0        1.767000E-01   0.000000E+00   1.067227E+00      Hf180                                                                                                   
        72            182              0        1.613100E-01   0.000000E+00   1.179701E+00      Hf182                                                                                                   
        73            181              0        7.816700E-01   0.000000E+00   9.551013E-01      Ta181                                                                                                   
        74            180              0        5.450000E-01   0.000000E+00   8.174675E-01      W180                                                                                                    
        74            182              0        2.907400E-01   0.000000E+00   1.061095E+00      W182                                                                                                    
        74            183              0        6.880600E-01   0.000000E+00   1.336039E+00      W183                                                                                                    
        74            184              0        2.521100E-01   0.000000E+00   1.130538E+00      W184                                                                                                    
        74            186              0        2.894200E-01   0.000000E+00   1.636424E+00      W186                                                                                                    
        75            185              0        1.799500E+00   0.000000E+00   1.172313E+00      Re185                                                                                                   
        75            187              0        1.139600E+00   0.000000E+00   1.001057E+00      Re187                                                                                                   
        76            184              0        5.968000E-01   0.000000E+00   1.063321E+00      Os184                                                                                                   
        76            186              0        4.396800E-01   0.000000E+00   1.072390E+00      Os186                                                                                                   
        76            187              0        1.249800E+00   0.000000E+00   1.293789E+00      Os187                                                                                                   
        76            188              0        3.604200E-01   0.000000E+00   1.230102E+00      Os188                                                                                                   
        76            189              0        1.244900E+00   0.000000E+00   1.065839E+00      Os189                                                                                                   
        76            190              0        3.096400E-01   0.000000E+00   1.172512E+00      Os190                                                                                                   
        76            192              0        1.556300E-01   0.000000E+00   1.027611E+00      Os192                                                                                                   
        77            191              0        1.276500E+00   0.000000E+00   1.037985E+00      Ir191                                                                                                   
        77            193              0        1.114000E+00   0.000000E+00   1.238749E+00      Ir193                                                                                                   
        78            190              0        9.299700E-01   0.000000E+00   1.719844E+00      Pt190                                                                                                   
        78            196              0        1.995800E-01   0.000000E+00   1.090601E+00      Pt196                                                                                                   
        78            198              0        1.330000E-01   0.000000E+00   1.576794E+00      Pt198                                                                                                   
        79            197              0        6.196900E-01   0.000000E+00   1.010287E+00      Au197                                                                                                   
        80            196              0        3.502400E-01   0.000000E+00   1.797041E+00      Hg196                                                                                                   
        80            198              0        3.387400E-01   0.000000E+00   1.958035E+00      Hg198                                                                                                   
        80            199              0        4.814200E-01   0.000000E+00   1.287219E+00      Hg199                                                                                                   
        80            200              0        1.352900E-01   0.000000E+00   1.176435E+00      Hg200                                                                                                   
        80            201              0        3.129300E-01   0.000000E+00   1.185341E+00      Hg201                                                                                                   
        80            202              0        5.800700E-02   0.000000E+00   9.178322E-01      Hg202                                                                                                   
        80            204              0        2.529600E-02   0.000000E+00   6.022857E-01      Hg204                                                                                                   
        81            203              0        1.430600E-01   0.000000E+00   1.153710E+00      Tl203                                                                                                   
        81            205              0        5.537300E-02   0.000000E+00   1.025426E+00      Tl205                                                                                                   
        82            204              0        7.363900E-02   0.000000E+00   9.091234E-01      Pb204                                                                                                   
        82            206              0        1.467000E-02   0.000000E+00   1.011724E+00      Pb206                                                                                                   
        82            207              0        1.059500E-02   0.000000E+00   1.070202E+00      Pb207                                                                                                   
        82            208              0        2.310500E-04   0.000000E+00   6.418055E-01      Pb208                                                                                                   
        83            209              0        3.712900E-03   0.000000E+00   1.450351E+00      Bi209                                                                                                   
