# header: 
#   title: (n,g) MACS for tendl.2025
#   source: Resonancetables
#   date: 2025-12-03
# reaction: 
#   type: (n,g)
# quantity: 
#   type: MACS
# datablock: 
#   columns: 7
#   entries: 287
##       Z              A            Liso           Value         dValue          Ratio         Nuclide
##      []             []             []             [b]            [b]            []             [%]
         3              7              0        3.276300E-07   0.000000E+00         0.0078      Li007
         4              9              0        6.548400E-06   0.000000E+00         0.7212      Be009
         6             12              0        3.460400E-06   0.000000E+00         0.2247      C012
         6             13              0        1.129800E-05   0.000000E+00         0.4017      C013
         6             14              0        1.533600E-09   0.000000E+00         0.0002      C014
         7             14              0        2.690000E-05   0.000000E+00         0.6561      N014
         7             15              0        2.035300E-08   0.000000E+00         0.0035      N015
         8             16              0        2.202200E-06   0.000000E+00         0.0580      O016
         8             18              0        6.378900E-07   0.000000E+00         0.0717      O018
         9             19              0        4.610000E-03   0.000000E+00         1.4406      F019
        10             20              0        1.610500E-04   0.000000E+00         1.3534      Ne020
        10             21              0        6.810100E-04   0.000000E+00         0.4540      Ne021
        10             22              0        7.584200E-06   0.000000E+00         0.1308      Ne022
        11             23              0        2.047700E-03   0.000000E+00         1.3485      Na023
        12             24              0        4.387600E-03   0.000000E+00         1.3296      Mg024
        12             25              0        5.651000E-03   0.000000E+00         0.8830      Mg025
        12             26              0        2.254400E-03   0.000000E+00        17.8921      Mg026
        13             26              0        1.256800E-02   0.000000E+00         3.3968      Al026
        13             27              0        3.367800E-03   0.000000E+00         0.9005      Al027
        14             28              0        3.588300E-03   0.000000E+00         2.5270      Si028
        14             29              0        8.031900E-03   0.000000E+00         1.2207      Si029
        14             30              0        4.696000E-03   0.000000E+00         2.5802      Si030
        15             31              0        1.648400E-03   0.000000E+00         0.9474      P031
        16             32              0        5.704400E-03   0.000000E+00         1.3913      S032
        16             33              0        8.343500E-03   0.000000E+00         1.1275      S033
        16             34              0        1.329600E-04   0.000000E+00         0.5883      S034
        16             36              0        5.045000E-04   0.000000E+00         2.9503      S036
        17             35              0        9.426800E-03   0.000000E+00         0.9718      Cl035
        17             37              0        1.819100E-03   0.000000E+00         0.8581      Cl037
        18             36              0        1.181300E-02   0.000000E+00         7.7505      Ar036
        18             38              0        3.016800E-03   0.000000E+00         3.2314      Ar038
        18             40              0        2.468500E-03   0.000000E+00         0.9680      Ar040
        19             39              0        7.918900E-03   0.000000E+00         0.6711      K039
        19             41              0        1.568300E-02   0.000000E+00         0.7129      K041
        20             40              0        5.831200E-03   0.000000E+00         1.1304      Ca040
        20             42              0        1.326800E-02   0.000000E+00         0.8505      Ca042
        20             43              0        5.357600E-02   0.000000E+00         1.0505      Ca043
        20             44              0        7.612200E-03   0.000000E+00         0.8098      Ca044
        20             46              0        2.013400E-02   0.000000E+00         3.7989      Ca046
        20             48              0        4.756000E-04   0.000000E+00         0.5467      Ca048
        21             45              0        7.270300E-02   0.000000E+00         1.3148      Sc045
        22             46              0        1.730100E-02   0.000000E+00         0.6456      Ti046
        22             47              0        5.501300E-02   0.000000E+00         0.8542      Ti047
        22             48              0        2.701900E-02   0.000000E+00         0.8497      Ti048
        22             49              0        1.890300E-02   0.000000E+00         0.8553      Ti049
        22             50              0        3.440200E-03   0.000000E+00         0.9556      Ti050
        23             51              0        3.452300E-02   0.000000E+00         0.9085      V051
        24             50              0        4.018400E-02   0.000000E+00         0.8201      Cr050
        24             52              0        8.687700E-03   0.000000E+00         0.9872      Cr052
        24             53              0        5.239900E-02   0.000000E+00         0.9034      Cr053
        24             54              0        4.783900E-03   0.000000E+00         0.7140      Cr054
        25             55              0        3.325800E-02   0.000000E+00         0.8398      Mn055
        26             54              0        3.008100E-02   0.000000E+00         1.0162      Fe054
        26             56              0        1.264700E-02   0.000000E+00         1.0809      Fe056
        26             57              0        4.105400E-02   0.000000E+00         1.0263      Fe057
        26             58              0        1.518000E-02   0.000000E+00         1.2068      Fe058
        26             60              0        3.919200E-03   0.000000E+00         0.7942      Fe060
        27             59              0        3.905100E-02   0.000000E+00         1.0989      Co059
        28             58              0        4.024000E-02   0.000000E+00         1.0398      Ni058
        28             60              0        2.659500E-02   0.000000E+00         0.8895      Ni060
        28             61              0        9.733000E-02   0.000000E+00         1.1870      Ni061
        28             62              0        2.401800E-02   0.000000E+00         1.0770      Ni062
        28             64              0        2.043500E-02   0.000000E+00         2.8750      Ni064
        29             63              0        7.845300E-02   0.000000E+00         0.8346      Cu063
        29             65              0        4.272800E-02   0.000000E+00         1.0421      Cu065
        30             64              0        6.193600E-02   0.000000E+00         1.2669      Zn064
        30             66              0        3.717700E-02   0.000000E+00         1.0622      Zn066
        30             67              0        1.099500E-01   0.000000E+00         0.7186      Zn067
        30             68              0        2.138900E-02   0.000000E+00         1.1140      Zn068
        30             70              0        1.248700E-02   0.000000E+00         1.3371      Zn070
        31             69              0        1.387900E-01   0.000000E+00         0.9985      Ga069
        31             71              0        1.204200E-01   0.000000E+00         0.9790      Ga071
        32             70              0        7.675700E-02   0.000000E+00         0.8722      Ge070
        32             74              0        4.496100E-02   0.000000E+00         1.2538      Ge074
        32             76              0        2.035100E-02   0.000000E+00         0.9466      Ge076
        33             75              0        3.789700E-01   0.000000E+00         1.1136      As075
        34             74              0        2.991700E-01   0.000000E+00         1.1039      Se074
        34             76              0        2.019400E-01   0.000000E+00         1.2313      Se076
        34             78              0        3.922800E-02   0.000000E+00         0.6961      Se078
        34             80              0        4.767700E-02   0.000000E+00         1.1352      Se080
        35             79              0        6.664300E-01   0.000000E+00         1.1224      Br079
        35             81              0        3.023300E-01   0.000000E+00         0.9659      Br081
        36             78              0        3.469500E-01   0.000000E+00         1.0808      Kr078
        36             80              0        2.804300E-01   0.000000E+00         1.0503      Kr080
        36             82              0        9.494500E-02   0.000000E+00         1.0549      Kr082
        36             83              0        2.451000E-01   0.000000E+00         1.0086      Kr083
        36             84              0        5.334500E-02   0.000000E+00         1.4038      Kr084
        36             86              0        4.127600E-03   0.000000E+00         1.2140      Kr086
        37             85              0        2.304300E-01   0.000000E+00         1.0667      Rb085
        37             87              0        1.080600E-02   0.000000E+00         0.6883      Rb087
        38             84              0        2.900100E-01   0.000000E+00         1.0253      Sr084
        38             86              0        5.278000E-02   0.000000E+00         0.8247      Sr086
        38             87              0        8.495600E-02   0.000000E+00         0.9234      Sr087
        38             88              0        5.413300E-03   0.000000E+00         0.8831      Sr088
        38             89              0        2.121700E-02   0.000000E+00         1.1167      Sr089
        39             89              0        2.023100E-02   0.000000E+00         1.1388      Y089
        40             90              0        1.925300E-02   0.000000E+00         0.9976      Zr090
        40             91              0        6.233500E-02   0.000000E+00         1.0054      Zr091
        40             92              0        3.670600E-02   0.000000E+00         1.2195      Zr092
        40             93              0        9.639200E-02   0.000000E+00         1.0147      Zr093
        40             94              0        2.503100E-02   0.000000E+00         0.9627      Zr094
        40             96              0        1.263200E-02   0.000000E+00         1.1806      Zr096
        41             93              0        2.786200E-01   0.000000E+00         1.0474      Nb093
        42             92              0        6.644900E-02   0.000000E+00         0.9493      Mo092
        42             94              0        9.299700E-02   0.000000E+00         0.9117      Mo094
        42             95              0        3.821800E-01   0.000000E+00         1.3088      Mo095
        42             96              0        1.012300E-01   0.000000E+00         0.9038      Mo096
        42             97              0        3.707400E-01   0.000000E+00         1.0936      Mo097
        42             98              0        8.977300E-02   0.000000E+00         0.9068      Mo098
        42             99              0        3.292500E-01   0.000000E+00         1.3719      Mo099
        42            100              0        8.471300E-02   0.000000E+00         0.7844      Mo100
        43             99              0        7.884800E-01   0.000000E+00         1.0096      Tc099
        44             96              0        1.824600E-01   0.000000E+00         0.9802      Ru096
        44            100              0        2.175800E-01   0.000000E+00         1.0562      Ru100
        44            101              0        1.009700E+00   0.000000E+00         1.0138      Ru101
        44            102              0        2.009200E-01   0.000000E+00         1.3306      Ru102
        44            104              0        1.716500E-01   0.000000E+00         1.1003      Ru104
        45            103              0        7.751200E-01   0.000000E+00         0.8962      Rh103
        46            102              0        3.827800E-01   0.000000E+00         1.0641      Pd102
        46            104              0        2.950600E-01   0.000000E+00         1.0210      Pd104
        46            105              0        1.284000E+00   0.000000E+00         1.0700      Pd105
        46            106              0        2.547400E-01   0.000000E+00         1.0109      Pd106
        46            107              0        1.351300E+00   0.000000E+00         1.0084      Pd107
        46            108              0        2.017600E-01   0.000000E+00         0.9939      Pd108
        46            110              0        1.351500E-01   0.000000E+00         0.9257      Pd110
        47            107              0        7.907900E-01   0.000000E+00         0.9985      Ag107
        47            109              0        7.857700E-01   0.000000E+00         0.9972      Ag109
        48            106              0        4.793000E-01   0.000000E+00         0.9985      Cd106
        48            108              0        4.226600E-01   0.000000E+00         1.0566      Cd108
        48            110              0        2.562100E-01   0.000000E+00         1.0220      Cd110
        48            111              0        7.994600E-01   0.000000E+00         1.0001      Cd111
        48            112              0        1.983000E-01   0.000000E+00         0.9921      Cd112
        48            113              0        7.099900E-01   0.000000E+00         1.0068      Cd113
        48            114              0        1.407600E-01   0.000000E+00         1.0199      Cd114
        48            116              0        7.563300E-02   0.000000E+00         0.9476      Cd116
        49            113              0        8.864500E-01   0.000000E+00         1.1264      In113
        49            115              0        1.238900E+00   0.000000E+00         1.7548      In115
        50            112              0        2.092800E-01   0.000000E+00         0.9966      Sn112
        50            114              0        1.480000E-01   0.000000E+00         1.0340      Sn114
        50            115              0        3.869600E-01   0.000000E+00         1.0287      Sn115
        50            116              0        9.775700E-02   0.000000E+00         1.0068      Sn116
        50            117              0        3.453100E-01   0.000000E+00         1.0246      Sn117
        50            118              0        6.915500E-02   0.000000E+00         1.0499      Sn118
        50            119              0        2.169100E-01   0.000000E+00         1.2051      Sn119
        50            120              0        3.806600E-02   0.000000E+00         0.9799      Sn120
        50            122              0        1.705300E-02   0.000000E+00         0.7787      Sn122
        50            124              0        2.780300E-02   0.000000E+00         2.3169      Sn124
        50            125              0        1.132400E-01   0.000000E+00         1.9193      Sn125
        50            126              0        2.114600E-02   0.000000E+00         2.1146      Sn126
        51            121              0        5.710100E-01   0.000000E+00         1.1904      Sb121
        51            123              0        4.119500E-01   0.000000E+00         1.4353      Sb123
        51            125              0        5.586400E-02   0.000000E+00         0.2149      Sb125
        52            120              0        4.442400E-01   0.000000E+00         1.0130      Te120
        52            122              0        2.968500E-01   0.000000E+00         0.9036      Te122
        52            123              0        8.148600E-01   0.000000E+00         0.9243      Te123
        52            124              0        1.550700E-01   0.000000E+00         0.9526      Te124
        52            125              0        4.372400E-01   0.000000E+00         0.9676      Te125
        52            126              0        8.197700E-02   0.000000E+00         0.9490      Te126
        52            128              0        3.644200E-02   0.000000E+00         0.8430      Te128
        52            130              0        2.017200E-02   0.000000E+00         1.3722      Te130
        53            127              0        7.175100E-01   0.000000E+00         1.1299      I127
        53            129              0        3.981900E-01   0.000000E+00         0.9029      I129
        54            124              0        6.018100E-01   0.000000E+00         1.0447      Xe124
        54            126              0        3.462000E-01   0.000000E+00         1.0252      Xe126
        54            128              0        2.711700E-01   0.000000E+00         0.9765      Xe128
        54            129              0        6.555300E-01   0.000000E+00         0.9931      Xe129
        54            130              0        1.423400E-01   0.000000E+00         1.0072      Xe130
        54            132              0        5.962800E-02   0.000000E+00         1.0223      Xe132
        54            134              0        2.653200E-02   0.000000E+00         1.2885      Xe134
        54            136              0        1.200200E-03   0.000000E+00         1.3107      Xe136
        55            133              0        5.306000E-01   0.000000E+00         1.0424      Cs133
        55            135              0        1.557000E-01   0.000000E+00         1.0170      Cs135
        56            130              0        7.362100E-01   0.000000E+00         1.0092      Ba130
        56            132              0        3.856900E-01   0.000000E+00         1.0103      Ba132
        56            134              0        1.831600E-01   0.000000E+00         0.9866      Ba134
        56            135              0        4.781000E-01   0.000000E+00         0.9784      Ba135
        56            136              0        6.519300E-02   0.000000E+00         0.9674      Ba136
        56            137              0        8.239500E-02   0.000000E+00         0.9140      Ba137
        56            138              0        3.663400E-03   0.000000E+00         0.9158      Ba138
        57            139              0        3.734700E-02   0.000000E+00         1.1527      La139
        58            136              0        3.198400E-01   0.000000E+00         0.9963      Ce136
        58            138              0        1.664000E-01   0.000000E+00         1.0036      Ce138
        58            140              0        6.513600E-03   0.000000E+00         0.6229      Ce140
        58            142              0        2.469400E-02   0.000000E+00         0.9703      Ce142
        59            141              0        1.192000E-01   0.000000E+00         1.0135      Pr141
        60            142              0        3.914100E-02   0.000000E+00         1.0949      Nd142
        60            143              0        2.562400E-01   0.000000E+00         0.9918      Nd143
        60            144              0        8.020800E-02   0.000000E+00         0.9293      Nd144
        60            145              0        4.344400E-01   0.000000E+00         0.9625      Nd145
        60            146              0        9.967600E-02   0.000000E+00         1.0269      Nd146
        60            148              0        1.507300E-01   0.000000E+00         0.9843      Nd148
        60            150              0        1.731500E-01   0.000000E+00         1.0253      Nd150
        61            147              0        9.041200E-01   0.000000E+00         1.2752      Pm147
        62            144              0        9.397300E-02   0.000000E+00         1.0214      Sm144
        62            147              0        9.764800E-01   0.000000E+00         1.0036      Sm147
        62            148              0        2.896500E-01   0.000000E+00         1.2019      Sm148
        62            149              0        1.881300E+00   0.000000E+00         0.9735      Sm149
        62            150              0        4.663200E-01   0.000000E+00         1.0437      Sm150
        62            151              0        3.270400E+00   0.000000E+00         1.0119      Sm151
        62            152              0        5.275300E-01   0.000000E+00         1.0627      Sm152
        62            154              0        3.119700E-01   0.000000E+00         1.1182      Sm154
        63            151              0        3.500300E+00   0.000000E+00         1.0064      Eu151
        63            153              0        2.928400E+00   0.000000E+00         1.1457      Eu153
        63            154              0        5.294500E+00   0.000000E+00         1.1979      Eu154
        63            155              0        1.511500E+00   0.000000E+00         1.1451      Eu155
        64            152              0        1.055000E+00   0.000000E+00         0.9563      Gd152
        64            154              0        1.036800E+00   0.000000E+00         0.9530      Gd154
        64            155              0        2.670800E+00   0.000000E+00         0.9518      Gd155
        64            156              0        6.498800E-01   0.000000E+00         0.9961      Gd156
        64            157              0        1.560900E+00   0.000000E+00         1.0784      Gd157
        64            158              0        3.536000E-01   0.000000E+00         1.0243      Gd158
        64            160              0        1.717100E-01   0.000000E+00         1.1150      Gd160
        65            159              0        1.633100E+00   0.000000E+00         1.0336      Tb159
        66            156              0        1.581700E+00   0.000000E+00         1.0240      Dy156
        66            160              0        8.421500E-01   0.000000E+00         0.8882      Dy160
        66            161              0        2.135100E+00   0.000000E+00         1.0209      Dy161
        66            162              0        4.693500E-01   0.000000E+00         0.9899      Dy162
        66            163              0        1.200600E+00   0.000000E+00         1.0147      Dy163
        66            164              0        2.215700E-01   0.000000E+00         0.9826      Dy164
        67            163              0        2.567700E+00   0.000000E+00         1.2083      Ho163
        67            165              0        1.486200E+00   0.000000E+00         1.1611      Ho165
        68            162              0        1.616700E+00   0.000000E+00         0.9955      Er162
        68            164              0        1.077900E+00   0.000000E+00         0.9944      Er164
        68            166              0        6.056300E-01   0.000000E+00         1.0757      Er166
        68            167              0        1.494800E+00   0.000000E+00         1.0490      Er167
        68            168              0        3.336100E-01   0.000000E+00         0.9870      Er168
        68            170              0        2.355000E-01   0.000000E+00         1.6153      Er170
        69            169              0        1.075500E+00   0.000000E+00         0.9526      Tm169
        69            171              0        8.695100E-01   0.000000E+00         2.2643      Tm171
        70            168              0        1.373300E+00   0.000000E+00         1.2256      Yb168
        70            170              0        8.101200E-01   0.000000E+00         0.9933      Yb170
        70            171              0        1.335500E+00   0.000000E+00         1.0404      Yb171
        70            172              0        4.100300E-01   0.000000E+00         1.1280      Yb172
        70            173              0        8.583500E-01   0.000000E+00         1.0739      Yb173
        70            174              0        1.716100E-01   0.000000E+00         1.0746      Yb174
        70            176              0        1.185000E-01   0.000000E+00         0.9620      Yb176
        71            175              0        1.325500E+00   0.000000E+00         1.0233      Lu175
        71            176              0        1.589700E+00   0.000000E+00         0.9133      Lu176
        72            174              0        8.169000E-01   0.000000E+00         0.8680      Hf174
        72            176              0        5.062000E-01   0.000000E+00         0.7672      Hf176
        72            177              0        1.477300E+00   0.000000E+00         0.8977      Hf177
        72            178              0        2.677400E-01   0.000000E+00         0.7948      Hf178
        72            179              0        8.906300E-01   0.000000E+00         0.9043      Hf179
        72            180              0        1.615700E-01   0.000000E+00         0.9758      Hf180
        72            182              0        1.578500E-01   0.000000E+00         1.1544      Hf182
        73            180              1        3.131000E+00   0.000000E+00         2.1372      Ta180m
        73            181              0        7.816700E-01   0.000000E+00         0.9551      Ta181
        74            180              0        6.425600E-01   0.000000E+00         0.9638      W180
        74            182              0        2.907400E-01   0.000000E+00         1.0611      W182
        74            183              0        5.688100E-01   0.000000E+00         1.1045      W183
        74            184              0        2.521100E-01   0.000000E+00         1.1305      W184
        74            185              0        6.987300E-01   0.000000E+00         1.2635      W185
        74            186              0        1.828200E-01   0.000000E+00         1.0337      W186
        75            185              0        1.632500E+00   0.000000E+00         1.0635      Re185
        75            187              0        1.199900E+00   0.000000E+00         1.0540      Re187
        76            184              0        5.802100E-01   0.000000E+00         1.0338      Os184
        76            186              0        4.478200E-01   0.000000E+00         1.0922      Os186
        76            187              0        9.763200E-01   0.000000E+00         1.0107      Os187
        76            188              0        3.711600E-01   0.000000E+00         1.2668      Os188
        76            189              0        1.178300E+00   0.000000E+00         1.0088      Os189
        76            190              0        3.464700E-01   0.000000E+00         1.3120      Os190
        76            192              0        1.608500E-01   0.000000E+00         1.0621      Os192
        77            191              0        1.265000E+00   0.000000E+00         1.0286      Ir191
        77            193              0        9.750200E-01   0.000000E+00         1.0842      Ir193
        78            190              0        5.707500E-01   0.000000E+00         1.0555      Pt190
        78            192              0        5.103000E-01   0.000000E+00         0.8649      Pt192
        78            196              0        1.691700E-01   0.000000E+00         0.9244      Pt196
        78            198              0        1.299500E-01   0.000000E+00         1.5406      Pt198
        79            197              0        6.231900E-01   0.000000E+00         1.0160      Au197
        80            196              0        2.954500E-01   0.000000E+00         1.5159      Hg196
        80            198              0        1.840800E-01   0.000000E+00         1.0640      Hg198
        80            199              0        3.914000E-01   0.000000E+00         1.0465      Hg199
        80            200              0        1.183500E-01   0.000000E+00         1.0291      Hg200
        80            201              0        2.814800E-01   0.000000E+00         1.0662      Hg201
        80            202              0        5.354900E-02   0.000000E+00         0.8473      Hg202
        80            204              0        2.553900E-02   0.000000E+00         0.6081      Hg204
        81            203              0        1.674800E-01   0.000000E+00         1.3506      Tl203
        81            205              0        5.367800E-02   0.000000E+00         0.9940      Tl205
        82            204              0        8.395600E-02   0.000000E+00         1.0365      Pb204
        82            206              0        1.467000E-02   0.000000E+00         1.0117      Pb206
        82            207              0        1.059500E-02   0.000000E+00         1.0702      Pb207
        82            208              0        2.310500E-04   0.000000E+00         0.6418      Pb208
        83            209              0        3.381100E-03   0.000000E+00         1.3207      Bi209
        84            210              0        6.036000E-03   0.000000E+00         1.8291      Po210
        90            232              0        5.049800E-01   0.000000E+00         1.0619      Th232
        92            235              0        7.170500E-01   0.000000E+00         1.1015      U235
        92            238              0        3.960800E-01   0.000000E+00         1.0130      U238
