# header: 
#   title: gamgam1 resonance data for cendl3.2
#   source: Resonancetables
#   date: 2025-10-13
# reaction: 
#   type: gamgam1
# quantity: 
#   type: resonance data
# datablock: 
#   columns: 7
#   entries: 100
##       Z              A            Liso           Value         dValue          Ratio         Nuclide
##      []             []             []            [eV]           [eV]            []             [%]
        13             27              0        1.557470E+00   0.000000E+00         0.6230      Al027
        14             28              0        5.726000E+00   0.000000E+00         2.1207      Si028
        14             29              0        1.843880E+00   0.000000E+00         3.8414      Si029
        14             30              0        4.993750E-01   0.000000E+00         1.0404      Si030
        16             32              0        1.225710E+00   0.000000E+00         0.9357      S032
        20             40              0        3.666000E-01   0.000000E+00         1.0183      Ca040
        22             46              0        4.744520E-01   0.000000E+00         1.0783      Ti046
        22             48              0        4.710560E-01   0.000000E+00         1.0955      Ti048
        22             49              0        3.557140E-01   0.000000E+00         0.8893      Ti049
        22             50              0        2.427500E-01   0.000000E+00         0.8991      Ti050
        24             50              0        1.085430E+00   0.000000E+00         1.1190      Cr050
        24             52              0        6.997730E-01   0.000000E+00         0.9997      Cr052
        24             53              0        7.380770E-01   0.000000E+00         1.3180      Cr053
        24             54              0        6.841670E-01   0.000000E+00         1.1403      Cr054
        25             55              0        4.113150E-01   0.000000E+00         1.0283      Mn055
        26             54              0        2.558330E+00   0.000000E+00         5.1167      Fe054
        26             56              0        5.271430E-01   0.000000E+00         1.0543      Fe056
        26             57              0        3.986210E-01   0.000000E+00         0.5315      Fe057
        26             58              0        7.076280E-01   0.000000E+00         1.9387      Fe058
        28             58              0        7.865260E-01   0.000000E+00         1.1399      Ni058
        28             60              0        1.156850E+00   0.000000E+00         1.7012      Ni060
        29             63              0        2.607500E-01   0.000000E+00         1.0029      Cu063
        29             65              0        3.695000E-01   0.000000E+00         0.9986      Cu065
        30             64              0        2.800080E-01   0.000000E+00         1.0294      Zn064
        30             66              0        2.068440E-01   0.000000E+00         1.0887      Zn066
        30             67              0        3.000000E-01   0.000000E+00         1.5789      Zn067
        30             68              0        1.642500E-01   0.000000E+00         0.9662      Zn068
        31             69              0        2.620000E-01   0.000000E+00         1.9699      Ga069
        31             71              0        2.367000E-01   0.000000E+00         1.0759      Ga071
        32             70              0        1.650000E-01   0.000000E+00         0.8304      Ge070
        32             74              0        1.950000E-01   0.000000E+00         0.9242      Ge074
        33             75              0        3.180000E-01   0.000000E+00         1.0600      As075
        34             74              0        2.500000E-01   0.000000E+00         1.2488      Se074
        34             76              0        2.320000E-01   0.000000E+00         1.2077      Se076
        34             77              0        3.800000E-01   0.000000E+00         0.9091      Se077
        34             78              0        2.250000E-01   0.000000E+00         1.3021      Se078
        34             80              0        2.200000E-01   0.000000E+00         0.9565      Se080
        36             84              0        2.147190E-01   0.000000E+00         1.0373      Kr084
        36             86              0        5.322090E-01   0.000000E+00         2.0871      Kr086
        37             85              0        3.280000E-01   0.000000E+00         1.2615      Rb085
        38             88              0        2.381880E-01   0.000000E+00         0.9161      Sr088
        39             89              0        2.975220E-01   0.000000E+00         0.9917      Y089
        40             90              0        3.602680E-01   0.000000E+00         1.4411      Zr090
        40             91              0        2.471220E-01   0.000000E+00         1.1233      Zr091
        40             92              0        2.631380E-01   0.000000E+00         1.1961      Zr092
        40             93              0        2.030430E-01   0.000000E+00         0.8460      Zr093
        40             94              0        1.529440E-01   0.000000E+00         0.8497      Zr094
        40             96              0        1.877270E-01   0.000000E+00         1.5644      Zr096
        41             93              0        2.171740E-01   0.000000E+00         0.9872      Nb093
        42             92              0        3.601050E-01   0.000000E+00         1.5004      Mo092
        42             94              0        1.903570E-01   0.000000E+00         1.0125      Mo094
        42             95              0        1.844120E-01   0.000000E+00         0.8782      Mo095
        42             96              0        1.351230E-01   0.000000E+00         0.9652      Mo096
        42             98              0        1.181580E-01   0.000000E+00         0.8149      Mo098
        42            100              0        8.201110E-02   0.000000E+00         0.8633      Mo100
        44            100              0        1.251030E-01   0.000000E+00         0.9623      Ru100
        44            102              0        1.070170E-01   0.000000E+00         0.8169      Ru102
        45            103              0        1.615540E-01   0.000000E+00         0.8548      Rh103
        46            108              0        1.039240E-01   0.000000E+00         0.9993      Pd108
        47            107              0        1.400000E-01   0.000000E+00         0.8092      Ag107
        47            109              0        1.300000E-01   0.000000E+00         0.8125      Ag109
        48            113              0        1.587260E-01   0.000000E+00         0.9920      Cd113
        50            112              0        1.100000E-01   0.000000E+00         1.1411      Sn112
        50            116              0        8.000000E-02   0.000000E+00         0.9412      Sn116
        50            117              0        8.960000E-02   0.000000E+00         0.6588      Sn117
        50            118              0        8.638890E-02   0.000000E+00         1.3089      Sn118
        50            120              0        1.203240E-01   0.000000E+00         1.5626      Sn120
        50            122              0        1.313040E-01   0.000000E+00         1.3398      Sn122
        51            121              0        8.900000E-02   0.000000E+00         0.8241      Sb121
        51            123              0        9.800000E-02   0.000000E+00         0.9703      Sb123
        52            130              0        8.040000E-02   0.000000E+00         1.1535      Te130
        53            127              0        8.324000E-02   0.000000E+00         0.6121      I127
        54            131              0        1.118400E-01   0.000000E+00         0.6947      Xe131
        56            134              0        1.196490E-01   0.000000E+00         1.4076      Ba134
        56            135              0        1.494820E-01   0.000000E+00         0.7437      Ba135
        56            136              0        1.418400E-01   0.000000E+00         0.8702      Ba136
        56            137              0        8.747870E-02   0.000000E+00         0.5644      Ba137
        56            138              0        6.059730E-02   0.000000E+00         1.9548      Ba138
        57            139              0        4.026670E-02   0.000000E+00         1.1505      La139
        58            140              0        4.198890E-02   0.000000E+00         1.3996      Ce140
        60            142              0        4.532630E-02   0.000000E+00         0.9443      Nd142
        60            143              0        1.000000E-01   0.000000E+00         2.0833      Nd143
        60            144              0        4.100000E-02   0.000000E+00         1.1389      Nd144
        60            145              0        8.580740E-02   0.000000E+00         1.5433      Nd145
        60            146              0        3.966000E-02   0.000000E+00         1.4689      Nd146
        60            148              0        7.370370E-02   0.000000E+00         2.1678      Nd148
        62            144              0        8.654420E-02   0.000000E+00         1.4188      Sm144
        64            152              0        5.862350E-02   0.000000E+00         1.5509      Gd152
        64            154              0        8.800000E-02   0.000000E+00         1.9089      Gd154
        64            158              0        8.799990E-02   0.000000E+00         1.6572      Gd158
        64            160              0        8.799990E-02   0.000000E+00         1.8723      Gd160
        66            164              0        1.140000E-01   0.000000E+00         2.1797      Dy164
        72            180              0        5.100000E-02   0.000000E+00         1.6294      Hf180
        82            204              0        3.314630E-01   0.000000E+00         2.4553      Pb204
        82            206              0        3.395700E-01   0.000000E+00         0.9702      Pb206
        82            207              0        4.891180E-01   0.000000E+00         1.0407      Pb207
        83            209              0        3.964590E-02   0.000000E+00         1.0166      Bi209
        90            232              0        2.440000E-02   0.000000E+00         1.2577      Th232
        92            236              0        2.087430E-02   0.000000E+00         0.9754      U236
        92            238              0        2.325550E-02   0.000000E+00         1.3521      U238
