# header: 
#   title: gamgam1 resonance data for endfb8.1
#   source: Resonancetables
#   date: 2025-10-13
# reaction: 
#   type: gamgam1
# quantity: 
#   type: resonance data
# datablock: 
#   columns: 7
#   entries: 128
##       Z              A            Liso           Value         dValue          Ratio         Nuclide
##      []             []             []            [eV]           [eV]            []             [%]
        13             27              0        1.557470E+00   0.000000E+00         0.6230      Al027
        16             32              0        1.225710E+00   0.000000E+00         0.9357      S032
        18             40              0        4.860980E-01   0.000000E+00         1.3889      Ar040
        19             39              0        1.084950E+00   0.000000E+00         2.6334      K039
        19             41              0        1.521450E+00   0.000000E+00         2.8175      K041
        20             42              0        4.132140E-01   0.000000E+00         0.9183      Ca042
        20             44              0        3.242860E-01   0.000000E+00         1.0810      Ca044
        21             45              0        1.053040E+00   0.000000E+00         2.0251      Sc045
        22             46              0        4.978520E-01   0.000000E+00         1.1315      Ti046
        22             48              0        4.710560E-01   0.000000E+00         1.0955      Ti048
        22             49              0        7.945450E-01   0.000000E+00         1.9864      Ti049
        22             50              0        2.690380E-01   0.000000E+00         0.9964      Ti050
        24             50              0        6.313700E-01   0.000000E+00         0.6509      Cr050
        24             52              0        5.765870E-01   0.000000E+00         0.8237      Cr052
        24             53              0        1.709300E+00   0.000000E+00         3.0523      Cr053
        24             54              0        7.586610E-01   0.000000E+00         1.2644      Cr054
        25             55              0        4.168310E-01   0.000000E+00         1.0421      Mn055
        26             56              0        5.271430E-01   0.000000E+00         1.0543      Fe056
        26             58              0        2.945030E-01   0.000000E+00         0.8069      Fe058
        27             59              0        3.595810E-01   0.000000E+00         1.0423      Co059
        28             58              0        7.865260E-01   0.000000E+00         1.1399      Ni058
        28             60              0        9.829300E-01   0.000000E+00         1.4455      Ni060
        30             64              0        2.800080E-01   0.000000E+00         1.0294      Zn064
        30             66              0        2.068440E-01   0.000000E+00         1.0887      Zn066
        30             67              0        3.000000E-01   0.000000E+00         1.5789      Zn067
        30             68              0        1.642500E-01   0.000000E+00         0.9662      Zn068
        31             69              0        2.500000E-01   0.000000E+00         1.8797      Ga069
        31             71              0        2.367000E-01   0.000000E+00         1.0759      Ga071
        32             70              0        2.000000E-01   0.000000E+00         1.0065      Ge070
        33             75              0        3.180000E-01   0.000000E+00         1.0600      As075
        34             74              0        2.500000E-01   0.000000E+00         1.2488      Se074
        34             76              0        2.320000E-01   0.000000E+00         1.2077      Se076
        34             77              0        3.800000E-01   0.000000E+00         0.9091      Se077
        34             78              0        2.250000E-01   0.000000E+00         1.3021      Se078
        34             80              0        2.200000E-01   0.000000E+00         0.9565      Se080
        35             81              0        2.429220E-01   0.000000E+00         1.0942      Br081
        36             84              0        2.162750E-01   0.000000E+00         1.0448      Kr084
        36             86              0        2.572580E-01   0.000000E+00         1.0089      Kr086
        37             85              0        2.595200E-01   0.000000E+00         0.9982      Rb085
        39             89              0        2.594520E-01   0.000000E+00         0.8648      Y089
        40             90              0        3.098810E-01   0.000000E+00         1.2395      Zr090
        40             91              0        1.885690E-01   0.000000E+00         0.8571      Zr091
        40             92              0        3.179880E-01   0.000000E+00         1.4454      Zr092
        40             93              0        2.371890E-01   0.000000E+00         0.9883      Zr093
        40             94              0        1.706790E-01   0.000000E+00         0.9482      Zr094
        40             96              0        1.471900E-01   0.000000E+00         1.2266      Zr096
        41             93              0        2.171740E-01   0.000000E+00         0.9872      Nb093
        42             92              0        2.790450E-01   0.000000E+00         1.1627      Mo092
        42             94              0        1.903570E-01   0.000000E+00         1.0125      Mo094
        42             95              0        2.126470E-01   0.000000E+00         1.0126      Mo095
        42             96              0        1.351230E-01   0.000000E+00         0.9652      Mo096
        42             98              0        1.181580E-01   0.000000E+00         0.8149      Mo098
        42            100              0        8.201110E-02   0.000000E+00         0.8633      Mo100
        44            100              0        1.360400E-01   0.000000E+00         1.0465      Ru100
        44            102              0        1.070170E-01   0.000000E+00         0.8169      Ru102
        46            104              0        2.170000E-01   0.000000E+00         1.4662      Pd104
        46            105              0        1.499650E-01   0.000000E+00         0.9998      Pd105
        46            106              0        1.020670E-01   0.000000E+00         1.0007      Pd106
        46            108              0        1.039240E-01   0.000000E+00         0.9993      Pd108
        46            110              0        6.027530E-02   0.000000E+00         0.6151      Pd110
        47            107              0        1.428370E-01   0.000000E+00         0.8256      Ag107
        47            109              0        1.630000E-01   0.000000E+00         1.0188      Ag109
        48            106              0        1.721230E-01   0.000000E+00         0.9836      Cd106
        48            108              0        1.216890E-01   0.000000E+00         0.9735      Cd108
        48            110              0        7.689760E-02   0.000000E+00         0.9612      Cd110
        48            111              0        1.632800E-01   0.000000E+00         0.9605      Cd111
        48            112              0        8.828400E-02   0.000000E+00         0.9392      Cd112
        48            113              0        1.587260E-01   0.000000E+00         0.9920      Cd113
        48            114              0        6.977510E-02   0.000000E+00         0.8307      Cd114
        48            116              0        6.994720E-02   0.000000E+00         0.9204      Cd116
        50            112              0        1.300000E-01   0.000000E+00         1.3485      Sn112
        50            116              0        7.728240E-02   0.000000E+00         0.9092      Sn116
        50            117              0        1.358500E-01   0.000000E+00         0.9989      Sn117
        50            118              0        7.480000E-02   0.000000E+00         1.1333      Sn118
        50            120              0        7.984570E-02   0.000000E+00         1.0370      Sn120
        50            122              0        7.018870E-02   0.000000E+00         0.7162      Sn122
        50            124              0        8.103920E-02   0.000000E+00         1.0005      Sn124
        51            121              0        9.050000E-02   0.000000E+00         0.8380      Sb121
        51            123              0        9.740010E-02   0.000000E+00         0.9644      Sb123
        52            122              0        7.330010E-02   0.000000E+00         0.7856      Te122
        52            124              0        7.930810E-02   0.000000E+00         1.0574      Te124
        52            125              0        1.196240E-01   0.000000E+00         0.9969      Te125
        52            126              0        8.160440E-02   0.000000E+00         1.0201      Te126
        52            128              0        8.894670E-02   0.000000E+00         1.0589      Te128
        52            130              0        8.040000E-02   0.000000E+00         1.1535      Te130
        53            127              0        1.400000E-01   0.000000E+00         1.0294      I127
        53            129              0        9.000000E-02   0.000000E+00         0.6429      I129
        54            131              0        1.123000E-01   0.000000E+00         0.6975      Xe131
        56            134              0        7.940000E-02   0.000000E+00         0.9341      Ba134
        56            135              0        1.190910E-01   0.000000E+00         0.5925      Ba135
        56            136              0        1.670280E-01   0.000000E+00         1.0247      Ba136
        56            137              0        8.747870E-02   0.000000E+00         0.5644      Ba137
        56            138              0        3.312500E-02   0.000000E+00         1.0685      Ba138
        57            139              0        4.026670E-02   0.000000E+00         1.1505      La139
        58            140              0        1.366410E-01   0.000000E+00         4.5547      Ce140
        59            141              0        6.372230E-02   0.000000E+00         1.2744      Pr141
        60            142              0        4.793140E-02   0.000000E+00         0.9986      Nd142
        60            143              0        5.000000E-02   0.000000E+00         1.0417      Nd143
        60            144              0        3.600000E-02   0.000000E+00         1.0000      Nd144
        60            146              0        2.300000E-02   0.000000E+00         0.8519      Nd146
        60            148              0        2.393280E-02   0.000000E+00         0.7039      Nd148
        60            150              0        3.600000E-02   0.000000E+00         0.8780      Nd150
        62            144              0        6.183820E-02   0.000000E+00         1.0137      Sm144
        62            152              0        6.100000E-02   0.000000E+00         1.5025      Sm152
        64            156              0        8.096160E-02   0.000000E+00         1.8276      Gd156
        64            158              0        8.821860E-02   0.000000E+00         1.6614      Gd158
        64            160              0        8.827780E-02   0.000000E+00         1.8783      Gd160
        66            164              0        1.142000E-01   0.000000E+00         2.1836      Dy164
        68            166              0        8.900000E-02   0.000000E+00         1.5893      Er166
        68            168              0        8.600000E-02   0.000000E+00         1.5275      Er168
        68            170              0        7.200000E-02   0.000000E+00         1.9672      Er170
        70            172              0        7.500000E-02   0.000000E+00         1.1924      Yb172
        70            174              0        6.000000E-02   0.000000E+00         1.2712      Yb174
        70            176              0        6.000000E-02   0.000000E+00         1.5707      Yb176
        78            192              0        7.715320E-02   0.000000E+00         1.6416      Pt192
        78            194              0        1.000720E-01   0.000000E+00         2.0423      Pt194
        78            195              0        1.123600E-01   0.000000E+00         1.5825      Pt195
        78            196              0        1.100000E-01   0.000000E+00         1.6667      Pt196
        81            203              0        2.983030E-01   0.000000E+00         8.5229      Tl203
        81            205              0        3.644770E-01   0.000000E+00        11.0448      Tl205
        82            204              0        3.314630E-01   0.000000E+00         2.4553      Pb204
        82            206              0        3.977140E-01   0.000000E+00         1.1363      Pb206
        82            207              0        5.222320E-01   0.000000E+00         1.1111      Pb207
        83            209              0        3.964590E-02   0.000000E+00         1.0166      Bi209
        90            232              0        2.440000E-02   0.000000E+00         1.2577      Th232
        92            236              0        2.087430E-02   0.000000E+00         0.9754      U236
        92            238              0        2.392540E-02   0.000000E+00         1.3910      U238
        94            242              0        2.200000E-02   0.000000E+00         1.2865      Pu242
