# header: 
#   title: gamgam1 resonance data for jendl5.0
#   source: Resonancetables
#   date: 2025-09-14
# reaction: 
#   type: gamgam1
# quantity: 
#   type: resonance data
# datablock: 
#   columns: 7
#   entries: 131
##       Z              A            Liso           Value         dValue          Ratio         Nuclide
##      []             []             []            [eV]           [eV]            []             [%]
        13             27              0        2.076670E+00   0.000000E+00         0.8307      Al027
        14             28              0        5.726000E+00   0.000000E+00         2.1207      Si028
        14             29              0        1.843880E+00   0.000000E+00         3.8414      Si029
        14             30              0        4.993750E-01   0.000000E+00         1.0404      Si030
        16             32              0        1.225710E+00   0.000000E+00         0.9357      S032
        18             40              0        4.860980E-01   0.000000E+00         1.3889      Ar040
        19             39              0        1.084950E+00   0.000000E+00         2.6334      K039
        19             41              0        1.521450E+00   0.000000E+00         2.8175      K041
        20             40              0        3.666000E-01   0.000000E+00         1.0183      Ca040
        20             42              0        4.132140E-01   0.000000E+00         0.9183      Ca042
        20             44              0        3.242860E-01   0.000000E+00         1.0810      Ca044
        21             45              0        4.759740E-01   0.000000E+00         0.9153      Sc045
        22             46              0        4.978520E-01   0.000000E+00         1.1315      Ti046
        22             48              0        4.710560E-01   0.000000E+00         1.0955      Ti048
        22             49              0        7.945450E-01   0.000000E+00         1.9864      Ti049
        22             50              0        2.690380E-01   0.000000E+00         0.9964      Ti050
        23             51              0        6.918810E-01   0.000000E+00         1.4120      V051
        24             50              0        6.359660E-01   0.000000E+00         0.6556      Cr050
        24             52              0        5.657620E-01   0.000000E+00         0.8082      Cr052
        24             53              0        1.030600E+00   0.000000E+00         1.8404      Cr053
        24             54              0        7.586610E-01   0.000000E+00         1.2644      Cr054
        25             55              0        4.168310E-01   0.000000E+00         1.0421      Mn055
        26             56              0        5.255280E-01   0.000000E+00         1.0511      Fe056
        26             58              0        2.945030E-01   0.000000E+00         0.8069      Fe058
        27             59              0        3.595810E-01   0.000000E+00         1.0423      Co059
        28             58              0        7.865260E-01   0.000000E+00         1.1399      Ni058
        28             60              0        9.829300E-01   0.000000E+00         1.4455      Ni060
        29             63              0        2.607500E-01   0.000000E+00         1.0029      Cu063
        29             65              0        3.695000E-01   0.000000E+00         0.9986      Cu065
        30             64              0        2.800080E-01   0.000000E+00         1.0294      Zn064
        30             66              0        2.068440E-01   0.000000E+00         1.0887      Zn066
        30             67              0        3.000000E-01   0.000000E+00         1.5789      Zn067
        30             68              0        1.642500E-01   0.000000E+00         0.9662      Zn068
        31             69              0        2.620000E-01   0.000000E+00         1.9699      Ga069
        31             71              0        2.367000E-01   0.000000E+00         1.0759      Ga071
        32             70              0        2.000000E-01   0.000000E+00         1.0065      Ge070
        33             75              0        3.180000E-01   0.000000E+00         1.0600      As075
        34             74              0        2.500000E-01   0.000000E+00         1.2488      Se074
        34             76              0        2.320000E-01   0.000000E+00         1.2077      Se076
        34             77              0        4.050000E-01   0.000000E+00         0.9689      Se077
        34             78              0        2.250000E-01   0.000000E+00         1.3021      Se078
        34             80              0        2.200000E-01   0.000000E+00         0.9565      Se080
        36             86              0        4.725070E-01   0.000000E+00         1.8530      Kr086
        37             85              0        3.280000E-01   0.000000E+00         1.2615      Rb085
        38             88              0        2.425590E-01   0.000000E+00         0.9329      Sr088
        39             89              0        3.433860E-01   0.000000E+00         1.1446      Y089
        40             90              0        3.289750E-01   0.000000E+00         1.3159      Zr090
        40             91              0        1.676660E-01   0.000000E+00         0.7621      Zr091
        40             92              0        2.376950E-01   0.000000E+00         1.0804      Zr092
        40             93              0        2.070710E-01   0.000000E+00         0.8628      Zr093
        40             94              0        1.575710E-01   0.000000E+00         0.8754      Zr094
        40             96              0        1.280680E-01   0.000000E+00         1.0672      Zr096
        41             93              0        2.160320E-01   0.000000E+00         0.9820      Nb093
        42             92              0        3.601050E-01   0.000000E+00         1.5004      Mo092
        42             94              0        1.801140E-01   0.000000E+00         0.9581      Mo094
        42             95              0        1.845730E-01   0.000000E+00         0.8789      Mo095
        42             96              0        1.350880E-01   0.000000E+00         0.9649      Mo096
        42             98              0        1.184700E-01   0.000000E+00         0.8170      Mo098
        42            100              0        8.201220E-02   0.000000E+00         0.8633      Mo100
        44            100              0        1.251030E-01   0.000000E+00         0.9623      Ru100
        44            102              0        1.142520E-01   0.000000E+00         0.8722      Ru102
        45            103              0        1.582840E-01   0.000000E+00         0.8375      Rh103
        46            104              0        1.000000E-01   0.000000E+00         0.6757      Pd104
        46            105              0        1.497360E-01   0.000000E+00         0.9982      Pd105
        46            106              0        1.005500E-01   0.000000E+00         0.9858      Pd106
        46            108              0        8.132610E-02   0.000000E+00         0.7820      Pd108
        46            110              0        6.506670E-02   0.000000E+00         0.6639      Pd110
        47            107              0        1.400000E-01   0.000000E+00         0.8092      Ag107
        47            109              0        1.300000E-01   0.000000E+00         0.8125      Ag109
        48            106              0        1.530000E-01   0.000000E+00         0.8743      Cd106
        48            108              0        1.125000E-01   0.000000E+00         0.9000      Cd108
        48            110              0        8.680400E-02   0.000000E+00         1.0850      Cd110
        48            111              0        8.792970E-02   0.000000E+00         0.5172      Cd111
        48            112              0        1.911200E-01   0.000000E+00         2.0332      Cd112
        48            113              0        1.568600E-01   0.000000E+00         0.9804      Cd113
        48            114              0        8.055320E-02   0.000000E+00         0.9590      Cd114
        48            116              0        8.500000E-02   0.000000E+00         1.1184      Cd116
        50            112              0        1.100000E-01   0.000000E+00         1.1411      Sn112
        50            116              0        8.865640E-02   0.000000E+00         1.0430      Sn116
        50            117              0        1.291800E-01   0.000000E+00         0.9499      Sn117
        50            118              0        7.003080E-02   0.000000E+00         1.0611      Sn118
        50            120              0        9.055880E-02   0.000000E+00         1.1761      Sn120
        50            122              0        1.303800E-01   0.000000E+00         1.3304      Sn122
        50            124              0        1.420200E-01   0.000000E+00         1.7533      Sn124
        51            121              0        8.900000E-02   0.000000E+00         0.8241      Sb121
        51            123              0        9.800000E-02   0.000000E+00         0.9703      Sb123
        52            122              0        7.330010E-02   0.000000E+00         0.7856      Te122
        52            124              0        7.212940E-02   0.000000E+00         0.9617      Te124
        52            125              0        1.119230E-01   0.000000E+00         0.9327      Te125
        52            126              0        1.143350E-01   0.000000E+00         1.4292      Te126
        52            128              0        6.470000E-02   0.000000E+00         0.7702      Te128
        52            130              0        1.042780E-01   0.000000E+00         1.4961      Te130
        53            127              0        9.993310E-02   0.000000E+00         0.7348      I127
        53            129              0        1.061040E-01   0.000000E+00         0.7579      I129
        54            131              0        1.118400E-01   0.000000E+00         0.6947      Xe131
        56            134              0        7.940000E-02   0.000000E+00         0.9341      Ba134
        56            135              0        1.494820E-01   0.000000E+00         0.7437      Ba135
        56            136              0        1.728730E-01   0.000000E+00         1.0606      Ba136
        56            137              0        8.747870E-02   0.000000E+00         0.5644      Ba137
        56            138              0        6.059730E-02   0.000000E+00         1.9548      Ba138
        57            139              0        3.944450E-02   0.000000E+00         1.1270      La139
        58            140              0        4.198890E-02   0.000000E+00         1.3996      Ce140
        59            141              0        1.179310E-01   0.000000E+00         2.3586      Pr141
        60            142              0        4.278850E-02   0.000000E+00         0.8914      Nd142
        60            143              0        7.144570E-02   0.000000E+00         1.4885      Nd143
        60            144              0        8.753530E-02   0.000000E+00         2.4315      Nd144
        60            145              0        8.700000E-02   0.000000E+00         1.5647      Nd145
        60            146              0        3.966000E-02   0.000000E+00         1.4689      Nd146
        60            148              0        4.000000E-02   0.000000E+00         1.1765      Nd148
        62            144              0        8.654420E-02   0.000000E+00         1.4188      Sm144
        64            152              0        5.860000E-02   0.000000E+00         1.5503      Gd152
        64            154              0        8.800000E-02   0.000000E+00         1.9089      Gd154
        64            158              0        8.800000E-02   0.000000E+00         1.6573      Gd158
        64            160              0        8.800000E-02   0.000000E+00         1.8723      Gd160
        66            164              0        1.052300E-01   0.000000E+00         2.0120      Dy164
        68            167              0        8.900000E-02   0.000000E+00         1.6636      Er167
        68            168              0        8.800000E-02   0.000000E+00         1.5631      Er168
        68            170              0        8.200000E-02   0.000000E+00         2.2404      Er170
        70            172              0        7.500000E-02   0.000000E+00         1.1924      Yb172
        70            174              0        6.000000E-02   0.000000E+00         1.2712      Yb174
        70            176              0        6.000000E-02   0.000000E+00         1.5707      Yb176
        80            200              0        5.000000E-01   0.000000E+00         2.2262      Hg200
        81            203              0        2.983030E-01   0.000000E+00         8.5229      Tl203
        81            205              0        3.644770E-01   0.000000E+00        11.0448      Tl205
        82            204              0        2.016430E-01   0.000000E+00         1.4937      Pb204
        82            206              0        4.482990E-01   0.000000E+00         1.2809      Pb206
        82            207              0        5.692080E-01   0.000000E+00         1.2111      Pb207
        83            209              0        4.008540E-02   0.000000E+00         1.0278      Bi209
        90            232              0        2.440000E-02   0.000000E+00         1.2577      Th232
        92            236              0        2.523430E-02   0.000000E+00         1.1792      U236
        92            238              0        2.486040E-02   0.000000E+00         1.4454      U238
