# header: 
#   title: gamgam1 resonance data for Mughabghab-2018
#   source: Resonancetables
#   date: 2025-08-01
# reaction: 
#   type: gamgam1
# quantity: 
#   type: resonance data
# datablock: 
#   columns: 7
#   entries: 203
##       Z              A            Liso           Value         dValue          Ratio         Nuclide
##      []             []             []            [eV]           [eV]            []             [%]
        13             27              0        9.800000E-01   2.200000E-01         0.3920      Al027
        15             31              0        1.500000E+00   3.000000E-01         0.7500      P031
        16             32              0        1.310000E+00   1.080000E+00         1.0000      S032
        16             33              0        1.600000E+00   5.800000E-01         1.0000      S033
        17             35              0        6.130000E-01   1.500000E-01         1.0049      Cl035
        18             40              0        3.500000E-01   5.000000E-02         1.0000      Ar040
        19             39              0        4.120000E-01   1.900000E-01         1.0000      K039
        19             41              0        5.400000E-01   2.000000E-01         1.0000      K041
        20             40              0        3.600000E-01   9.000000E-02         1.0000      Ca040
        20             42              0        5.100000E-01   1.900000E-01         1.1333      Ca042
        20             44              0        3.000000E-01   1.000000E-01         1.0000      Ca044
        21             45              0        5.200000E-01   1.300000E-01         1.0000      Sc045
        22             46              0        4.400000E-01   2.200000E-01         1.0000      Ti046
        22             48              0        4.300000E-01   2.200000E-01         1.0000      Ti048
        22             49              0        4.500000E-01   2.800000E-01         1.1250      Ti049
        22             50              0        2.700000E-01   9.000000E-02         1.0000      Ti050
        23             51              0        4.900000E-01   1.300000E-01         1.0000      V051
        24             50              0        5.000000E-01   1.000000E-01         0.5155      Cr050
        24             52              0        7.100000E-01   3.000000E-01         1.0143      Cr052
        24             53              0        5.600000E-01   6.000000E-02         1.0000      Cr053
        24             54              0        6.100000E-01   2.000000E-01         1.0167      Cr054
        25             55              0        4.000000E-01   1.000000E-01         1.0000      Mn055
        26             54              0        5.900000E-01   1.500000E-01         1.1800      Fe054
        26             56              0        4.900000E-01   1.900000E-01         0.9800      Fe056
        26             57              0        6.500000E-01   5.600000E-01         0.8667      Fe057
        26             58              0        3.650000E-01   1.050000E-01         1.0000      Fe058
        27             59              0        3.450000E-01   4.000000E-02         1.0000      Co059
        28             58              0        6.900000E-01   3.000000E-01         1.0000      Ni058
        28             60              0        6.300000E-01   4.000000E-02         0.9265      Ni060
        29             63              0        2.600000E-01   1.500000E-02         1.0000      Cu063
        29             65              0        3.700000E-01   4.000000E-02         1.0000      Cu065
        30             64              0        2.460000E-01   3.000000E-02         0.9044      Zn064
        30             66              0        1.900000E-01   6.000000E-02         1.0000      Zn066
        30             67              0        1.900000E-01   1.300000E-02         1.0000      Zn067
        30             68              0        1.380000E-01   1.600000E-02         0.8118      Zn068
        31             69              0        1.330000E-01   1.400000E-02         1.0000      Ga069
        31             71              0        1.110000E-01   2.000000E-02         0.5045      Ga071
        32             70              0        1.987000E-01   9.500000E-03         1.0000      Ge070
        32             74              0        2.110000E-01   1.500000E-02         1.0000      Ge074
        32             76              0        1.350000E-01   1.200000E-02         1.0000      Ge076
        33             75              0        2.830000E-01   1.800000E-02         0.9433      As075
        34             74              0        2.002000E-01   2.740000E-02         1.0000      Se074
        34             76              0        1.921000E-01   5.500000E-03         1.0000      Se076
        34             77              0        4.180000E-01   2.600000E-02         1.0000      Se077
        34             78              0        1.728000E-01   8.700000E-03         1.0000      Se078
        34             80              0        2.300000E-01   2.000000E-02         1.0000      Se080
        35             79              0        3.280000E-01   2.200000E-02         1.0000      Br079
        35             81              0        2.220000E-01   1.600000E-02         1.0000      Br081
        36             78              0        2.600000E-01   2.000000E-02         1.0000      Kr078
        36             80              0        2.400000E-01   2.400000E-02         1.0000      Kr080
        36             84              0        2.070000E-01   1.000000E-02         1.0000      Kr084
        36             86              0        2.550000E-01   1.300000E-01         1.0000      Kr086
        37             85              0        2.600000E-01   2.000000E-02         1.0000      Rb085
        38             88              0        2.500000E-01   8.500000E-02         0.9615      Sr088
        39             89              0        3.000000E-01   3.000000E-02         1.0000      Y089
        40             90              0        2.300000E-01   4.000000E-02         0.9200      Zr090
        40             91              0        2.430000E-01   2.400000E-02         1.1045      Zr091
        40             92              0        3.190000E-01   3.400000E-02         1.4500      Zr092
        40             93              0        2.360000E-01   1.900000E-02         0.9833      Zr093
        40             94              0        1.880000E-01   2.500000E-02         1.0444      Zr094
        40             96              0        1.510000E-01   7.500000E-02         1.2583      Zr096
        41             93              0        2.220000E-01   8.000000E-03         1.0091      Nb093
        42             92              0        2.400000E-01   4.000000E-02         1.0000      Mo092
        42             94              0        1.880000E-01   1.000000E-02         1.0000      Mo094
        42             95              0        2.100000E-01   4.000000E-02         1.0000      Mo095
        42             96              0        1.420000E-01   9.000000E-03         1.0143      Mo096
        42             98              0        1.170000E-01   1.500000E-02         0.8069      Mo098
        42            100              0        9.300000E-02   1.200000E-02         0.9789      Mo100
        44            100              0        1.360000E-01   1.600000E-02         1.0462      Ru100
        44            102              0        1.310000E-01   3.000000E-02         1.0000      Ru102
        45            103              0        1.890000E-01   1.200000E-02         1.0000      Rh103
        46            102              0        1.650000E-01   1.500000E-02         1.0000      Pd102
        46            104              0        1.480000E-01   1.000000E-02         1.0000      Pd104
        46            105              0        1.940000E-01   3.000000E-03         1.2933      Pd105
        46            106              0        9.000000E-02   1.000000E-02         0.8824      Pd106
        46            107              0        1.890000E-01   6.000000E-03         1.0000      Pd107
        46            108              0        1.310000E-01   5.000000E-03         1.2596      Pd108
        46            110              0        9.200000E-02   1.800000E-02         0.9388      Pd110
        47            107              0        1.730000E-01   8.000000E-03         1.0000      Ag107
        47            109              0        1.600000E-01   1.000000E-02         1.0000      Ag109
        48            106              0        2.020000E-01   1.500000E-02         1.1543      Cd106
        48            108              0        1.250000E-01   2.000000E-02         1.0000      Cd108
        48            110              0        9.900000E-02   6.000000E-03         1.2375      Cd110
        48            111              0        1.700000E-01   8.000000E-03         1.0000      Cd111
        48            112              0        9.400000E-02   1.600000E-02         1.0000      Cd112
        48            113              0        1.600000E-01   1.500000E-02         1.0000      Cd113
        48            114              0        8.800000E-02   8.000000E-03         1.0476      Cd114
        48            116              0        7.600000E-02   6.000000E-03         1.0000      Cd116
        50            112              0        9.640000E-02   1.000000E-02         1.0000      Sn112
        50            115              0        1.300000E-01   7.000000E-02         1.0000      Sn115
        50            116              0        8.700000E-02   2.000000E-03         1.0235      Sn116
        50            117              0        1.360000E-01   7.000000E-03         1.0000      Sn117
        50            118              0        6.600000E-02   7.000000E-03         1.0000      Sn118
        50            120              0        7.700000E-02   5.000000E-03         1.0000      Sn120
        50            122              0        9.800000E-02   1.000000E-02         1.0000      Sn122
        50            124              0        8.100000E-02   3.000000E-03         1.0000      Sn124
        51            121              0        1.080000E-01   5.000000E-03         1.0000      Sb121
        51            123              0        1.010000E-01   5.000000E-03         1.0000      Sb123
        52            122              0        9.330000E-02   5.500000E-03         1.0000      Te122
        52            123              0        1.690000E-01   4.000000E-03         1.0000      Te123
        52            124              0        7.500000E-02   6.000000E-03         1.0000      Te124
        52            125              0        1.200000E-01   1.100000E-02         1.0000      Te125
        52            126              0        7.800000E-02   8.000000E-03         0.9750      Te126
        52            128              0        7.700000E-02   5.000000E-03         0.9167      Te128
        52            130              0        6.970000E-02   1.250000E+02         1.0000      Te130
        53            127              0        1.360000E-01   4.000000E-03         1.0000      I127
        53            129              0        1.400000E-01   8.000000E-03         1.0000      I129
        54            130              0        5.540000E-02   2.700000E-03         1.0000      Xe130
        54            131              0        1.610000E-01   8.000000E-03         1.0000      Xe131
        54            132              0        8.900000E-02   1.500000E-02         1.0000      Xe132
        55            132              0        1.091000E-01   1.700000E-03         1.0000      Cs132
        55            135              0        9.500000E-02   7.000000E-03         1.0000      Cs135
        56            135              0        2.010000E-01   1.300000E-02         1.0000      Ba135
        56            136              0        1.260000E-01   1.900000E-02         0.7730      Ba136
        56            137              0        1.550000E-01   8.000000E-03         1.0000      Ba137
        56            138              0        3.100000E-02   4.000000E-03         1.0000      Ba138
        57            139              0        3.500000E-02   7.000000E-03         1.0000      La139
        58            140              0        2.200000E-02   2.000000E-03         0.7333      Ce140
        59            141              0        5.000000E-02   1.000000E-02         1.0000      Pr141
        60            142              0        4.800000E-02   5.000000E-03         1.0000      Nd142
        60            143              0        4.800000E-02   3.000000E-03         1.0000      Nd143
        60            144              0        3.600000E-02   6.000000E-03         1.0000      Nd144
        60            145              0        5.560000E-02   4.000000E-03         1.0000      Nd145
        60            146              0        2.700000E-02   3.000000E-03         1.0000      Nd146
        60            148              0        3.400000E-02   4.000000E-03         1.0000      Nd148
        60            150              0        4.100000E-02   7.000000E-03         1.0000      Nd150
        62            144              0        6.740000E-02   3.000000E-03         1.1049      Sm144
        62            147              0        3.930000E-02   3.200000E-03         1.0000      Sm147
        62            148              0        1.790000E-02   2.200000E-03         1.0000      Sm148
        62            149              0        3.600000E-02   4.000000E-03         1.0000      Sm149
        62            150              0        3.760000E-02   1.700000E-03         1.0000      Sm150
        62            151              0        6.120000E-02   4.200000E-03         1.0000      Sm151
        62            152              0        4.060000E-02   2.400000E-03         1.0000      Sm152
        62            154              0        4.650000E-02   3.700000E-03         1.0000      Sm154
        63            151              0        4.600000E-02   3.000000E-03         1.0000      Eu151
        63            153              0        4.810000E-02   3.600000E-03         1.0000      Eu153
        64            152              0        3.780000E-02   3.200000E-03         1.0000      Gd152
        64            154              0        4.610000E-02   1.300000E-03         1.0000      Gd154
        64            155              0        5.780000E-02   6.100000E-03         1.0000      Gd155
        64            156              0        4.430000E-02   1.300000E-03         1.0000      Gd156
        64            157              0        5.740000E-02   3.800000E-03         1.0000      Gd157
        64            158              0        5.310000E-02   1.800000E-03         1.0000      Gd158
        64            160              0        4.700000E-02   3.300000E-03         1.0000      Gd160
        66            160              0        5.500000E-02   5.000000E-03         1.0000      Dy160
        66            161              0        7.430000E-02   1.800000E-03         1.0000      Dy161
        66            163              0        7.970000E-02   1.700000E-03         1.0000      Dy163
        66            164              0        5.230000E-02   1.800000E-03         1.0000      Dy164
        67            165              0        4.550000E-02   2.000000E-03         1.0000      Ho165
        68            166              0        5.600000E-02   2.500000E-03         1.0000      Er166
        68            167              0        5.350000E-02   3.200000E-03         1.0000      Er167
        68            168              0        5.630000E-02   1.700000E-03         1.0000      Er168
        68            170              0        3.660000E-02   2.400000E-03         1.0000      Er170
        69            169              0        6.490000E-02   6.300000E-03         1.0000      Tm169
        70            168              0        6.200000E-02   3.000000E-03         1.0000      Yb168
        70            171              0        4.390000E-02   1.400000E-03         1.0000      Yb171
        70            172              0        6.290000E-02   1.000000E-03         1.0000      Yb172
        70            173              0        5.470000E-02   2.800000E-03         1.0000      Yb173
        70            174              0        4.720000E-02   2.200000E-03         1.0000      Yb174
        70            176              0        3.820000E-02   2.200000E-03         1.0000      Yb176
        71            175              0        3.600000E-02   1.100000E-03         1.0000      Lu175
        71            176              0        3.710000E-02   2.300000E-03         1.0000      Lu176
        72            174              0        4.810000E-02   4.000000E-03         1.0000      Hf174
        72            177              0        4.260000E-02   1.300000E-03         1.0000      Hf177
        72            178              0        3.930000E-02   1.200000E-03         1.0000      Hf178
        72            179              0        3.700000E-02   3.000000E-03         1.0000      Hf179
        72            180              0        3.130000E-02   1.100000E-03         1.0000      Hf180
        73            180              1        2.500000E-02   4.000000E-03         1.0000      Ta180m
        73            181              0        4.340000E-02   4.300000E-03         1.0000      Ta181
        74            182              0        4.180000E-02   7.000000E-04         1.0000      W182
        74            184              0        3.840000E-02   1.400000E-03         1.0000      W184
        74            186              0        3.200000E-02   3.000000E-03         1.0000      W186
        75            185              0        4.870000E-02   8.000000E-03         1.0000      Re185
        75            187              0        4.600000E-02   6.000000E-03         1.0000      Re187
        76            186              0        3.130000E-02   3.000000E-03         1.0000      Os186
        76            187              0        4.450000E-02   3.300000E-03         1.0000      Os187
        76            188              0        3.380000E-02   3.400000E-03         1.0000      Os188
        76            189              0        4.400000E-02   4.000000E-03         1.0000      Os189
        76            190              0        3.300000E-02   4.000000E-03         1.0000      Os190
        77            191              0        3.880000E-02   3.700000E-03         1.0000      Ir191
        77            193              0        4.300000E-02   3.800000E-03         1.0000      Ir193
        78            192              0        4.700000E-02   3.000000E-03         1.0000      Pt192
        78            194              0        4.900000E-02   2.900000E-03         1.0000      Pt194
        78            195              0        7.100000E-02   8.000000E-03         1.0000      Pt195
        78            196              0        6.600000E-02   3.000000E-03         1.0000      Pt196
        79            197              0        4.000000E-02   4.000000E-03         1.0000      Au197
        80            198              0        7.210000E-02   6.400000E-03         1.0000      Hg198
        80            199              0        1.385000E-01   1.890000E-02         1.0000      Hg199
        80            200              0        2.246000E-01   3.500000E-02         1.0000      Hg200
        80            201              0        1.780000E-01   4.000000E-02         1.0000      Hg201
        81            203              0        3.450000E-01   6.600000E-02         9.8571      Tl203
        81            205              0        3.300000E-01   5.000000E-02        10.0000      Tl205
        82            204              0        1.350000E-01   2.500000E-02         1.0000      Pb204
        82            206              0        4.550000E-01   5.000000E-02         1.3000      Pb206
        82            207              0        2.700000E-01   3.000000E-02         0.5745      Pb207
        83            209              0        2.600000E-02   3.000000E-03         0.6667      Bi209
        90            232              0        1.940000E-02   4.000000E-04         1.0000      Th232
        92            236              0        2.140000E-02   4.000000E-04         1.0000      U236
        92            238              0        1.720000E-02   4.000000E-04         1.0000      U238
        93            237              0        2.040000E-02   1.000000E-03         1.0000      Np237
        94            240              0        2.190000E-02   2.400000E-02         1.0000      Pu240
        94            242              0        1.710000E-02   1.200000E-03         1.0000      Pu242
        95            241              0        2.150000E-02   1.000000E-03         1.0000      Am241
        95            243              0        1.960000E-02   1.200000E-03         1.0000      Am243
