# header:
#   title: gamgam1 resonance data for RIPL-3
#   source: Resonancetables
#   date: 2025-05-27
# reaction:
#   type: gamgam1
# quantity:
#   type: resonance data
# datablock:
#   columns: 7
#   entries: 78
##       Z              A            Liso           Value         dValue          Ratio         Nuclide
##      []             []             []            [eV]           [eV]            []             []
        13             27              0        2.500000E+00   1.000000E+00   1.000000E+00      Al027                                                                                                   
        14             28              0        2.700000E+00   9.000000E-01   1.000000E+00      Si028                                                                                                   
        14             29              0        4.800000E-01   2.000000E-02   9.999999E-01      Si029                                                                                                   
        15             31              0        2.000000E+00   4.000000E-01   1.000000E+00      P031                                                                                                    
        16             32              0        1.310000E+00   1.000000E+00   9.999999E-01      S032                                                                                                    
        16             33              0        1.600000E+00   6.000000E-01   1.000000E+00      S033                                                                                                    
        17             35              0        6.100000E-01   1.500000E-01   1.000000E+00      Cl035                                                                                                   
        19             39              0        4.120000E-01   1.900000E-01   9.999999E-01      K039                                                                                                    
        19             41              0        5.400000E-01   2.000000E-01   1.000000E+00      K041                                                                                                    
        22             48              0        4.300000E-01   2.100000E-01   1.000000E+00      Ti048                                                                                                   
        22             50              0        2.700000E-01   9.000000E-02   1.000000E+00      Ti050                                                                                                   
        23             51              0        4.900000E-01   1.300000E-01   1.000000E+00      V051                                                                                                    
        24             50              0        9.700000E-01   3.000000E-01   1.000000E+00      Cr050                                                                                                   
        24             52              0        7.000000E-01   3.000000E-01   9.999999E-01      Cr052                                                                                                   
        24             53              0        5.600000E-01   1.600000E-01   1.000000E+00      Cr053                                                                                                   
        24             54              0        6.000000E-01   2.000000E-01   1.000000E+00      Cr054                                                                                                   
        25             55              0        4.000000E-01   1.000000E-01   1.000000E+00      Mn055                                                                                                   
        26             54              0        5.000000E-01   1.000000E-01   1.000000E+00      Fe054                                                                                                   
        26             56              0        5.000000E-01   1.500000E-01   1.000000E+00      Fe056                                                                                                   
        26             57              0        7.500001E-01   2.500000E-01   1.000000E+00      Fe057                                                                                                   
        26             58              0        3.650000E-01   1.050000E-01   1.000000E+00      Fe058                                                                                                   
        28             58              0        6.900001E-01   3.000000E-01   1.000000E+00      Ni058                                                                                                   
        28             60              0        6.800000E-01   6.000000E-02   1.000000E+00      Ni060                                                                                                   
        29             63              0        2.600000E-01   8.000001E-02   9.999999E-01      Cu063                                                                                                   
        29             65              0        3.700000E-01   1.100000E-01   1.000000E+00      Cu065                                                                                                   
        30             64              0        2.720000E-01   3.000000E-02   1.000000E+00      Zn064                                                                                                   
        30             66              0        1.900000E-01   6.000000E-02   9.999999E-01      Zn066                                                                                                   
        30             68              0        1.700000E-01   2.000000E-02   1.000000E+00      Zn068                                                                                                   
        31             71              0        2.200000E-01   3.000000E-02   9.999999E-01      Ga071                                                                                                   
        33             75              0        3.000000E-01   6.000000E-02   1.000000E+00      As075                                                                                                   
        36             84              0        2.070000E-01   2.000000E-02   9.999999E-01      Kr084                                                                                                   
        36             86              0        2.550000E-01   1.300000E-01   9.999999E-01      Kr086                                                                                                   
        37             85              0        2.600000E-01   4.000000E-02   9.999999E-01      Rb085                                                                                                   
        38             88              0        2.600000E-01   6.000000E-02   9.999999E-01      Sr088                                                                                                   
        39             89              0        3.000000E-01   9.000000E-02   1.000000E+00      Y089                                                                                                    
        40             90              0        2.500000E-01   5.000000E-02   1.000000E+00      Zr090                                                                                                   
        40             91              0        2.200000E-01   3.000000E-02   9.999999E-01      Zr091                                                                                                   
        40             92              0        2.200000E-01   5.000000E-02   9.999999E-01      Zr092                                                                                                   
        40             93              0        2.400000E-01   3.000000E-02   9.999999E-01      Zr093                                                                                                   
        40             94              0        1.800000E-01   3.000000E-02   1.000000E+00      Zr094                                                                                                   
        40             96              0        1.200000E-01   7.500000E-02   9.999999E-01      Zr096                                                                                                   
        41             93              0        2.200000E-01   2.000000E-02   9.999999E-01      Nb093                                                                                                   
        42             92              0        2.400000E-01   4.000000E-02   9.999999E-01      Mo092                                                                                                   
        42             94              0        1.880000E-01   1.000000E-02   9.999999E-01      Mo094                                                                                                   
        42             95              0        2.100000E-01   4.000000E-02   9.999999E-01      Mo095                                                                                                   
        42             96              0        1.400000E-01   2.000000E-02   1.000000E+00      Mo096                                                                                                   
        42             98              0        1.450000E-01   2.000000E-02   9.999999E-01      Mo098                                                                                                   
        42            100              0        9.500001E-02   1.500000E-02   1.000000E+00      Mo100                                                                                                   
        44            100              0        1.300000E-01   3.000000E-02   9.999999E-01      Ru100                                                                                                   
        46            105              0        1.500000E-01   1.500000E-02   1.000000E+00      Pd105                                                                                                   
        46            106              0        1.020000E-01   1.000000E-02   9.999999E-01      Pd106                                                                                                   
        46            108              0        1.040000E-01   1.000000E-02   1.000000E+00      Pd108                                                                                                   
        46            110              0        9.800000E-02   1.700000E-02   9.999999E-01      Pd110                                                                                                   
        48            106              0        1.750000E-01   2.500000E-02   9.999999E-01      Cd106                                                                                                   
        48            108              0        1.250000E-01   2.000000E-02   1.000000E+00      Cd108                                                                                                   
        48            110              0        8.000001E-02   1.500000E-02   1.000000E+00      Cd110                                                                                                   
        48            112              0        9.400000E-02   1.600000E-02   9.999999E-01      Cd112                                                                                                   
        48            113              0        1.600000E-01   2.000000E-02   9.999999E-01      Cd113                                                                                                   
        48            114              0        8.400001E-02   8.000000E-03   1.000000E+00      Cd114                                                                                                   
        48            116              0        7.600001E-02   6.000000E-03   1.000000E+00      Cd116                                                                                                   
        50            116              0        8.500000E-02   2.000000E-03   1.000000E+00      Sn116                                                                                                   
        50            117              0        1.360000E-01   7.000000E-03   1.000000E+00      Sn117                                                                                                   
        50            120              0        7.700001E-02   5.000000E-03   1.000000E+00      Sn120                                                                                                   
        52            124              0        7.500000E-02   1.500000E-02   1.000000E+00      Te124                                                                                                   
        52            126              0        8.000001E-02   1.500000E-02   1.000000E+00      Te126                                                                                                   
        52            128              0        8.400001E-02   1.500000E-02   1.000000E+00      Te128                                                                                                   
        56            134              0        8.500000E-02   2.000000E-02   1.000000E+00      Ba134                                                                                                   
        56            136              0        1.630000E-01   3.000000E-02   1.000000E+00      Ba136                                                                                                   
        56            138              0        3.100000E-02   4.000000E-03   9.999999E-01      Ba138                                                                                                   
        58            140              0        3.000000E-02   6.000000E-03   9.999999E-01      Ce140                                                                                                   
        60            142              0        4.800000E-02   5.000000E-03   1.000000E+00      Nd142                                                                                                   
        62            144              0        6.100000E-02   1.000000E-02   9.999999E-01      Sm144                                                                                                   
        81            203              0        3.500000E-02   9.000001E-03   1.000000E+00      Tl203                                                                                                   
        81            205              0        3.300000E-02   5.000000E-03   1.000000E+00      Tl205                                                                                                   
        82            204              0        1.350000E-01   2.500000E-02   1.000000E+00      Pb204                                                                                                   
        82            206              0        3.500000E-01   1.500000E-01   9.999999E-01      Pb206                                                                                                   
        82            207              0        4.700000E-01   1.700000E-01   9.999999E-01      Pb207                                                                                                   
        83            209              0        3.900000E-02   1.200000E-02   1.000000E+00      Bi209                                                                                                   
