# header:
#   title: gamgam1 resonance data for RIPL-2
#   source: Resonancetables
#   date: 2025-07-13
# reaction:
#   type: gamgam1
# quantity:
#   type: resonance data
# datablock:
#   columns: 7
#   entries: 45
##       Z              A            Liso           Value         dValue          Ratio         Nuclide
##      []             []             []            [eV]           [eV]            []             [%]
        14             30              0        4.800000E-01   2.000000E-02         1.0000      Si030
        20             40              0        3.600000E-01   9.000000E-02         1.0000      Ca040
        20             42              0        4.500000E-01   1.500000E-01         1.0000      Ca042
        20             44              0        3.000000E-01   1.000000E-01         1.0000      Ca044
        22             49              0        4.000000E-01   1.200000E-01         1.0000      Ti049
        22             50              0        2.800000E-01   8.000001E-02         1.0370      Ti050
        24             50              0        3.700000E-01   1.100000E-01         0.3814      Cr050
        24             52              0        3.100000E-01   9.000000E-02         0.4429      Cr052
        25             55              0        4.000000E-01   1.000000E-01         1.0000      Mn055
        26             54              0        4.000000E-01   1.000000E-01         0.8000      Fe054
        26             56              0        4.500000E-01   2.300000E-01         0.9000      Fe056
        26             57              0        7.500001E-01   2.500000E-01         1.0000      Fe057
        26             58              0        4.000000E-01   1.000000E-01         1.0959      Fe058
        28             60              0        9.000000E-01   3.000000E-01         1.3235      Ni060
        29             63              0        2.600000E-01   8.000001E-02         1.0000      Cu063
        29             65              0        3.700000E-01   1.100000E-01         1.0000      Cu065
        30             64              0        2.720000E-01   3.000000E-02         1.0000      Zn064
        30             66              0        1.900000E-01   6.000000E-02         1.0000      Zn066
        30             68              0        1.700000E-01   2.000000E-02         1.0000      Zn068
        38             88              0        2.600000E-01   6.000000E-02         1.0000      Sr088
        39             89              0        3.000000E-01   9.000000E-02         1.0000      Y089
        40             90              0        2.500000E-01   5.000000E-02         1.0000      Zr090
        40             91              0        2.200000E-01   3.000000E-02         1.0000      Zr091
        40             92              0        2.200000E-01   5.000000E-02         1.0000      Zr092
        40             94              0        1.500000E-01   3.000000E-02         0.8333      Zr094
        40             96              0        1.750000E-01   0.000000E+00         1.4583      Zr096
        42             94              0        1.750000E-01   3.000000E-02         0.9309      Mo094
        42             96              0        1.400000E-01   2.000000E-02         1.0000      Mo096
        42             98              0        1.450000E-01   2.000000E-02         1.0000      Mo098
        42            100              0        1.000000E-01   1.000000E-02         1.0526      Mo100
        46            106              0        1.020000E-01   5.000000E-03         1.0000      Pd106
        46            108              0        1.040000E-01   4.000000E-03         1.0000      Pd108
        48            106              0        1.750000E-01   2.500000E-02         1.0000      Cd106
        48            108              0        1.250000E-01   2.000000E-02         1.0000      Cd108
        48            110              0        8.000001E-02   1.500000E-02         1.0000      Cd110
        48            112              0        9.000000E-02   2.000000E-02         0.9574      Cd112
        48            114              0        7.000000E-02   1.000000E-02         0.8333      Cd114
        48            116              0        7.000000E-02   1.000000E-02         0.9211      Cd116
        56            134              0        8.500000E-02   2.000000E-02         1.0000      Ba134
        56            136              0        1.630000E-01   5.000000E-02         1.0000      Ba136
        56            138              0        4.500000E-02   1.000000E-02         1.4516      Ba138
        58            140              0        3.000000E-02   6.000000E-03         1.0000      Ce140
        60            142              0        4.600000E-02   5.000000E-03         0.9583      Nd142
        82            204              0        3.300000E-01   0.000000E+00         2.4444      Pb204
        83            209              0        3.400000E-02   1.000000E-02         0.8718      Bi209
