# header: 
#   title: gamgam1 resonance data
#   source: Resonancetables
#   date: 2025-12-18
# reaction: 
#   type: gamgam1
# quantity: 
#   type: resonance data
# datablock: 
#   columns: 12
#   entries: 212
##       Z              A            Liso           Value         dValue        Reference   Rel. dev. comp. Rel. dev. NDL Rel. dev. EXFOR Rel. dev. all  #Experiments      Nuclide
##      []             []             []            [eV]           [eV]            []             [%]            [%]            [%]            [%]            []             []
        13             27              0        2.500000E+00   1.000000E+00  RIPL-3               43.68          12.50           0.00          30.47           1           Al027 
        14             28              0        2.700000E+00   9.000000E-01  RIPL-3                0.00           0.00           0.00          32.84           2           Si028 
        14             29              0        4.800000E-01   2.000000E-02  RIPL-3                0.00           0.00           0.00          39.30           0           Si029 
        14             30              0        4.800000E-01   2.000000E-02  RIPL-2                0.00           0.00           0.00           1.70           0           Si030 
        15             31              0        2.000000E+00   4.000000E-01  RIPL-3               14.29           0.00           0.00          11.64           0           P031  
        16             32              0        1.310000E+00   1.000000E+00  RIPL-3                0.00          30.48           0.00          28.88           0           S032  
        16             33              0        1.600000E+00   6.000000E-01  RIPL-3                0.00           0.00           0.00          41.39           0           S033  
        16             34              0        1.300000E+00   4.000000E-01  R.F.Carlton           0.00          25.99           3.82          25.07           3           S034  
        17             35              0        6.100000E-01   1.500000E-01  RIPL-3                0.25           0.00           0.00           2.21           0           Cl035 
        18             40              0        3.500000E-01   5.000000E-02  Mughabghab-2018       0.00          46.41           0.00          54.99           0           Ar040 
        19             39              0        4.120000E-01   1.900000E-01  RIPL-3                0.00          42.08           0.00          48.01           0           K039  
        19             41              0        5.400000E-01   2.000000E-01  RIPL-3                0.00          49.05           0.00          54.32           0           K041  
        20             40              0        3.600000E-01   9.000000E-02  RIPL-2                0.00          52.72           0.00          62.13           1           Ca040 
        20             42              0        4.500000E-01   1.500000E-01  RIPL-2                6.25          14.20           0.00          11.58           1           Ca042 
        20             43              0        5.000000E-01   0.000000E+00  A.R.De L.Musgro       0.00           5.04           0.00          15.83           1           Ca043 
        20             44              0        3.000000E-01   1.000000E-01  RIPL-2                0.00           1.58           0.00           3.30           1           Ca044 
        21             45              0        5.200000E-01   1.300000E-01  Mughabghab-2018       0.00          26.08           0.00          30.59           1           Sc045 
        22             46              0        4.400000E-01   2.200000E-01  Mughabghab-2018       0.00          58.46           0.00          62.44           0           Ti046 
        22             48              0        4.300000E-01   2.100000E-01  RIPL-3                0.00           0.00           0.00           4.04           0           Ti048 
        22             49              0        4.000000E-01   1.200000E-01  RIPL-2                5.88          24.40           0.00          30.32           0           Ti049 
        22             50              0        2.700000E-01   9.000000E-02  RIPL-3                1.72          38.61           0.00          36.42           0           Ti050 
        23             51              0        4.900000E-01   1.300000E-01  RIPL-3                0.00           8.83           0.00          23.40           0           V051  
        24             50              0        9.700000E-01   3.000000E-01  RIPL-3               42.02          24.96           0.00          30.35           1           Cr050 
        24             52              0        7.000000E-01   3.000000E-01  RIPL-3               32.49           8.45          20.79          21.50           2           Cr052 
        24             53              0        5.600000E-01   1.600000E-01  RIPL-3                0.00          30.06           0.00          42.23           1           Cr053 
        24             54              0        6.000000E-01   2.000000E-01  RIPL-3                0.83           4.01           0.00          19.69           1           Cr054 
        25             55              0        4.000000E-01   1.000000E-01  RIPL-3                0.00           0.53           0.00           1.91           0           Mn055 
        26             54              0        5.000000E-01   1.000000E-01  RIPL-3               15.62          68.81           0.00          95.10           1           Fe054 
        26             56              0        5.000000E-01   1.500000E-01  RIPL-3                4.50           0.22          24.05          13.68           2           Fe056 
        26             57              0        7.500001E-01   2.500000E-01  RIPL-3                6.58          28.43           0.00          19.14           1           Fe057 
        26             58              0        3.650000E-01   1.050000E-01  RIPL-3                4.38          43.82           0.00          34.76           0           Fe058 
        27             59              0        3.450000E-01   4.000000E-02  Mughabghab-2018       0.00           1.88           0.00           2.67           0           Co059 
        28             58              0        6.900001E-01   3.000000E-01  RIPL-3                0.00           2.14           0.00           6.76           0           Ni058 
        28             60              0        6.800000E-01   6.000000E-02  RIPL-3               15.92           6.84           0.00          17.91           0           Ni060 
        29             63              0        2.600000E-01   8.000001E-02  RIPL-3                0.00          13.65           0.00          11.41           0           Cu063 
        29             65              0        3.700000E-01   1.100000E-01  RIPL-3                0.00           5.35           0.00           4.18           0           Cu065 
        30             64              0        2.720000E-01   3.000000E-02  RIPL-3                4.65           7.64           0.00           6.68           0           Zn064 
        30             66              0        1.900000E-01   6.000000E-02  RIPL-3                0.00           3.18           0.00           5.92           0           Zn066 
        30             67              0        1.900000E-01   1.300000E-02  Mughabghab-2018       0.00          18.90           0.00          26.49           0           Zn067 
        30             68              0        1.700000E-01   2.000000E-02  RIPL-3                9.47           3.42           0.00           6.84           0           Zn068 
        31             69              0        1.330000E-01   1.400000E-02  Mughabghab-2018       0.00           2.25           0.00          20.05           0           Ga069 
        31             71              0        2.200000E-01   3.000000E-02  RIPL-3               32.93           1.77           0.00          19.83           0           Ga071 
        32             70              0        1.987000E-01   9.500000E-03  Mughabghab-2018       0.00           7.25           0.00           6.68           0           Ge070 
        32             74              0        2.110000E-01   1.500000E-02  Mughabghab-2018       0.00          17.51           0.00          19.71           0           Ge074 
        32             76              0        1.350000E-01   1.200000E-02  Mughabghab-2018       0.00           0.00           0.00          27.33           0           Ge076 
        33             75              0        3.000000E-01   6.000000E-02  RIPL-3                2.92           1.40           0.00           4.75           0           As075 
        34             74              0        2.002000E-01   2.740000E-02  Mughabghab-2018       0.00          10.79           0.00          11.19           0           Se074 
        34             76              0        1.921000E-01   5.500000E-03  Mughabghab-2018       0.00          95.85           0.00         107.35           0           Se076 
        34             77              0        4.180000E-01   2.600000E-02  Mughabghab-2018       0.00          24.01           0.00          23.26           0           Se077 
        34             78              0        1.728000E-01   8.700000E-03  Mughabghab-2018       0.00           1.08           0.00           9.32           0           Se078 
        34             80              0        2.300000E-01   2.000000E-02  Mughabghab-2018       0.00           0.00           0.00           1.68           0           Se080 
        35             79              0        3.280000E-01   2.200000E-02  Mughabghab-2018       0.00           0.00           0.00           2.80           0           Br079 
        35             81              0        2.220000E-01   1.600000E-02  Mughabghab-2018       0.00           1.33           0.00           4.74           0           Br081 
        36             78              0        2.600000E-01   2.000000E-02  Mughabghab-2018       0.00           0.00           0.00          14.40           0           Kr078 
        36             80              0        2.400000E-01   2.400000E-02  Mughabghab-2018       0.00           4.85           0.00          15.30           0           Kr080 
        36             84              0        2.070000E-01   2.000000E-02  RIPL-3                0.00          42.21           0.00          34.35           0           Kr084 
        36             86              0        2.550000E-01   1.300000E-01  RIPL-3                0.00          48.46           0.00          44.49           0           Kr086 
        37             85              0        2.600000E-01   4.000000E-02  RIPL-3                0.00          13.09           0.00          11.93           0           Rb085 
        38             86              0        1.300000E-01   4.500000E-02  G.C.Hicks             0.00           0.00           0.00          31.78           1           Sr086 
        38             87              0        1.400000E-01   0.000000E+00  G.C.Hicks             0.00          21.44           0.00          19.20           1           Sr087 
        38             88              0        2.600000E-01   6.000000E-02  RIPL-3                1.84           0.85           0.00          17.88           1           Sr088 
        39             89              0        3.000000E-01   9.000000E-02  RIPL-3                0.00          10.71           0.00          13.80           1           Y089  
        40             90              0        2.500000E-01   5.000000E-02  RIPL-3                3.87           5.96           0.00          14.65           1           Zr090 
        40             91              0        2.200000E-01   3.000000E-02  RIPL-3                4.76          13.69          16.98          17.74           2           Zr091 
        40             92              0        2.200000E-01   5.000000E-02  RIPL-3               18.45           9.60           0.00          14.25           1           Zr092 
        40             93              0        2.400000E-01   3.000000E-02  RIPL-3                0.84           8.07           0.00           9.36           0           Zr093 
        40             94              0        1.800000E-01   3.000000E-02  RIPL-3                9.47           4.64           0.00           8.61           1           Zr094 
        40             96              0        1.200000E-01   7.500000E-02  RIPL-3               15.14          18.27           0.00          17.31           0           Zr096 
        41             93              0        2.200000E-01   2.000000E-02  RIPL-3                0.45           7.55           0.00           6.75           1           Nb093 
        42             92              0        2.400000E-01   4.000000E-02  RIPL-3                0.00          14.45          10.41          14.83           4           Mo092 
        42             94              0        1.880000E-01   1.000000E-02  RIPL-3                3.34          11.98           0.00           9.54           1           Mo094 
        42             95              0        2.100000E-01   4.000000E-02  RIPL-3                0.00           9.16           0.00           7.74           0           Mo095 
        42             96              0        1.400000E-01   2.000000E-02  RIPL-3                0.67           6.99           0.00           6.73           1           Mo096 
        42             98              0        1.450000E-01   2.000000E-02  RIPL-3                9.73           9.66           0.00          14.38           0           Mo098 
        42            100              0        9.500001E-02   1.500000E-02  RIPL-3                3.07           0.09           0.00           7.66           1           Mo100 
        44            100              0        1.300000E-01   3.000000E-02  RIPL-3                2.26          19.16           0.00          17.86           0           Ru100 
        44            102              0        1.310000E-01   3.000000E-02  Mughabghab-2018       0.00           3.15           0.00           6.99           0           Ru102 
        45            103              0        1.890000E-01   1.200000E-02  Mughabghab-2018       0.00           4.35           0.00          13.56           1           Rh103 
        46            102              0        1.650000E-01   1.500000E-02  Mughabghab-2018       0.00           0.06           0.00          28.37           0           Pd102 
        46            104              0        1.480000E-01   1.000000E-02  Mughabghab-2018       0.00          31.19           0.00          27.73           0           Pd104 
        46            105              0        1.500000E-01   1.500000E-02  RIPL-3               12.79           0.10           0.00          10.43           0           Pd105 
        46            106              0        1.020000E-01   1.000000E-02  RIPL-3                5.77           4.19           0.00           6.14           0           Pd106 
        46            107              0        1.890000E-01   6.000000E-03  Mughabghab-2018       0.00           0.00           0.00           7.11           0           Pd107 
        46            108              0        1.040000E-01   1.000000E-02  RIPL-3               11.26          17.46           0.00          20.03           0           Pd108 
        46            110              0        9.800000E-02   1.700000E-02  RIPL-3                3.16           6.34           0.00          24.13           0           Pd110 
        47            107              0        1.730000E-01   8.000000E-03  Mughabghab-2018       0.00           0.81           0.00           8.31           0           Ag107 
        47            109              0        1.600000E-01   1.000000E-02  Mughabghab-2018       0.00           9.64           0.00          10.56           0           Ag109 
        48            106              0        1.750000E-01   2.500000E-02  RIPL-3                6.92           7.57           0.72          10.39           2           Cd106 
        48            108              0        1.250000E-01   2.000000E-02  RIPL-3                0.00           8.86           0.81           8.88           2           Cd108 
        48            110              0        8.000001E-02   1.500000E-02  RIPL-3               10.37           4.41           2.67           7.30           3           Cd110 
        48            111              0        1.700000E-01   8.000000E-03  Mughabghab-2018       0.00          22.09           0.00          22.48           1           Cd111 
        48            112              0        9.400000E-02   1.600000E-02  RIPL-3                2.03          43.68           2.95          31.54           3           Cd112 
        48            113              0        1.600000E-01   2.000000E-02  RIPL-3                0.00          66.46           0.00          74.32           1           Cd113 
        48            114              0        8.400001E-02   8.000000E-03  RIPL-3                9.57          13.76           7.17          13.22           3           Cd114 
        48            116              0        7.600001E-02   6.000000E-03  RIPL-3                3.82          16.48           9.43          12.35           3           Cd116 
        50            112              0        9.640000E-02   1.000000E-02  Mughabghab-2018       0.00          30.81           0.00          28.01           0           Sn112 
        50            115              0        1.300000E-01   7.000000E-02  Mughabghab-2018       0.00           0.00           0.00          54.86           0           Sn115 
        50            116              0        8.500000E-02   2.000000E-03  RIPL-3                1.16           5.65           0.00           4.87           0           Sn116 
        50            117              0        1.360000E-01   7.000000E-03  RIPL-3                0.00          17.38           0.00          16.97           0           Sn117 
        50            118              0        6.600000E-02   7.000000E-03  Mughabghab-2018       0.00          17.15           0.00          15.82           0           Sn118 
        50            120              0        7.700001E-02   5.000000E-03  RIPL-3                0.00          16.82           0.00          16.49           0           Sn120 
        50            122              0        9.800000E-02   1.000000E-02  Mughabghab-2018       0.00          48.83           0.00          43.76           0           Sn122 
        50            124              0        8.100000E-02   3.000000E-03  Mughabghab-2018       0.00          38.39           0.00          45.40           0           Sn124 
        51            121              0        1.080000E-01   5.000000E-03  Mughabghab-2018       0.00           4.54           0.00           7.14           0           Sb121 
        51            123              0        1.010000E-01   5.000000E-03  Mughabghab-2018       0.00           1.39           0.00           1.49           0           Sb123 
        52            122              0        9.330000E-02   5.500000E-03  Mughabghab-2018       0.00          19.81           0.00          17.67           0           Te122 
        52            123              0        1.690000E-01   4.000000E-03  Mughabghab-2018       0.00           0.52           0.00          13.45           0           Te123 
        52            124              0        7.500000E-02   1.500000E-02  RIPL-3                0.00           3.94           0.00           3.57           0           Te124 
        52            125              0        1.200000E-01   1.100000E-02  Mughabghab-2018       0.00          12.33           0.00          11.16           0           Te125 
        52            126              0        8.000001E-02   1.500000E-02  RIPL-3                1.27          15.20           0.00          14.41           0           Te126 
        52            128              0        8.400001E-02   1.500000E-02  RIPL-3                4.35          23.58           0.00          21.06           0           Te128 
        52            130              0        6.970000E-02   1.250000E-02  Mughabghab-2018       0.00          14.03           0.00          14.37           0           Te130 
        53            127              0        1.360000E-01   4.000000E-03  Mughabghab-2018       0.00          17.01           0.00         244.95           1           I127  
        53            129              0        1.400000E-01   8.000000E-03  Mughabghab-2018       0.00           5.81           0.00         223.61           1           I129  
        54            130              0        5.540000E-02   2.700000E-03  Mughabghab-2018       0.00           0.00           0.00           0.00           0           Xe130 
        54            131              0        1.610000E-01   8.000000E-03  Mughabghab-2018       0.00          13.16           0.00          15.67           0           Xe131 
        54            132              0        8.900000E-02   1.500000E-02  Mughabghab-2018       0.00           0.00           0.00           6.68           0           Xe132 
        55            132              0        1.091000E-01   1.700000E-03  Mughabghab-2018       0.00           0.00           0.00          19.32           0           Cs132 
        55            135              0        9.500000E-02   7.000000E-03  Mughabghab-2018       0.00           0.00           0.00           9.38           0           Cs135 
        56            134              0        8.500000E-02   2.000000E-02  RIPL-3                0.00          17.84           0.00          33.49           1           Ba134 
        56            135              0        2.010000E-01   1.300000E-02  Mughabghab-2018       0.00          19.82           0.00          20.04           0           Ba135 
        56            136              0        1.630000E-01   3.000000E-02  RIPL-3               11.58          19.17           0.00          16.66           1           Ba136 
        56            137              0        1.550000E-01   8.000000E-03  Mughabghab-2018       0.00          13.05           0.00          22.59           0           Ba137 
        56            138              0        3.100000E-02   4.000000E-03  RIPL-3               18.50          32.69           0.00          28.89           1           Ba138 
        57            139              0        3.500000E-02   7.000000E-03  Mughabghab-2018       0.00           4.20           8.70           6.45           2           La139 
        58            140              0        3.000000E-02   6.000000E-03  RIPL-3               13.80          71.70           0.00          76.21           1           Ce140 
        59            141              0        5.000000E-02   1.000000E-02  Mughabghab-2018       0.00          23.24           0.00          29.03           0           Pr141 
        60            142              0        4.800000E-02   5.000000E-03  RIPL-3                1.99          13.76           0.00          11.42           1           Nd142 
        60            143              0        4.800000E-02   3.000000E-03  Mughabghab-2018       0.00          24.20           0.00          28.23           0           Nd143 
        60            144              0        3.600000E-02   6.000000E-03  Mughabghab-2018       0.00          33.76           0.00          35.05           0           Nd144 
        60            145              0        5.560000E-02   4.000000E-03  Mughabghab-2018       0.00           0.69           0.00          19.08           0           Nd145 
        60            146              0        2.700000E-02   3.000000E-03  Mughabghab-2018       0.00          29.61           0.00          32.51           0           Nd146 
        60            148              0        3.400000E-02   4.000000E-03  Mughabghab-2018       0.00          34.70           0.00          34.73           0           Nd148 
        60            150              0        4.100000E-02   7.000000E-03  Mughabghab-2018       0.00          24.71           0.00          25.83           0           Nd150 
        62            144              0        6.100000E-02   1.000000E-02  RIPL-3                4.98          12.20           0.00          13.39           0           Sm144 
        62            147              0        3.930000E-02   3.200000E-03  Mughabghab-2018       0.00           0.00           0.00          27.03           1           Sm147 
        62            148              0        1.790000E-02   2.200000E-03  Mughabghab-2018       0.00           0.00           0.00          45.21           0           Sm148 
        62            149              0        3.600000E-02   4.000000E-03  Mughabghab-2018       0.00           0.00           0.00           0.00           0           Sm149 
        62            150              0        3.760000E-02   1.700000E-03  Mughabghab-2018       0.00          14.05           0.00          22.94           0           Sm150 
        62            151              0        6.120000E-02   4.200000E-03  Mughabghab-2018       0.00           0.00           0.00           0.00           0           Sm151 
        62            152              0        4.060000E-02   2.400000E-03  Mughabghab-2018       0.00           3.51           0.00          17.84           0           Sm152 
        62            154              0        4.650000E-02   3.700000E-03  Mughabghab-2018       0.00           0.00           0.00           0.00           0           Sm154 
        63            151              0        4.600000E-02   3.000000E-03  Mughabghab-2018       0.00           0.00           0.00           0.00           0           Eu151 
        63            153              0        4.810000E-02   3.600000E-03  Mughabghab-2018       0.00           0.00           0.00           0.00           0           Eu153 
        64            152              0        3.780000E-02   3.200000E-03  Mughabghab-2018       0.00           0.02           0.00          18.99           0           Gd152 
        64            154              0        4.610000E-02   1.300000E-03  Mughabghab-2018       0.00           4.88           0.00          20.38           0           Gd154 
        64            155              0        5.780000E-02   6.100000E-03  Mughabghab-2018       0.00           0.00           0.00          33.00           1           Gd155 
        64            156              0        4.430000E-02   1.300000E-03  Mughabghab-2018       0.00           0.52           0.00          21.90           0           Gd156 
        64            157              0        5.740000E-02   3.800000E-03  Mughabghab-2018       0.00           0.00           0.00          30.63           1           Gd157 
        64            158              0        5.310000E-02   1.800000E-03  Mughabghab-2018       0.00           0.62           0.00          15.80           0           Gd158 
        64            160              0        4.700000E-02   3.300000E-03  Mughabghab-2018       0.00           0.28           0.00          18.90           0           Gd160 
        66            160              0        5.500000E-02   5.000000E-03  Mughabghab-2018       0.00           0.00           0.00           0.00           0           Dy160 
        66            161              0        7.430000E-02   1.800000E-03  Mughabghab-2018       0.00           0.00           0.00           0.00           0           Dy161 
        66            163              0        7.970000E-02   1.700000E-03  Mughabghab-2018       0.00           0.00           0.00          15.17           0           Dy163 
        66            164              0        5.230000E-02   1.800000E-03  Mughabghab-2018       0.00           3.14           0.00          22.08           0           Dy164 
        67            165              0        4.550000E-02   2.000000E-03  Mughabghab-2018       0.00           0.00           0.00           0.00           0           Ho165 
        68            166              0        5.600000E-02   2.500000E-03  Mughabghab-2018       0.00           2.35           0.00          18.94           0           Er166 
        68            167              0        5.350000E-02   3.200000E-03  Mughabghab-2018       0.00           0.00           0.00          24.91           0           Er167 
        68            168              0        5.630000E-02   1.700000E-03  Mughabghab-2018       0.00           1.84           0.00          15.79           0           Er168 
        68            170              0        3.660000E-02   2.400000E-03  Mughabghab-2018       0.00           4.60           0.00          24.01           0           Er170 
        69            169              0        6.490000E-02   6.300000E-03  Mughabghab-2018       0.00           0.00           0.00           0.00           0           Tm169 
        70            168              0        6.200000E-02   3.000000E-03  Mughabghab-2018       0.00           0.01           0.00           3.92           0           Yb168 
        70            170              0        5.085000E-02   0.000000E+00  H.Beer                0.00           0.01           0.00          26.37           1           Yb170 
        70            171              0        4.390000E-02   1.400000E-03  Mughabghab-2018       0.00           0.00           0.00           0.00           0           Yb171 
        70            172              0        6.290000E-02   1.000000E-03  Mughabghab-2018       0.00           1.81           0.00           6.25           0           Yb172 
        70            173              0        5.470000E-02   2.800000E-03  Mughabghab-2018       0.00           0.00           0.00           0.00           0           Yb173 
        70            174              0        4.720000E-02   2.200000E-03  Mughabghab-2018       0.00          16.08           0.00          21.24           0           Yb174 
        70            176              0        3.820000E-02   2.200000E-03  Mughabghab-2018       0.00           6.48           0.00          15.10           0           Yb176 
        71            175              0        3.600000E-02   1.100000E-03  Mughabghab-2018       0.00           0.00           0.00          22.10           1           Lu175 
        71            176              0        3.710000E-02   2.300000E-03  Mughabghab-2018       0.00           0.00           0.00           0.00           0           Lu176 
        72            174              0        4.810000E-02   4.000000E-03  Mughabghab-2018       0.00           0.00           0.00          31.36           0           Hf174 
        72            177              0        4.260000E-02   1.300000E-03  Mughabghab-2018       0.00           0.00           0.00           0.00           0           Hf177 
        72            178              0        3.930000E-02   1.200000E-03  Mughabghab-2018       0.00           0.00           0.00           0.00           0           Hf178 
        72            179              0        3.700000E-02   3.000000E-03  Mughabghab-2018       0.00           0.00           0.00           0.00           0           Hf179 
        72            180              0        3.130000E-02   1.100000E-03  Mughabghab-2018       0.00           6.56           0.00          24.26           0           Hf180 
        73            180              1        2.500000E-02   4.000000E-03  Mughabghab-2018       0.00           0.00           0.00           0.00           0           Ta180m
        73            181              0        4.340000E-02   4.300000E-03  Mughabghab-2018       0.00           0.00          14.26          18.47           3           Ta181 
        74            182              0        4.180000E-02   7.000000E-04  Mughabghab-2018       0.00           0.00           0.00          19.84           0           W182  
        74            184              0        3.840000E-02   1.400000E-03  Mughabghab-2018       0.00           0.00           0.00          25.25           0           W184  
        74            186              0        3.200000E-02   3.000000E-03  Mughabghab-2018       0.00           0.00           0.00          22.29           0           W186  
        75            185              0        4.870000E-02   8.000000E-03  Mughabghab-2018       0.00           0.00           0.00           0.00           0           Re185 
        75            187              0        4.600000E-02   6.000000E-03  Mughabghab-2018       0.00           0.00           0.00           0.00           0           Re187 
        76            186              0        3.130000E-02   3.000000E-03  Mughabghab-2018       0.00           0.00           0.00           0.00           0           Os186 
        76            187              0        4.450000E-02   3.300000E-03  Mughabghab-2018       0.00           0.00           0.00           0.00           0           Os187 
        76            188              0        3.380000E-02   3.400000E-03  Mughabghab-2018       0.00           0.00           0.00           0.00           0           Os188 
        76            189              0        4.400000E-02   4.000000E-03  Mughabghab-2018       0.00           0.00           0.00          27.25           0           Os189 
        76            190              0        3.300000E-02   4.000000E-03  Mughabghab-2018       0.00           0.00           0.00          14.72           0           Os190 
        77            191              0        3.880000E-02   3.700000E-03  Mughabghab-2018       0.00           0.00           0.00           0.00           0           Ir191 
        77            193              0        4.300000E-02   3.800000E-03  Mughabghab-2018       0.00           0.00           0.00          56.14           0           Ir193 
        78            192              0        4.700000E-02   3.000000E-03  Mughabghab-2018       0.00           1.50           0.00          19.50           0           Pt192 
        78            194              0        4.900000E-02   2.900000E-03  Mughabghab-2018       0.00          19.77           0.00          39.18           0           Pt194 
        78            195              0        7.100000E-02   8.000000E-03  Mughabghab-2018       0.00           7.80           0.00          22.60           0           Pt195 
        78            196              0        6.600000E-02   3.000000E-03  Mughabghab-2018       0.00          10.95           0.00          26.64           0           Pt196 
        79            197              0        4.000000E-02   4.000000E-03  Mughabghab-2018       0.00           0.00           0.00           0.00           0           Au197 
        80            198              0        7.210000E-02   6.400000E-03  Mughabghab-2018       0.00           0.00           0.00           0.00           0           Hg198 
        80            199              0        1.385000E-01   1.890000E-02  Mughabghab-2018       0.00           0.00           0.00          14.38           0           Hg199 
        80            200              0        2.246000E-01   3.500000E-02  Mughabghab-2018       0.00           9.68           0.00          25.96           0           Hg200 
        80            201              0        1.780000E-01   4.000000E-02  Mughabghab-2018       0.00           0.00           0.00           0.00           0           Hg201 
        81            203              0        3.500000E-02   9.000001E-03  RIPL-3               81.58          38.13           0.00          57.83           0           Tl203 
        81            205              0        3.300000E-02   5.000000E-03  RIPL-3               81.82           0.00           0.00          40.07           0           Tl205 
        82            204              0        1.350000E-01   2.500000E-02  RIPL-3               45.96          25.08           0.00          34.18           0           Pb204 
        82            206              0        3.500000E-01   1.500000E-01  RIPL-3               13.04          10.36           0.00          11.26           0           Pb206 
        82            207              0        4.700000E-01   1.700000E-01  RIPL-3               27.03           6.04           0.00          20.03           0           Pb207 
        83            209              0        3.900000E-02   1.200000E-02  RIPL-3               16.22          12.74           0.00          18.00           1           Bi209 
        90            232              0        1.940000E-02   4.000000E-04  Mughabghab-2018       0.00           0.00          10.75           9.46           3           Th232 
        92            236              0        2.140000E-02   4.000000E-04  Mughabghab-2018       0.00           9.39           0.00           8.88           0           U236  
        92            238              0        1.720000E-02   4.000000E-04  Mughabghab-2018       0.00           2.55          29.63          35.06           4           U238  
        93            237              0        2.040000E-02   1.000000E-03  Mughabghab-2018       0.00           0.00           0.00          33.59           0           Np237 
        94            240              0        2.190000E-02   2.400000E-02  Mughabghab-2018       0.00           0.00           0.00          18.56           0           Pu240 
        94            242              0        1.710000E-02   1.200000E-03  Mughabghab-2018       0.00           0.00           0.00          11.34           0           Pu242 
        95            241              0        2.150000E-02   1.000000E-03  Mughabghab-2018       0.00           0.00           0.00          99.58           1           Am241 
        95            243              0        1.960000E-02   1.200000E-03  Mughabghab-2018       0.00           0.00           0.00           0.00           0           Am243 
