# header: 
#   title: gamgam1 resonance data for TARES
#   source: Resonancetables
#   date: 2025-10-02
# reaction: 
#   type: gamgam1
# quantity: 
#   type: resonance data
# datablock: 
#   columns: 7
#   entries: 171
##       Z              A            Liso           Value         dValue          Ratio         Nuclide
##      []             []             []            [eV]           [eV]            []             [%]
        13             27              0        1.121560E+00   0.000000E+00         0.4486      Al027
        14             28              0        5.726000E+00   0.000000E+00         2.1207      Si028
        14             29              0        1.843880E+00   0.000000E+00         3.8414      Si029
        14             30              0        4.993750E-01   0.000000E+00         1.0404      Si030
        15             31              0        1.588690E+00   0.000000E+00         0.7943      P031
        16             32              0        2.240970E+00   0.000000E+00         1.7107      S032
        16             33              0        3.859460E+00   0.000000E+00         2.4122      S033
        17             35              0        6.405000E-01   0.000000E+00         1.0500      Cl035
        18             40              0        1.328050E+00   0.000000E+00         3.7944      Ar040
        19             39              0        4.451030E-01   0.000000E+00         1.0803      K039
        19             41              0        5.200960E-01   0.000000E+00         0.9631      K041
        20             40              0        1.184130E+00   0.000000E+00         3.2892      Ca040
        20             42              0        5.500000E-01   0.000000E+00         1.2222      Ca042
        20             44              0        3.141820E-01   0.000000E+00         1.0473      Ca044
        21             45              0        8.092800E-01   0.000000E+00         1.5563      Sc045
        22             46              0        1.608720E+00   0.000000E+00         3.6562      Ti046
        22             48              0        4.710560E-01   0.000000E+00         1.0955      Ti048
        22             49              0        7.353570E-01   0.000000E+00         1.8384      Ti049
        22             50              0        6.124030E-01   0.000000E+00         2.2682      Ti050
        23             51              0        8.400040E-01   0.000000E+00         1.7143      V051
        24             50              0        6.359660E-01   0.000000E+00         0.6556      Cr050
        24             52              0        5.755050E-01   0.000000E+00         0.8221      Cr052
        24             53              0        1.709300E+00   0.000000E+00         3.0523      Cr053
        24             54              0        7.586610E-01   0.000000E+00         1.2644      Cr054
        25             55              0        4.168310E-01   0.000000E+00         1.0421      Mn055
        26             54              0        4.726490E-01   0.000000E+00         0.9453      Fe054
        26             56              0        5.271430E-01   0.000000E+00         1.0543      Fe056
        26             57              0        7.152390E-01   0.000000E+00         0.9537      Fe057
        26             58              0        2.945030E-01   0.000000E+00         0.8069      Fe058
        27             59              0        3.753390E-01   0.000000E+00         1.0879      Co059
        28             58              0        8.214470E-01   0.000000E+00         1.1905      Ni058
        28             60              0        9.829300E-01   0.000000E+00         1.4455      Ni060
        29             63              0        3.442950E-01   0.000000E+00         1.3242      Cu063
        29             65              0        3.291220E-01   0.000000E+00         0.8895      Cu065
        30             64              0        2.389170E-01   0.000000E+00         0.8784      Zn064
        30             66              0        2.206430E-01   0.000000E+00         1.1613      Zn066
        30             67              0        4.368560E-01   0.000000E+00         2.2992      Zn067
        30             68              0        1.760630E-01   0.000000E+00         1.0357      Zn068
        31             69              0        2.660000E-01   0.000000E+00         2.0000      Ga069
        31             71              0        2.282930E-01   0.000000E+00         1.0377      Ga071
        32             70              0        2.000000E-01   0.000000E+00         1.0065      Ge070
        32             74              0        1.369580E-01   0.000000E+00         0.6491      Ge074
        32             76              0        7.855010E-02   0.000000E+00         0.5819      Ge076
        33             75              0        3.272230E-01   0.000000E+00         1.0907      As075
        34             74              0        1.994010E-01   0.000000E+00         0.9960      Se074
        34             76              0        2.320000E+00   0.000000E+00        12.0770      Se076
        34             77              0        2.301250E-01   0.000000E+00         0.5505      Se077
        34             78              0        2.300000E-01   0.000000E+00         1.3310      Se078
        34             80              0        2.200000E-01   0.000000E+00         0.9565      Se080
        35             79              0        3.092450E-01   0.000000E+00         0.9428      Br079
        35             81              0        2.498940E-01   0.000000E+00         1.1256      Br081
        36             78              0        1.940160E-01   0.000000E+00         0.7462      Kr078
        36             80              0        1.860000E-01   0.000000E+00         0.7750      Kr080
        36             84              0        8.742460E-02   0.000000E+00         0.4223      Kr084
        36             86              0        1.663700E-01   0.000000E+00         0.6524      Kr086
        37             85              0        2.494100E-01   0.000000E+00         0.9593      Rb085
        38             88              0        2.430550E-01   0.000000E+00         0.9348      Sr088
        39             89              0        3.433860E-01   0.000000E+00         1.1446      Y089
        40             90              0        3.111930E-01   0.000000E+00         1.2448      Zr090
        40             91              0        1.880390E-01   0.000000E+00         0.8547      Zr091
        40             92              0        2.684780E-01   0.000000E+00         1.2204      Zr092
        40             93              0        1.918090E-01   0.000000E+00         0.7992      Zr093
        40             94              0        1.514680E-01   0.000000E+00         0.8415      Zr094
        40             96              0        1.197050E-01   0.000000E+00         0.9975      Zr096
        41             93              0        1.853320E-01   0.000000E+00         0.8424      Nb093
        42             92              0        2.659220E-01   0.000000E+00         1.1080      Mo092
        42             94              0        1.459500E-01   0.000000E+00         0.7763      Mo094
        42             95              0        2.263530E-01   0.000000E+00         1.0779      Mo095
        42             96              0        1.168810E-01   0.000000E+00         0.8349      Mo096
        42             98              0        9.663940E-02   0.000000E+00         0.6665      Mo098
        42            100              0        8.183700E-02   0.000000E+00         0.8614      Mo100
        44            100              0        1.878630E-01   0.000000E+00         1.4451      Ru100
        44            102              0        1.141180E-01   0.000000E+00         0.8711      Ru102
        45            103              0        1.748810E-01   0.000000E+00         0.9253      Rh103
        46            102              0        3.310350E-01   0.000000E+00         2.0063      Pd102
        46            104              0        1.263080E-01   0.000000E+00         0.8534      Pd104
        46            105              0        1.501070E-01   0.000000E+00         1.0007      Pd105
        46            106              0        1.101120E-01   0.000000E+00         1.0795      Pd106
        46            107              0        1.631050E-01   0.000000E+00         0.8630      Pd107
        46            108              0        7.073800E-02   0.000000E+00         0.6802      Pd108
        46            110              0        5.596200E-02   0.000000E+00         0.5710      Pd110
        47            107              0        1.400000E-01   0.000000E+00         0.8092      Ag107
        47            109              0        1.301610E-01   0.000000E+00         0.8135      Ag109
        48            106              0        1.437360E-01   0.000000E+00         0.8213      Cd106
        48            108              0        9.908570E-02   0.000000E+00         0.7927      Cd108
        48            110              0        8.042290E-02   0.000000E+00         1.0053      Cd110
        48            111              0        1.180040E-01   0.000000E+00         0.6941      Cd111
        48            112              0        7.824680E-02   0.000000E+00         0.8324      Cd112
        48            113              0        1.125420E-01   0.000000E+00         0.7034      Cd113
        48            114              0        5.843040E-02   0.000000E+00         0.6956      Cd114
        48            116              0        5.786820E-02   0.000000E+00         0.7614      Cd116
        50            112              0        5.957730E-02   0.000000E+00         0.6180      Sn112
        50            115              0        4.480620E-02   0.000000E+00         0.3447      Sn115
        50            116              0        8.798560E-02   0.000000E+00         1.0351      Sn116
        50            117              0        9.101580E-02   0.000000E+00         0.6692      Sn117
        50            118              0        5.568000E-02   0.000000E+00         0.8436      Sn118
        50            120              0        8.149660E-02   0.000000E+00         1.0584      Sn120
        50            122              0        4.141180E-02   0.000000E+00         0.4226      Sn122
        50            124              0        2.390000E-01   0.000000E+00         2.9506      Sn124
        51            121              0        9.804170E-02   0.000000E+00         0.9078      Sb121
        51            123              0        1.005720E-01   0.000000E+00         0.9958      Sb123
        52            122              0        1.095220E-01   0.000000E+00         1.1739      Te122
        52            123              0        1.278490E-01   0.000000E+00         0.7565      Te123
        52            124              0        7.910320E-02   0.000000E+00         1.0547      Te124
        52            125              0        1.293890E-01   0.000000E+00         1.0782      Te125
        52            126              0        8.308210E-02   0.000000E+00         1.0385      Te126
        52            128              0        5.180930E-02   0.000000E+00         0.6168      Te128
        52            130              0        7.295670E-02   0.000000E+00         1.0467      Te130
        53            127              0        1.101150E-01   0.000000E+00         0.8097      I127
        53            129              0        9.790820E-02   0.000000E+00         0.6993      I129
        54            131              0        1.288180E-01   0.000000E+00         0.8001      Xe131
        54            132              0        7.747100E-02   0.000000E+00         0.8705      Xe132
        55            132              0        1.613530E-01   0.000000E+00         1.4789      Cs132
        55            135              0        7.831620E-02   0.000000E+00         0.8244      Cs135
        56            134              0        8.132620E-02   0.000000E+00         0.9568      Ba134
        56            136              0        1.099550E-01   0.000000E+00         0.6746      Ba136
        56            137              0        1.135510E-01   0.000000E+00         0.7326      Ba137
        56            138              0        3.106820E-02   0.000000E+00         1.0022      Ba138
        57            139              0        3.673630E-02   0.000000E+00         1.0496      La139
        58            140              0        3.491290E-02   0.000000E+00         1.1638      Ce140
        59            141              0        8.024480E-02   0.000000E+00         1.6049      Pr141
        60            142              0        5.926380E-02   0.000000E+00         1.2347      Nd142
        60            143              0        7.163290E-02   0.000000E+00         1.4924      Nd143
        60            144              0        5.141840E-02   0.000000E+00         1.4283      Nd144
        60            146              0        5.716750E-02   0.000000E+00         2.1173      Nd146
        60            148              0        4.697740E-02   0.000000E+00         1.3817      Nd148
        60            150              0        6.500000E-02   0.000000E+00         1.5854      Nd150
        62            144              0        7.353790E-02   0.000000E+00         1.2055      Sm144
        62            147              0        7.407140E-02   0.000000E+00         1.8848      Sm147
        62            148              0        6.548850E-02   0.000000E+00         3.6586      Sm148
        62            150              0        5.000000E-02   0.000000E+00         1.3298      Sm150
        62            152              0        6.577780E-02   0.000000E+00         1.6201      Sm152
        64            154              0        7.981200E-02   0.000000E+00         1.7313      Gd154
        64            155              0        1.150000E-01   0.000000E+00         1.9896      Gd155
        64            156              0        8.013330E-02   0.000000E+00         1.8089      Gd156
        64            157              0        1.051610E-01   0.000000E+00         1.8321      Gd157
        64            158              0        8.684210E-02   0.000000E+00         1.6354      Gd158
        64            160              0        8.866310E-02   0.000000E+00         1.8864      Gd160
        66            163              0        1.123400E-01   0.000000E+00         1.4095      Dy163
        66            164              0        1.140000E-01   0.000000E+00         2.1797      Dy164
        68            166              0        9.358330E-02   0.000000E+00         1.6711      Er166
        68            168              0        8.994000E-02   0.000000E+00         1.5975      Er168
        68            170              0        7.780000E-02   0.000000E+00         2.1257      Er170
        70            168              0        5.711930E-02   0.000000E+00         0.9213      Yb168
        70            172              0        7.233330E-02   0.000000E+00         1.1500      Yb172
        70            174              0        8.300000E-02   0.000000E+00         1.7585      Yb174
        70            176              0        5.270000E-02   0.000000E+00         1.3796      Yb176
        72            174              0        9.205040E-02   0.000000E+00         1.9137      Hf174
        72            180              0        5.816670E-02   0.000000E+00         1.8584      Hf180
        74            182              0        6.248810E-02   0.000000E+00         1.4949      W182
        74            184              0        6.434080E-02   0.000000E+00         1.6755      W184
        74            186              0        5.035920E-02   0.000000E+00         1.5737      W186
        76            189              0        8.537940E-02   0.000000E+00         1.9404      Os189
        76            190              0        4.601630E-02   0.000000E+00         1.3944      Os190
        78            192              0        7.965290E-02   0.000000E+00         1.6947      Pt192
        78            194              0        1.583150E-01   0.000000E+00         3.2309      Pt194
        78            196              0        1.402480E-01   0.000000E+00         2.1250      Pt196
        80            199              0        1.915400E-01   0.000000E+00         1.3830      Hg199
        80            200              0        4.097140E-01   0.000000E+00         1.8242      Hg200
        81            203              0        6.660320E-01   0.000000E+00        19.0295      Tl203
        81            205              0        3.644770E-01   0.000000E+00        11.0448      Tl205
        82            204              0        2.016430E-01   0.000000E+00         1.4937      Pb204
        82            206              0        4.482990E-01   0.000000E+00         1.2809      Pb206
        82            207              0        5.692080E-01   0.000000E+00         1.2111      Pb207
        83            209              0        5.341580E-02   0.000000E+00         1.3696      Bi209
        90            232              0        2.440000E-02   0.000000E+00         1.2577      Th232
        92            236              0        2.087430E-02   0.000000E+00         0.9754      U236
        92            238              0        2.414650E-02   0.000000E+00         1.4039      U238
        93            237              0        4.103390E-02   0.000000E+00         2.0115      Np237
        94            240              0        3.188350E-02   0.000000E+00         1.4559      Pu240
        94            242              0        2.200000E-02   0.000000E+00         1.2865      Pu242
