# header: 
#   title: (n,g) thermal cross section for cendl3.2
#   source: Resonancetables
#   date: 2025-12-08
# reaction: 
#   type: (n,g)
# quantity: 
#   type: thermal cross section
# datablock: 
#   columns: 7
#   entries: 222
##       Z              A            Liso           Value         dValue          Ratio         Nuclide
##      []             []             []             [b]            [b]            []             [%]
         1              1              0        3.325840E-01   0.000000E+00          1.0000      H001
         1              2              0        5.057020E-04   0.000000E+00          1.0216      H002
         2              3              0        5.402280E-05   0.000000E+00          0.9822      He003
         3              7              0        4.540170E-02   0.000000E+00          1.0272      Li007
         4              9              0        8.600100E-03   0.000000E+00          1.0399      Be009
         5             10              0        4.998670E-01   0.000000E+00          1.2687      B010
         5             11              0        5.500000E-03   0.000000E+00          0.6111      B011
         6             12              0        3.367020E-03   0.000000E+00          0.8700      C012
         7             14              0        7.499080E-02   0.000000E+00          0.9362      N014
         8             16              0        1.900000E-04   0.000000E+00          1.0983      O016
         9             19              0        9.578360E-03   0.000000E+00          1.0457      F019
        11             23              0        5.313660E-01   0.000000E+00          1.0358      Na023
        12             24              0        5.028890E-02   0.000000E+00          0.9347      Mg024
        12             25              0        1.903710E-01   0.000000E+00          0.9566      Mg025
        12             26              0        3.830910E-02   0.000000E+00          1.0326      Mg026
        13             27              0        2.334600E-01   0.000000E+00          1.0330      Al027
        14             28              0        1.691340E-01   0.000000E+00          0.9556      Si028
        14             29              0        1.199570E-01   0.000000E+00          1.0080      Si029
        14             30              0        1.070820E-01   0.000000E+00          0.9401      Si030
        15             31              0        1.748950E-01   0.000000E+00          1.0536      P031
        16             32              0        5.281960E-01   0.000000E+00          1.0197      S032
        16             33              0        3.500490E-01   0.000000E+00          0.7710      S033
        16             34              0        2.236010E-01   0.000000E+00          0.8734      S034
        16             36              0        2.000030E-01   0.000000E+00          0.6250      S036
        20             40              0        4.075270E-01   0.000000E+00          0.9940      Ca040
        22             46              0        5.760660E-01   0.000000E+00          0.9764      Ti046
        22             47              0        1.701770E+00   0.000000E+00          1.0440      Ti047
        22             48              0        8.315820E+00   0.000000E+00          0.9995      Ti048
        22             49              0        1.829720E+00   0.000000E+00          0.9785      Ti049
        22             50              0        1.783610E-01   0.000000E+00          1.0020      Ti050
        24             50              0        1.592450E+01   0.000000E+00          1.0490      Cr050
        24             52              0        7.640480E-01   0.000000E+00          0.8884      Cr052
        24             53              0        1.821230E+01   0.000000E+00          0.9792      Cr053
        24             54              0        3.644570E-01   0.000000E+00          0.8889      Cr054
        25             55              0        1.341270E+01   0.000000E+00          1.0153      Mn055
        26             54              0        2.155960E+00   0.000000E+00          0.9374      Fe054
        26             56              0        2.604650E+00   0.000000E+00          1.0057      Fe056
        26             57              0        2.462410E+00   0.000000E+00          0.9929      Fe057
        26             58              0        1.272000E+00   0.000000E+00          0.9822      Fe058
        27             59              0        3.663660E+01   0.000000E+00          0.9662      Co059
        28             58              0        4.225350E+00   0.000000E+00          0.9625      Ni058
        28             60              0        2.763730E+00   0.000000E+00          1.1281      Ni060
        28             61              0        2.498450E+00   0.000000E+00          1.1897      Ni061
        28             62              0        1.441420E+01   0.000000E+00          0.9674      Ni062
        28             64              0        1.517950E+00   0.000000E+00          0.9359      Ni064
        29             63              0        4.469380E+00   0.000000E+00          0.9670      Cu063
        29             65              0        2.148740E+00   0.000000E+00          1.0809      Cu065
        30             64              0        7.872370E-01   0.000000E+00          1.0610      Zn064
        30             66              0        6.178600E-01   0.000000E+00          0.9965      Zn066
        30             67              0        7.469650E+00   0.000000E+00          0.9960      Zn067
        30             68              0        1.065180E+00   0.000000E+00          0.9955      Zn068
        30             70              0        9.171740E-02   0.000000E+00          0.9969      Zn070
        31             69              0        2.207590E+00   0.000000E+00          1.1498      Ga069
        31             71              0        4.730450E+00   0.000000E+00          1.0239      Ga071
        32             70              0        3.170340E+00   0.000000E+00          1.0395      Ge070
        32             72              0        9.501860E-01   0.000000E+00          1.0676      Ge072
        32             73              0        1.440110E+01   0.000000E+00          0.9797      Ge073
        32             74              0        5.301890E-01   0.000000E+00          1.0604      Ge074
        32             76              0        1.400690E-01   0.000000E+00          0.9037      Ge076
        33             75              0        4.230400E+00   0.000000E+00          1.0977      As075
        34             74              0        5.180170E+01   0.000000E+00          0.9614      Se074
        34             76              0        8.499980E+01   0.000000E+00          1.0059      Se076
        34             77              0        4.199910E+01   0.000000E+00          1.0120      Se077
        34             78              0        4.300450E-01   0.000000E+00          1.0001      Se078
        34             79              0        5.000180E+01   0.000000E+00          1.0000      Se079
        34             80              0        6.100630E-01   0.000000E+00          1.0288      Se080
        34             82              0        4.441730E-02   0.000000E+00          1.0095      Se082
        36             83              0        1.924700E+02   0.000000E+00          0.9770      Kr083
        36             84              0        1.100050E-01   0.000000E+00          1.0000      Kr084
        36             85              0        1.660060E+00   0.000000E+00          1.0000      Kr085
        36             86              0        3.080330E-03   0.000000E+00          1.0268      Kr086
        37             85              0        4.800540E-01   0.000000E+00          0.9563      Rb085
        37             87              0        1.200150E-01   0.000000E+00          1.1766      Rb087
        38             88              0        8.686600E-03   0.000000E+00          1.5794      Sr088
        38             89              0        4.200150E-01   0.000000E+00          1.0000      Sr089
        38             90              0        1.529680E-02   0.000000E+00          1.4708      Sr090
        39             89              0        1.281860E+00   0.000000E+00          1.0015      Y089
        40             90              0        1.112530E-02   0.000000E+00          0.7947      Zr090
        40             91              0        1.247520E+00   0.000000E+00          0.9596      Zr091
        40             92              0        2.291980E-01   0.000000E+00          1.7496      Zr092
        40             93              0        2.239150E+00   0.000000E+00          3.2451      Zr093
        40             94              0        4.981430E-02   0.000000E+00          0.9768      Zr094
        40             96              0        2.280460E-02   0.000000E+00          1.1070      Zr096
        41             93              0        1.142130E+00   0.000000E+00          0.9932      Nb093
        42             92              0        2.075480E-02   0.000000E+00          0.2594      Mo092
        42             94              0        3.403200E-01   0.000000E+00          1.0009      Mo094
        42             95              0        1.356510E+01   0.000000E+00          1.0123      Mo095
        42             96              0        5.954650E-01   0.000000E+00          1.0827      Mo096
        42             97              0        2.196450E+00   0.000000E+00          0.9984      Mo097
        42             98              0        1.299930E-01   0.000000E+00          0.9961      Mo098
        42            100              0        1.990490E-01   0.000000E+00          1.0313      Mo100
        43             99              0        1.964350E+01   0.000000E+00          0.8616      Tc099
        44             99              0        7.122140E+00   0.000000E+00          0.9824      Ru099
        44            100              0        5.022420E+00   0.000000E+00          0.8659      Ru100
        44            101              0        3.413710E+00   0.000000E+00          0.6565      Ru101
        44            102              0        1.269930E+00   0.000000E+00          1.1024      Ru102
        44            103              0        1.171810E+00   0.000000E+00          0.9765      Ru103
        44            104              0        4.715690E-01   0.000000E+00          0.9357      Ru104
        45            103              0        1.466890E+02   0.000000E+00          0.8603      Rh103
        45            105              0        1.582920E+04   0.000000E+00          0.9893      Rh105
        46            105              0        2.101850E+01   0.000000E+00          1.0009      Pd105
        46            108              0        8.478780E+00   0.000000E+00          0.9505      Pd108
        47            107              0        3.862100E+01   0.000000E+00          1.1909      Ag107
        47            109              0        9.054800E+01   0.000000E+00          1.1775      Ag109
        48            113              0        2.071830E+04   0.000000E+00          1.0275      Cd113
        49            113              0        1.207140E+01   0.000000E+00          1.0059      In113
        49            115              0        2.010830E+02   0.000000E+00          0.9955      In115
        50            112              0        1.009120E+00   0.000000E+00          1.8653      Sn112
        50            114              0        1.252870E-01   0.000000E+00          0.9637      Sn114
        50            115              0        2.984790E+01   0.000000E+00          0.6941      Sn115
        50            116              0        1.277180E-01   0.000000E+00          0.9901      Sn116
        50            117              0        2.173380E+00   0.000000E+00          2.0312      Sn117
        50            118              0        2.178560E-01   0.000000E+00          0.9903      Sn118
        50            119              0        2.176180E+00   0.000000E+00          0.9937      Sn119
        50            120              0        1.392270E-01   0.000000E+00          0.9805      Sn120
        50            122              0        1.836910E-01   0.000000E+00          1.2573      Sn122
        50            124              0        1.354730E-01   0.000000E+00          1.0110      Sn124
        50            126              0        9.003500E-02   0.000000E+00          0.1526      Sn126
        51            121              0        5.991980E+00   0.000000E+00          0.9496      Sb121
        51            123              0        4.197120E+00   0.000000E+00          1.0307      Sb123
        51            124              0        1.827570E+01   0.000000E+00          1.0503      Sb124
        52            130              0        1.952060E-01   0.000000E+00          1.0011      Te130
        53            127              0        6.200180E+00   0.000000E+00          1.1486      I127
        53            129              0        2.699950E+01   0.000000E+00          0.8911      I129
        54            124              0        1.501490E+02   0.000000E+00          1.0010      Xe124
        54            129              0        2.198890E+01   0.000000E+00          1.0471      Xe129
        54            131              0        1.011590E+02   0.000000E+00          1.0877      Xe131
        54            132              0        4.447760E-01   0.000000E+00          0.9884      Xe132
        54            134              0        2.648430E-01   0.000000E+00          0.9994      Xe134
        54            136              0        2.606910E-01   0.000000E+00          1.0027      Xe136
        55            133              0        2.899820E+01   0.000000E+00          0.9618      Cs133
        55            134              0        1.396650E+02   0.000000E+00          0.9933      Cs134
        55            135              0        8.701480E+00   0.000000E+00          1.0002      Cs135
        56            130              0        8.677530E+00   0.000000E+00          1.0943      Ba130
        56            132              0        6.506250E+00   0.000000E+00          0.7934      Ba132
        56            134              0        2.002040E+00   0.000000E+00          1.3347      Ba134
        56            135              0        5.606080E+00   0.000000E+00          0.9666      Ba135
        56            136              0        6.803290E-01   0.000000E+00          1.0005      Ba136
        56            137              0        3.800460E+00   0.000000E+00          1.0557      Ba137
        56            138              0        4.102210E-01   0.000000E+00          1.0129      Ba138
        57            139              0        9.039570E+00   0.000000E+00          0.9733      La139
        58            136              0        7.455460E+00   0.000000E+00          1.7542      Ce136
        58            138              0        1.115250E+00   0.000000E+00          1.0828      Ce138
        58            140              0        5.701810E-01   0.000000E+00          0.9916      Ce140
        58            141              0        2.901390E+01   0.000000E+00          1.0005      Ce141
        58            142              0        9.610160E-01   0.000000E+00          0.9907      Ce142
        58            144              0        1.000030E+00   0.000000E+00          1.0000      Ce144
        59            141              0        1.150520E+01   0.000000E+00          1.0182      Pr141
        60            142              0        1.870020E+01   0.000000E+00          1.0000      Nd142
        60            143              0        3.230430E+02   0.000000E+00          0.9940      Nd143
        60            144              0        3.602980E+00   0.000000E+00          1.0008      Nd144
        60            145              0        4.384260E+01   0.000000E+00          1.0389      Nd145
        60            146              0        1.399510E+00   0.000000E+00          1.0765      Nd146
        60            147              0        4.399580E+02   0.000000E+00          1.8332      Nd147
        60            148              0        2.581240E+00   0.000000E+00          1.0450      Nd148
        60            150              0        1.030720E+00   0.000000E+00          0.9911      Nd150
        61            147              0        1.676970E+02   0.000000E+00          0.9958      Pm147
        61            148              0        2.103030E+03   0.000000E+00          1.0515      Pm148
        61            148              1        1.066810E+04   0.000000E+00          0.9698      Pm148m
        62            144              0        1.640360E+00   0.000000E+00          1.0002      Sm144
        62            147              0        5.800360E+01   0.000000E+00          1.0176      Sm147
        62            148              0        2.413160E+00   0.000000E+00          1.0055      Sm148
        62            149              0        4.052440E+04   0.000000E+00          1.0096      Sm149
        62            150              0        1.085660E+02   0.000000E+00          1.1078      Sm150
        62            151              0        1.512410E+04   0.000000E+00          0.9989      Sm151
        62            152              0        2.066390E+02   0.000000E+00          1.0031      Sm152
        62            154              0        8.393660E+00   0.000000E+00          1.0880      Sm154
        63            151              0        9.182450E+03   0.000000E+00          0.9948      Eu151
        63            153              0        3.125640E+02   0.000000E+00          1.0083      Eu153
        63            154              0        1.352410E+03   0.000000E+00          1.0003      Eu154
        63            155              0        3.759460E+03   0.000000E+00          0.9518      Eu155
        64            152              0        1.055810E+03   0.000000E+00          1.3905      Gd152
        64            154              0        8.498100E+01   0.000000E+00          0.9998      Gd154
        64            155              0        6.072940E+04   0.000000E+00          1.0066      Gd155
        64            156              0        1.635320E+00   0.000000E+00          0.9085      Gd156
        64            157              0        2.536340E+05   0.000000E+00          0.9986      Gd157
        64            158              0        2.496490E+00   0.000000E+00          1.1426      Gd158
        64            160              0        7.961670E-01   0.000000E+00          0.5107      Gd160
        66            164              0        2.650220E+03   0.000000E+00          1.0463      Dy164
        67            165              0        6.467800E+01   0.000000E+00          1.0972      Ho165
        72            174              0        5.616210E+02   0.000000E+00          0.9750      Hf174
        72            176              0        1.376000E+01   0.000000E+00          0.5855      Hf176
        72            177              0        3.735870E+02   0.000000E+00          0.9989      Hf177
        72            178              0        8.403330E+01   0.000000E+00          1.0088      Hf178
        72            179              0        4.358520E+01   0.000000E+00          1.0631      Hf179
        72            180              0        1.301060E+01   0.000000E+00          0.9857      Hf180
        73            181              0        2.067360E+01   0.000000E+00          1.0184      Ta181
        74            180              0        3.761180E+01   0.000000E+00          1.6866      W180
        74            182              0        1.986590E+01   0.000000E+00          0.9983      W182
        74            183              0        1.040190E+01   0.000000E+00          1.0002      W183
        74            184              0        1.697740E+00   0.000000E+00          0.9814      W184
        74            186              0        3.809070E+01   0.000000E+00          1.0987      W186
        79            197              0        9.871810E+01   0.000000E+00          1.0007      Au197
        82            204              0        6.606740E-01   0.000000E+00          0.9398      Pb204
        82            206              0        2.978740E-02   0.000000E+00          1.0676      Pb206
        82            207              0        7.119540E-01   0.000000E+00          1.1004      Pb207
        82            208              0        2.498850E-04   0.000000E+00          1.0865      Pb208
        83            209              0        3.380810E-02   0.000000E+00          0.8537      Bi209
        90            232              0        7.336650E+00   0.000000E+00          0.9994      Th232
        92            232              0        7.517750E+01   0.000000E+00          1.0037      U232
        92            233              0        4.524890E+01   0.000000E+00          0.9901      U233
        92            234              0        9.974020E+01   0.000000E+00          0.9731      U234
        92            235              0        9.935520E+01   0.000000E+00          1.0056      U235
        92            236              0        5.132710E+00   0.000000E+00          1.0084      U236
        92            237              0        4.522180E+02   0.000000E+00          1.0208      U237
        92            238              0        2.683020E+00   0.000000E+00          1.0049      U238
        93            236              0        1.798060E+02   0.000000E+00          1.4860      Np236
        93            237              0        1.603320E+02   0.000000E+00          0.8967      Np237
        93            238              0        2.235370E+02   0.000000E+00          0.4667      Np238
        93            239              0        4.500150E+01   0.000000E+00          0.6618      Np239
        94            236              0        3.122320E+01   0.000000E+00          1.9637      Pu236
        94            238              0        5.607400E+02   0.000000E+00          1.1082      Pu238
        94            239              0        2.703440E+02   0.000000E+00          1.0039      Pu239
        94            240              0        3.016790E+02   0.000000E+00          1.0421      Pu240
        94            241              0        3.614050E+02   0.000000E+00          0.9981      Pu241
        94            242              0        1.916060E+01   0.000000E+00          0.9677      Pu242
        94            244              0        1.829910E+00   0.000000E+00          1.0764      Pu244
        95            241              0        6.185780E+02   0.000000E+00          0.8591      Am241
        95            242              1        1.230660E+03   0.000000E+00          0.9540      Am242m
        95            243              0        7.671850E+01   0.000000E+00          1.0216      Am243
        97            249              0        7.453250E+02   0.000000E+00          0.9991      Bk249
        98            249              0        4.964530E+02   0.000000E+00          0.9989      Cf249
