# header: 
#   title: (n,g) thermal cross section for endfb8.1
#   source: Resonancetables
#   date: 2025-10-02
# reaction: 
#   type: (n,g)
# quantity: 
#   type: thermal cross section
# datablock: 
#   columns: 7
#   entries: 392
##       Z              A            Liso           Value         dValue          Ratio         Nuclide
##      []             []             []             [b]            [b]            []             [%]
         1              1              0        3.325840E-01   0.000000E+00          1.0000      H001
         1              2              0        5.057020E-04   0.000000E+00          1.0216      H002
         2              3              0        5.498430E-05   0.000000E+00          0.9997      He003
         3              6              0        3.850000E-02   0.000000E+00          0.9796      Li006
         3              7              0        4.540170E-02   0.000000E+00          1.0272      Li007
         4              9              0        8.373060E-03   0.000000E+00          1.0125      Be009
         5             10              0        3.960570E-01   0.000000E+00          1.0052      B010
         5             11              0        5.500000E-03   0.000000E+00          0.6111      B011
         6             12              0        3.860420E-03   0.000000E+00          0.9975      C012
         6             13              0        1.500270E-03   0.000000E+00          0.9870      C013
         7             14              0        7.499080E-02   0.000000E+00          0.9362      N014
         7             15              0        2.400970E-05   0.000000E+00          1.0004      N015
         8             16              0        1.698420E-04   0.000000E+00          0.9817      O016
         8             17              0        3.828600E-03   0.000000E+00          7.0900      O017
         8             18              0        1.600020E-04   0.000000E+00          1.0667      O018
         9             19              0        9.572930E-03   0.000000E+00          1.0451      F019
        10             20              0        3.687360E-02   0.000000E+00          0.9966      Ne020
        10             21              0        6.659190E-01   0.000000E+00          0.9999      Ne021
        10             22              0        4.549420E-02   0.000000E+00          0.8633      Ne022
        11             22              0        2.520860E+02   0.000000E+00          1.0003      Na022
        11             23              0        5.279960E-01   0.000000E+00          1.0292      Na023
        12             24              0        5.028890E-02   0.000000E+00          0.9347      Mg024
        12             25              0        1.903710E-01   0.000000E+00          0.9566      Mg025
        12             26              0        3.830910E-02   0.000000E+00          1.0326      Mg026
        13             27              0        2.334600E-01   0.000000E+00          1.0330      Al027
        14             28              0        1.861930E-01   0.000000E+00          1.0519      Si028
        14             29              0        1.190280E-01   0.000000E+00          1.0002      Si029
        14             30              0        1.074900E-01   0.000000E+00          0.9437      Si030
        15             31              0        1.693600E-01   0.000000E+00          1.0202      P031
        16             32              0        5.281960E-01   0.000000E+00          1.0197      S032
        16             33              0        3.500490E-01   0.000000E+00          0.7710      S033
        16             34              0        2.236010E-01   0.000000E+00          0.8734      S034
        16             36              0        1.504550E-01   0.000000E+00          0.4702      S036
        17             35              0        4.360090E+01   0.000000E+00          1.0000      Cl035
        17             36              0        9.993730E+00   0.000000E+00          0.9994      Cl036
        17             37              0        4.330710E-01   0.000000E+00          1.0361      Cl037
        18             36              0        5.043900E+00   0.000000E+00          0.9700      Ar036
        18             38              0        8.027830E-01   0.000000E+00          1.0035      Ar038
        18             40              0        6.600030E-01   0.000000E+00          1.0264      Ar040
        19             39              0        2.126920E+00   0.000000E+00          1.0128      K039
        19             40              0        3.000060E+01   0.000000E+00          0.7895      K040
        19             41              0        1.460670E+00   0.000000E+00          1.0053      K041
        20             40              0        4.099840E-01   0.000000E+00          1.0000      Ca040
        20             42              0        6.830320E-01   0.000000E+00          1.0045      Ca042
        20             43              0        1.166290E+01   0.000000E+00          1.8811      Ca043
        20             44              0        8.884260E-01   0.000000E+00          1.0096      Ca044
        20             46              0        7.403940E-01   0.000000E+00          1.0283      Ca046
        20             48              0        1.092800E+00   0.000000E+00          0.9561      Ca048
        21             45              0        2.715770E+01   0.000000E+00          1.0338      Sc045
        22             46              0        5.896730E-01   0.000000E+00          0.9994      Ti046
        22             47              0        1.626120E+00   0.000000E+00          0.9976      Ti047
        22             48              0        8.315790E+00   0.000000E+00          0.9995      Ti048
        22             49              0        1.862330E+00   0.000000E+00          0.9959      Ti049
        22             50              0        1.795120E-01   0.000000E+00          1.0085      Ti050
        23             50              0        4.467460E+01   0.000000E+00          1.0950      V050
        23             51              0        4.912950E+00   0.000000E+00          1.0248      V051
        24             50              0        1.526580E+01   0.000000E+00          1.0057      Cr050
        24             52              0        8.539500E-01   0.000000E+00          0.9930      Cr052
        24             53              0        1.939490E+01   0.000000E+00          1.0427      Cr053
        24             54              0        4.111230E-01   0.000000E+00          1.0027      Cr054
        25             54              0        3.779320E+01   0.000000E+00          0.9946      Mn054
        25             55              0        1.327500E+01   0.000000E+00          1.0049      Mn055
        26             54              0        2.253320E+00   0.000000E+00          0.9797      Fe054
        26             55              0        1.297970E+01   0.000000E+00          0.9984      Fe055
        26             56              0        2.576810E+00   0.000000E+00          0.9949      Fe056
        26             57              0        2.481110E+00   0.000000E+00          1.0004      Fe057
        26             58              0        1.314490E+00   0.000000E+00          1.0151      Fe058
        27             58              0        1.855390E+03   0.000000E+00          0.9765      Co058
        27             59              0        3.717260E+01   0.000000E+00          0.9803      Co059
        28             58              0        4.225350E+00   0.000000E+00          0.9625      Ni058
        28             59              0        7.557750E+01   0.000000E+00          1.0255      Ni059
        28             60              0        2.400250E+00   0.000000E+00          0.9797      Ni060
        28             61              0        2.508910E+00   0.000000E+00          1.1947      Ni061
        28             62              0        1.490000E+01   0.000000E+00          1.0000      Ni062
        28             63              0        2.431230E+01   0.000000E+00          1.0005      Ni063
        28             64              0        1.480010E+00   0.000000E+00          0.9125      Ni064
        29             63              0        4.480730E+00   0.000000E+00          0.9694      Cu063
        29             65              0        2.145500E+00   0.000000E+00          1.0792      Cu065
        30             64              0        7.872370E-01   0.000000E+00          1.0610      Zn064
        30             65              0        6.400230E+01   0.000000E+00          0.9697      Zn065
        30             66              0        6.178600E-01   0.000000E+00          0.9965      Zn066
        30             67              0        7.469650E+00   0.000000E+00          0.9960      Zn067
        30             68              0        1.065180E+00   0.000000E+00          0.9955      Zn068
        30             70              0        9.171740E-02   0.000000E+00          0.9969      Zn070
        31             69              0        1.730190E+00   0.000000E+00          0.9011      Ga069
        31             71              0        4.730450E+00   0.000000E+00          1.0239      Ga071
        32             70              0        3.051920E+00   0.000000E+00          1.0006      Ge070
        32             72              0        8.858040E-01   0.000000E+00          0.9953      Ge072
        32             73              0        1.470060E+01   0.000000E+00          1.0000      Ge073
        32             74              0        5.189210E-01   0.000000E+00          1.0378      Ge074
        32             76              0        1.546130E-01   0.000000E+00          0.9975      Ge076
        33             75              0        4.500460E+00   0.000000E+00          1.1677      As075
        34             74              0        5.180170E+01   0.000000E+00          0.9614      Se074
        34             76              0        8.499980E+01   0.000000E+00          1.0059      Se076
        34             77              0        4.199910E+01   0.000000E+00          1.0120      Se077
        34             78              0        4.300450E-01   0.000000E+00          1.0001      Se078
        34             79              0        5.000180E+01   0.000000E+00          1.0000      Se079
        34             80              0        6.100630E-01   0.000000E+00          1.0288      Se080
        34             82              0        4.441730E-02   0.000000E+00          1.0095      Se082
        35             79              0        1.100010E+01   0.000000E+00          1.0659      Br079
        35             81              0        2.364570E+00   0.000000E+00          0.9130      Br081
        36             78              0        4.731400E+00   0.000000E+00          1.0045      Kr078
        36             80              0        1.150000E+01   0.000000E+00          1.0000      Kr080
        36             82              0        1.916120E+01   0.000000E+00          1.0085      Kr082
        36             83              0        1.981270E+02   0.000000E+00          1.0057      Kr083
        36             84              0        1.100050E-01   0.000000E+00          1.0000      Kr084
        36             85              0        1.662560E+00   0.000000E+00          1.0015      Kr085
        36             86              0        3.025930E-03   0.000000E+00          1.0086      Kr086
        37             85              0        4.934920E-01   0.000000E+00          0.9831      Rb085
        37             86              0        1.562440E+00   0.000000E+00          0.0781      Rb086
        37             87              0        1.200150E-01   0.000000E+00          1.1766      Rb087
        38             84              0        8.220270E-01   0.000000E+00          1.1513      Sr084
        38             86              0        1.005320E+00   0.000000E+00          0.9667      Sr086
        38             87              0        1.600320E+01   0.000000E+00          0.9583      Sr087
        38             89              0        4.200150E-01   0.000000E+00          1.0000      Sr089
        38             90              0        1.500050E-02   0.000000E+00          1.4424      Sr090
        39             89              0        1.278420E+00   0.000000E+00          0.9988      Y089
        40             90              0        1.024560E-02   0.000000E+00          0.7318      Zr090
        40             91              0        1.205220E+00   0.000000E+00          0.9271      Zr091
        40             92              0        2.263610E-01   0.000000E+00          1.7279      Zr092
        40             93              0        6.949740E-01   0.000000E+00          1.0072      Zr093
        40             94              0        4.994990E-02   0.000000E+00          0.9794      Zr094
        40             96              0        2.031180E-02   0.000000E+00          0.9860      Zr096
        41             93              0        1.142130E+00   0.000000E+00          0.9932      Nb093
        41             94              0        1.576510E+01   0.000000E+00          0.9978      Nb094
        41             95              0        7.000250E+00   0.000000E+00          1.0000      Nb095
        42             92              0        7.987020E-02   0.000000E+00          0.9984      Mo092
        42             94              0        3.403200E-01   0.000000E+00          1.0009      Mo094
        42             95              0        1.339230E+01   0.000000E+00          0.9994      Mo095
        42             96              0        5.954650E-01   0.000000E+00          1.0827      Mo096
        42             97              0        2.196450E+00   0.000000E+00          0.9984      Mo097
        42             98              0        1.299930E-01   0.000000E+00          0.9961      Mo098
        42            100              0        1.990490E-01   0.000000E+00          1.0313      Mo100
        43             98              0        9.269360E-01   0.000000E+00          0.9967      Tc098
        43             99              0        2.000440E+01   0.000000E+00          0.8774      Tc099
        44             96              0        2.900110E-01   0.000000E+00          1.2626      Ru096
        44             99              0        7.309320E+00   0.000000E+00          1.0082      Ru099
        44            100              0        5.790830E+00   0.000000E+00          0.9984      Ru100
        44            101              0        5.224440E+00   0.000000E+00          1.0047      Ru101
        44            102              0        1.269930E+00   0.000000E+00          1.1024      Ru102
        44            103              0        1.171810E+00   0.000000E+00          0.9765      Ru103
        44            104              0        4.715690E-01   0.000000E+00          0.9357      Ru104
        44            106              0        1.460050E-01   0.000000E+00          1.0000      Ru106
        45            103              0        1.426800E+02   0.000000E+00          0.8368      Rh103
        45            105              0        1.600040E+04   0.000000E+00          1.0000      Rh105
        46            102              0        1.821490E+00   0.000000E+00          1.0008      Pd102
        46            104              0        6.486450E-01   0.000000E+00          0.9979      Pd104
        46            105              0        2.087490E+01   0.000000E+00          0.9940      Pd105
        46            106              0        3.082310E-01   0.000000E+00          1.0106      Pd106
        46            107              0        2.007820E+00   0.000000E+00          0.2113      Pd107
        46            108              0        8.478780E+00   0.000000E+00          0.9505      Pd108
        46            110              0        2.290280E-01   0.000000E+00          0.7634      Pd110
        47            107              0        3.746450E+01   0.000000E+00          1.1552      Ag107
        47            109              0        9.024230E+01   0.000000E+00          1.1735      Ag109
        47            110              1        8.230010E+01   0.000000E+00          1.0037      Ag110m
        47            111              0        2.998770E+00   0.000000E+00          0.9996      Ag111
        48            106              0        9.857940E-01   0.000000E+00          0.9998      Cd106
        48            108              0        9.057670E-01   0.000000E+00          0.9997      Cd108
        48            109              0        5.266840E+02   0.000000E+00          0.7524      Cd109
        48            110              0        1.099820E+01   0.000000E+00          0.9998      Cd110
        48            111              0        6.866310E+00   0.000000E+00          0.9951      Cd111
        48            112              0        2.198140E+00   0.000000E+00          1.0001      Cd112
        48            113              0        1.995930E+04   0.000000E+00          0.9899      Cd113
        48            114              0        3.053990E-01   0.000000E+00          1.0013      Cd114
        48            116              0        7.617010E-02   0.000000E+00          1.0022      Cd116
        49            113              0        1.208360E+01   0.000000E+00          1.0070      In113
        49            115              0        2.022240E+02   0.000000E+00          1.0011      In115
        50            112              0        8.501610E-01   0.000000E+00          1.5715      Sn112
        50            113              0        8.866020E+00   0.000000E+00          1.0075      Sn113
        50            114              0        1.252890E-01   0.000000E+00          0.9638      Sn114
        50            115              0        5.799820E+01   0.000000E+00          1.3488      Sn115
        50            116              0        1.276790E-01   0.000000E+00          0.9898      Sn116
        50            117              0        1.070620E+00   0.000000E+00          1.0006      Sn117
        50            118              0        2.197940E-01   0.000000E+00          0.9991      Sn118
        50            119              0        2.175710E+00   0.000000E+00          0.9935      Sn119
        50            120              0        1.395320E-01   0.000000E+00          0.9826      Sn120
        50            122              0        1.461110E-01   0.000000E+00          1.0001      Sn122
        50            124              0        1.365910E-01   0.000000E+00          1.0193      Sn124
        50            126              0        9.003500E-02   0.000000E+00          0.1526      Sn126
        51            121              0        5.771270E+00   0.000000E+00          0.9146      Sb121
        51            123              0        3.874110E+00   0.000000E+00          0.9514      Sb123
        51            124              0        1.740060E+01   0.000000E+00          1.0000      Sb124
        52            120              0        2.340080E+00   0.000000E+00          1.0000      Te120
        52            122              0        4.007280E+00   0.000000E+00          1.0275      Te122
        52            123              0        4.181880E+02   0.000000E+00          0.9725      Te123
        52            124              0        6.322890E+00   0.000000E+00          1.0036      Te124
        52            125              0        1.286640E+00   0.000000E+00          0.9974      Te125
        52            126              0        4.422050E-01   0.000000E+00          1.1606      Te126
        52            127              1        3.380110E+03   0.000000E+00          1.0000      Te127m
        52            128              0        1.999540E-01   0.000000E+00          0.9998      Te128
        52            130              0        1.952060E-01   0.000000E+00          1.0011      Te130
        53            127              0        6.144740E+00   0.000000E+00          1.1383      I127
        53            129              0        3.040270E+01   0.000000E+00          1.0034      I129
        54            124              0        1.483490E+02   0.000000E+00          0.9890      Xe124
        54            126              0        3.486890E+00   0.000000E+00          1.4117      Xe126
        54            128              0        5.191470E+00   0.000000E+00          1.4833      Xe128
        54            129              0        2.100000E+01   0.000000E+00          1.0000      Xe129
        54            130              0        4.777620E+00   0.000000E+00          1.3650      Xe130
        54            131              0        9.000930E+01   0.000000E+00          0.9678      Xe131
        54            132              0        4.505860E-01   0.000000E+00          1.0013      Xe132
        54            134              0        2.648430E-01   0.000000E+00          0.9994      Xe134
        54            136              0        2.606910E-01   0.000000E+00          1.0027      Xe136
        55            133              0        2.904620E+01   0.000000E+00          0.9634      Cs133
        55            134              0        1.405940E+02   0.000000E+00          1.0000      Cs134
        55            135              0        8.660230E+00   0.000000E+00          0.9954      Cs135
        56            130              0        8.677530E+00   0.000000E+00          1.0943      Ba130
        56            132              0        6.530230E+00   0.000000E+00          0.7964      Ba132
        56            133              0        2.813080E+00   0.000000E+00          1.0047      Ba133
        56            134              0        1.500730E+00   0.000000E+00          1.0005      Ba134
        56            135              0        5.870220E+00   0.000000E+00          1.0121      Ba135
        56            136              0        6.794120E-01   0.000000E+00          0.9991      Ba136
        56            137              0        3.600330E+00   0.000000E+00          1.0001      Ba137
        56            138              0        4.034450E-01   0.000000E+00          0.9962      Ba138
        56            140              0        1.594530E+00   0.000000E+00          0.9966      Ba140
        57            138              0        5.708640E+01   0.000000E+00          0.9980      La138
        57            139              0        9.039580E+00   0.000000E+00          0.9733      La139
        57            140              0        2.703050E+00   0.000000E+00          1.0011      La140
        58            136              0        7.455460E+00   0.000000E+00          1.7542      Ce136
        58            138              0        1.036940E+00   0.000000E+00          1.0067      Ce138
        58            140              0        4.636640E-01   0.000000E+00          0.8064      Ce140
        58            141              0        2.900270E+01   0.000000E+00          1.0001      Ce141
        58            142              0        9.747140E-01   0.000000E+00          1.0049      Ce142
        58            143              0        6.001290E+00   0.000000E+00          1.0002      Ce143
        58            144              0        1.000030E+00   0.000000E+00          1.0000      Ce144
        59            141              0        1.150640E+01   0.000000E+00          1.0183      Pr141
        59            143              0        8.986620E+01   0.000000E+00          0.9985      Pr143
        60            142              0        1.869470E+01   0.000000E+00          0.9997      Nd142
        60            143              0        3.251300E+02   0.000000E+00          1.0004      Nd143
        60            144              0        3.593900E+00   0.000000E+00          0.9983      Nd144
        60            145              0        4.199290E+01   0.000000E+00          0.9951      Nd145
        60            146              0        1.489460E+00   0.000000E+00          1.1457      Nd146
        60            147              0        4.405410E+02   0.000000E+00          1.8356      Nd147
        60            148              0        2.584010E+00   0.000000E+00          1.0462      Nd148
        60            150              0        1.040680E+00   0.000000E+00          1.0007      Nd150
        61            147              0        1.676970E+02   0.000000E+00          0.9958      Pm147
        61            148              0        2.000070E+03   0.000000E+00          1.0000      Pm148
        61            148              1        9.847720E+03   0.000000E+00          0.8952      Pm148m
        62            144              0        1.630250E+00   0.000000E+00          0.9941      Sm144
        62            145              0        2.787370E+02   0.000000E+00          0.9955      Sm145
        62            147              0        5.698670E+01   0.000000E+00          0.9998      Sm147
        62            148              0        2.400430E+00   0.000000E+00          1.0002      Sm148
        62            149              0        4.050760E+04   0.000000E+00          1.0092      Sm149
        62            150              0        9.999520E+01   0.000000E+00          1.0204      Sm150
        62            151              0        1.513820E+04   0.000000E+00          0.9999      Sm151
        62            152              0        2.059450E+02   0.000000E+00          0.9997      Sm152
        62            154              0        8.323590E+00   0.000000E+00          1.0789      Sm154
        63            151              0        9.182450E+03   0.000000E+00          0.9948      Eu151
        63            152              0        1.279280E+04   0.000000E+00          1.0018      Eu152
        63            153              0        3.579030E+02   0.000000E+00          1.1545      Eu153
        63            154              0        1.468980E+03   0.000000E+00          1.0159      Eu154
        63            155              0        3.759460E+03   0.000000E+00          0.9518      Eu155
        64            152              0        7.349730E+02   0.000000E+00          0.9680      Gd152
        64            153              0        2.233680E+04   0.000000E+00          0.9945      Gd153
        64            154              0        8.517500E+01   0.000000E+00          1.0021      Gd154
        64            155              0        6.072900E+04   0.000000E+00          1.0066      Gd155
        64            156              0        1.794860E+00   0.000000E+00          0.9971      Gd156
        64            157              0        2.528890E+05   0.000000E+00          0.9956      Gd157
        64            158              0        2.202330E+00   0.000000E+00          1.0079      Gd158
        64            160              0        1.410090E+00   0.000000E+00          0.9045      Gd160
        65            158              0        8.136060E+03   0.000000E+00         16.2721      Tb158
        65            159              0        2.335300E+01   0.000000E+00          0.9739      Tb159
        65            160              0        3.338480E+02   0.000000E+00          0.9995      Tb160
        66            156              0        3.305690E+01   0.000000E+00          1.0017      Dy156
        66            158              0        4.307010E+01   0.000000E+00          1.0016      Dy158
        66            160              0        5.500350E+01   0.000000E+00          1.0001      Dy160
        66            161              0        6.048830E+02   0.000000E+00          1.0081      Dy161
        66            162              0        1.946700E+02   0.000000E+00          1.0035      Dy162
        66            163              0        1.249170E+02   0.000000E+00          0.9322      Dy163
        66            164              0        2.649370E+03   0.000000E+00          1.0459      Dy164
        67            165              0        6.467800E+01   0.000000E+00          1.0972      Ho165
        67            166              1        3.607700E+03   0.000000E+00          0.3347      Ho166m
        68            162              0        1.891210E+01   0.000000E+00          0.9954      Er162
        68            164              0        1.295170E+01   0.000000E+00          0.9963      Er164
        68            166              0        1.687190E+01   0.000000E+00          0.9983      Er166
        68            167              0        6.496570E+02   0.000000E+00          1.0010      Er167
        68            168              0        2.741600E+00   0.000000E+00          1.0006      Er168
        68            170              0        8.851840E+00   0.000000E+00          0.9868      Er170
        69            169              0        1.050150E+02   0.000000E+00          0.9907      Tm169
        69            170              0        9.202880E+01   0.000000E+00          1.0003      Tm170
        69            171              0        1.891120E+02   0.000000E+00          1.1819      Tm171
        70            168              0        2.307250E+03   0.000000E+00          0.8036      Yb168
        70            169              0        3.597920E+03   0.000000E+00          0.9994      Yb169
        70            170              0        9.912500E+00   0.000000E+00          0.9718      Yb170
        70            171              0        5.829870E+01   0.000000E+00          0.9915      Yb171
        70            172              0        1.312540E+00   0.000000E+00          1.0096      Yb172
        70            173              0        1.549610E+01   0.000000E+00          0.9997      Yb173
        70            174              0        6.319490E+01   0.000000E+00          1.0162      Yb174
        70            176              0        2.822730E+00   0.000000E+00          0.9667      Yb176
        71            175              0        2.307430E+01   0.000000E+00          0.9903      Lu175
        71            176              0        2.096700E+03   0.000000E+00          0.9466      Lu176
        72            174              0        5.621740E+02   0.000000E+00          0.9760      Hf174
        72            176              0        2.213330E+01   0.000000E+00          0.9418      Hf176
        72            177              0        3.718820E+02   0.000000E+00          0.9943      Hf177
        72            178              0        8.392230E+01   0.000000E+00          1.0075      Hf178
        72            179              0        4.049180E+01   0.000000E+00          0.9876      Hf179
        72            180              0        1.292020E+01   0.000000E+00          0.9788      Hf180
        72            182              0        1.330040E+02   0.000000E+00          1.0000      Hf182
        73            180              0        5.637650E+02   0.000000E+00          1.0014      Ta180
        73            181              0        2.086120E+01   0.000000E+00          1.0276      Ta181
        73            182              0        8.287090E+03   0.000000E+00          1.0106      Ta182
        74            180              0        2.964820E+01   0.000000E+00          1.3295      W180
        74            182              0        2.031070E+01   0.000000E+00          1.0206      W182
        74            183              0        9.868740E+00   0.000000E+00          0.9489      W183
        74            184              0        1.634760E+00   0.000000E+00          0.9449      W184
        74            185              0        3.032320E+00   0.000000E+00          1.0108      W185
        74            186              0        3.788500E+01   0.000000E+00          1.0927      W186
        75            185              0        1.121510E+02   0.000000E+00          1.0013      Re185
        75            187              0        7.668820E+01   0.000000E+00          1.0252      Re187
        76            184              0        3.000100E+03   0.000000E+00          0.7990      Os184
        76            186              0        8.001420E+01   0.000000E+00          1.0002      Os186
        76            187              0        3.196390E+02   0.000000E+00          0.9989      Os187
        76            188              0        5.501850E+00   0.000000E+00          1.0003      Os188
        76            189              0        2.499690E+01   0.000000E+00          0.9999      Os189
        76            190              0        1.310550E+01   0.000000E+00          1.1914      Os190
        76            191              0        3.809560E+02   0.000000E+00          0.9947      Os191
        76            192              0        3.117000E+00   0.000000E+00          0.9771      Os192
        77            191              0        9.540950E+02   0.000000E+00          1.0001      Ir191
        77            192              0        1.585560E+03   0.000000E+00          1.0048      Ir192
        77            193              0        1.111440E+02   0.000000E+00          0.9371      Ir193
        78            190              0        1.531470E+02   0.000000E+00          1.0075      Pt190
        78            192              0        1.000130E+01   0.000000E+00          1.0001      Pt192
        78            194              0        1.434530E+00   0.000000E+00          0.9962      Pt194
        78            195              0        2.752150E+01   0.000000E+00          0.8994      Pt195
        78            196              0        5.723660E-01   0.000000E+00          0.9868      Pt196
        78            198              0        3.591490E+00   0.000000E+00          1.0657      Pt198
        79            197              0        9.868050E+01   0.000000E+00          1.0003      Au197
        80            196              0        3.077690E+03   0.000000E+00          0.9992      Hg196
        80            198              0        1.985540E+00   0.000000E+00          0.9978      Hg198
        80            199              0        2.149270E+03   0.000000E+00          0.9997      Hg199
        80            200              0        1.442910E+00   0.000000E+00          1.0307      Hg200
        80            201              0        4.903150E+00   0.000000E+00          1.0006      Hg201
        80            202              0        4.954460E+00   0.000000E+00          1.1418      Hg202
        80            204              0        4.314370E-01   0.000000E+00          0.9805      Hg204
        81            203              0        1.140740E+01   0.000000E+00          1.0006      Tl203
        81            204              0        2.150010E+01   0.000000E+00          0.9954      Tl204
        81            205              0        1.304840E-01   0.000000E+00          1.2547      Tl205
        82            204              0        6.608530E-01   0.000000E+00          0.9400      Pb204
        82            205              0        4.979740E+00   0.000000E+00          0.9959      Pb205
        82            206              0        2.652070E-02   0.000000E+00          0.9506      Pb206
        82            207              0        7.119450E-01   0.000000E+00          1.1004      Pb207
        82            208              0        2.348370E-04   0.000000E+00          1.0210      Pb208
        83            209              0        3.380810E-02   0.000000E+00          0.8537      Bi209
        83            210              1        5.379820E-02   0.000000E+00          0.9963      Bi210m
        84            210              0        1.493070E-02   0.000000E+00          0.4977      Po210
        88            226              0        1.278880E+01   0.000000E+00          0.9335      Ra226
        89            227              0        8.000060E+02   0.000000E+00          0.8989      Ac227
        90            228              0        1.228620E+02   0.000000E+00          0.9989      Th228
        90            229              0        7.054470E+01   0.000000E+00          1.1233      Th229
        90            230              0        2.340550E+01   0.000000E+00          1.0221      Th230
        90            232              0        7.336650E+00   0.000000E+00          0.9994      Th232
        91            231              0        2.006300E+02   0.000000E+00          1.0021      Pa231
        91            232              0        5.888070E+02   0.000000E+00          0.9980      Pa232
        91            233              0        4.250750E+01   0.000000E+00          1.0761      Pa233
        92            232              0        7.537130E+01   0.000000E+00          1.0063      U232
        92            233              0        4.407570E+01   0.000000E+00          0.9645      U233
        92            234              0        1.008840E+02   0.000000E+00          0.9842      U234
        92            235              0        9.940200E+01   0.000000E+00          1.0061      U235
        92            236              0        5.132710E+00   0.000000E+00          1.0084      U236
        92            237              0        4.522180E+02   0.000000E+00          1.0208      U237
        92            238              0        2.682820E+00   0.000000E+00          1.0048      U238
        93            235              0        1.550040E+02   0.000000E+00          1.0334      Np235
        93            236              0        1.212180E+02   0.000000E+00          1.0018      Np236
        93            237              0        1.753660E+02   0.000000E+00          0.9808      Np237
        93            238              0        4.793190E+02   0.000000E+00          1.0007      Np238
        93            239              0        4.500020E+01   0.000000E+00          0.6618      Np239
        94            236              0        2.755040E+01   0.000000E+00          1.7327      Pu236
        94            238              0        4.127180E+02   0.000000E+00          0.8156      Pu238
        94            239              0        2.703820E+02   0.000000E+00          1.0040      Pu239
        94            240              0        2.855980E+02   0.000000E+00          0.9865      Pu240
        94            241              0        3.638040E+02   0.000000E+00          1.0047      Pu241
        94            242              0        2.126360E+01   0.000000E+00          1.0739      Pu242
        94            244              0        1.709900E+00   0.000000E+00          1.0058      Pu244
        95            241              0        6.841050E+02   0.000000E+00          0.9501      Am241
        95            242              1        1.230660E+03   0.000000E+00          0.9540      Am242m
        95            243              0        8.040110E+01   0.000000E+00          1.0706      Am243
        96            242              0        1.912730E+01   0.000000E+00          1.0014      Cm242
        96            243              0        1.313410E+02   0.000000E+00          0.9435      Cm243
        96            244              0        1.522930E+01   0.000000E+00          0.9954      Cm244
        96            245              0        3.469060E+02   0.000000E+00          0.9401      Cm245
        96            246              0        1.178990E+00   0.000000E+00          0.9664      Cm246
        96            247              0        5.991390E+01   0.000000E+00          1.0511      Cm247
        96            248              0        2.871410E+00   0.000000E+00          1.0918      Cm248
        97            249              0        7.108370E+02   0.000000E+00          0.9529      Bk249
        98            249              0        5.063390E+02   0.000000E+00          1.0188      Cf249
        98            250              0        2.017180E+03   0.000000E+00          0.9917      Cf250
        98            251              0        2.863390E+03   0.000000E+00          1.0047      Cf251
        98            252              0        2.070690E+01   0.000000E+00          1.0200      Cf252
        98            253              0        1.999400E+01   0.000000E+00          1.1360      Cf253
        98            254              0        4.500660E+00   0.000000E+00          1.0001      Cf254
        99            253              0        1.838800E+02   0.000000E+00          0.9993      Es253
        99            254              0        2.830070E+01   0.000000E+00          1.0107      Es254
        99            254              1        2.500310E+02   0.000000E+00          0.1389      Es254m
