# header: 
#   title: (n,g) thermal cross section for Firestone-2022
#   source: Resonancetables
#   date: 2025-09-14
# reaction: 
#   type: (n,g)
# quantity: 
#   type: thermal cross section
# datablock: 
#   columns: 7
#   entries: 170
##       Z              A            Liso           Value         dValue          Ratio         Nuclide
##      []             []             []             [b]            [b]            []             [%]
         1              0              0        3.325000E-01   6.000000E-04          1.0000      H000
         3              0              0        7.116000E+01   2.400000E-01          1.0000      Li000
         4              0              0        8.830000E-03   2.200000E-04          1.0000      Be000
         5              0              0        7.623000E+02   5.000000E-01          1.0000      B000
         6              0              0        3.830000E-03   2.400000E-05          1.0000      C000
         7              0              0        1.940000E+00   3.000000E-02          1.0000      N000
         8              0              0        2.610000E-04   9.000000E-06          1.0000      O000
         9              0              0        9.510000E-03   9.000000E-05          1.0000      F000
        10              0              0        2.390000E-01   2.400000E-03          1.0000      Ne000
        11              0              0        5.200000E-01   3.000000E-03          1.0000      Na000
        12              0              0        6.580000E-02   1.100000E-03          1.0000      Mg000
        12             25              0        2.800000E-01   8.000000E-02          1.4070      Mg025
        13              0              0        2.345000E-01   1.700000E-03          1.0000      Al000
        14              0              0        1.710000E-01   4.000000E-03          1.0000      Si000
        15              0              0        1.650000E-01   3.000000E-03          1.0000      P000
        16              0              0        5.060000E-01   8.000000E-03          1.0000      S000
        17              0              0        3.336000E+01   2.000000E-01          1.0000      Cl000
        18              0              0        6.800000E-01   1.000000E-02          1.0000      Ar000
        19              0              0        2.230000E+00   4.000000E-02          1.0000      K000
        19             39              0        1.870000E+00   1.500000E-01          0.8905      K039
        19             40              0        6.600000E+01   2.000000E+01          1.7368      K040
        19             41              0        1.190000E+00   1.000000E-01          0.8190      K041
        20              0              0        4.320000E-01   1.200000E-02          1.0000      Ca000
        21              0              0        2.718000E+01   2.000000E-01          1.0000      Sc000
        22              0              0        6.350000E+00   1.100000E-01          1.0000      Ti000
        22             46              0        5.700000E-01   1.700000E-01          0.9661      Ti046
        22             47              0        1.600000E+00   3.000000E-01          0.9816      Ti047
        22             48              0        8.000000E+00   6.000000E-01          0.9615      Ti048
        22             49              0        1.800000E+00   4.000000E-01          0.9626      Ti049
        23              0              0        5.040000E+00   4.000000E-02          1.0000      V000
        24              0              0        3.120000E+00   6.000000E-02          1.0000      Cr000
        24             50              0        1.630000E+01   1.300000E+00          1.0738      Cr050
        24             52              0        7.300000E-01   6.000000E-02          0.8488      Cr052
        24             53              0        1.750000E+01   1.400000E+00          0.9409      Cr053
        25              0              0        1.331000E+01   3.000000E-02          1.0000      Mn000
        26              0              0        2.530000E+00   3.000000E-02          1.0000      Fe000
        26             54              0        2.170000E+00   1.700000E-01          0.9435      Fe054
        26             56              0        2.550000E+00   2.000000E-01          0.9846      Fe056
        26             57              0        2.400000E+00   3.000000E-01          0.9677      Fe057
        27              0              0        3.718000E+01   6.000000E-02          1.0000      Co000
        28              0              0        4.270000E+00   6.000000E-02          1.0000      Ni000
        28             58              0        4.200000E+00   3.000000E-01          0.9567      Ni058
        28             60              0        2.540000E+00   2.000000E-01          1.0367      Ni060
        28             61              0        1.900000E+00   1.000000E+00          0.9048      Ni061
        28             62              0        1.460000E+01   2.200000E+00          0.9799      Ni062
        29              0              0        3.782000E+00   1.500000E-02          1.0000      Cu000
        29             63              0        4.300000E+00   3.000000E-01          0.9303      Cu063
        29             65              0        2.110000E+00   1.700000E-01          1.0614      Cu065
        30              0              0        1.067000E+00   1.600000E-02          1.0000      Zn000
        31              0              0        2.930000E+00   6.000000E-02          1.0000      Ga000
        31             69              0        1.990000E+00   1.600000E-01          1.0365      Ga069
        31             71              0        4.900000E+00   4.000000E-01          1.0606      Ga071
        32              0              0        2.210000E+00   4.000000E-02          1.0000      Ge000
        32             70              0        3.300000E+00   3.000000E-01          1.0820      Ge070
        32             72              0        9.400000E-01   9.000000E-02          1.0562      Ge072
        32             73              0        1.370000E+01   1.100000E+00          0.9320      Ge073
        33              0              0        4.350000E+00   1.000000E-01          1.0000      As000
        34              0              0        1.183000E+01   1.400000E-01          1.0000      Se000
        34             74              0        4.800000E+01   7.000000E+00          0.8909      Se074
        34             76              0        8.200000E+01   7.000000E+00          0.9704      Se076
        34             77              0        4.000000E+01   4.000000E+00          0.9639      Se077
        34             80              0        5.900000E-01   6.000000E-02          0.9949      Se080
        35              0              0        6.840000E+00   6.000000E-02          1.0000      Br000
        36              0              0        2.540000E+01   1.200000E+00          1.0000      Kr000
        37              0              0        3.950000E-01   4.000000E-03          1.0000      Rb000
        38              0              0        1.250000E+00   4.000000E-02          1.0000      Sr000
        39              0              0        1.284000E+00   2.000000E-02          1.0000      Y000
        40              0              0        1.880000E-01   3.000000E-03          1.0000      Zr000
        40             91              0        1.520000E+00   1.200000E-01          1.1692      Zr091
        40             92              0        2.500000E-01   8.000000E-02          1.9084      Zr092
        40             94              0        8.000000E-02   4.000000E-02          1.5686      Zr094
        41              0              0        1.160000E+00   3.000000E-02          1.0000      Nb000
        42              0              0        2.610000E+00   5.000000E-02          1.0000      Mo000
        42             92              0        8.000000E-02   2.000000E-02          1.0000      Mo092
        42             97              0        2.100000E+00   6.000000E-01          0.9545      Mo097
        43              0              0        2.160000E+01   1.600000E+00          1.0000      Tc000
        44              0              0        2.640000E+00   1.200000E-01          1.0000      Ru000
        45              0              0        1.443000E+02   1.300000E+00          1.0000      Rh000
        46              0              0        8.000000E+00   3.000000E-01          1.0000      Pd000
        47              0              0        6.380000E+01   5.000000E-01          1.0000      Ag000
        47            107              0        2.990000E+01   2.400000E+00          0.9220      Ag107
        47            109              0        8.400000E+01   7.000000E+00          1.0923      Ag109
        48              0              0        2.520000E+03   4.000000E+01          1.0000      Cd000
        48            113              0        2.940000E+04   4.500000E+02          1.4581      Cd113
        49              0              0        1.942000E+02   1.600000E+00          1.0000      In000
        50              0              0        6.100000E-01   3.000000E-03          1.0000      Sn000
        51              0              0        5.020000E+00   1.200000E-01          1.0000      Sb000
        51            121              0        5.700000E+00   5.000000E-01          0.9033      Sb121
        51            123              0        3.900000E+00   3.000000E-01          0.9578      Sb123
        52              0              0        4.590000E+00   8.000000E-02          1.0000      Te000
        52            122              0        2.700000E+00   9.000000E-01          0.6923      Te122
        52            123              0        3.900000E+02   3.100000E+01          0.9070      Te123
        52            124              0        6.500000E+00   1.300000E+00          1.0317      Te124
        52            125              0        1.490000E+00   1.500000E-01          1.1550      Te125
        52            126              0        7.700000E-01   1.900000E-01          2.0210      Te126
        53              0              0        6.190000E+00   6.000000E-02          1.0000      I000
        54              0              0        2.460000E+01   2.300000E+00          1.0000      Xe000
        55              0              0        2.860000E+01   7.000000E-01          1.0000      Cs000
        56              0              0        1.160000E+00   5.000000E-02          1.0000      Ba000
        56            135              0        5.600000E+00   8.000000E-01          0.9655      Ba135
        56            137              0        4.900000E+00   4.000000E-01          1.3611      Ba137
        56            138              0        6.800000E-01   1.000000E-01          1.6790      Ba138
        57              0              0        9.060000E+00   4.000000E-02          1.0000      La000
        58              0              0        6.400000E-01   1.700000E-02          1.0000      Ce000
        58            140              0        6.300000E-01   6.000000E-02          1.0957      Ce140
        58            142              0        1.800000E+00   3.000000E-01          1.8557      Ce142
        59              0              0        1.150000E+01   3.000000E-01          1.0000      Pr000
        60              0              0        5.010000E+01   1.200000E+00          1.0000      Nd000
        60            142              0        1.850000E+01   2.200000E+00          0.9893      Nd142
        60            143              0        2.920000E+02   2.300000E+01          0.8985      Nd143
        60            144              0        4.800000E+00   1.000000E+00          1.3333      Nd144
        60            145              0        5.200000E+01   4.000000E+00          1.2322      Nd145
        60            148              0        3.300000E+00   1.000000E+00          1.3360      Nd148
        62              0              0        5.840000E+03   3.000000E+01          1.0000      Sm000
        63              0              0        4.380000E+03   2.500000E+01          1.0000      Eu000
        63            151              0        8.790000E+03   9.000000E+01          0.9523      Eu151
        63            153              0        3.170000E+02   5.000000E+00          1.0226      Eu153
        64              0              0        7.150000E+04   1.600000E+03          1.0000      Gd000
        64            155              0        4.680000E+04   9.000000E+02          0.7757      Gd155
        64            157              0        1.960000E+05   3.000000E+03          0.7717      Gd157
        65              0              0        2.351000E+01   1.200000E-01          1.0000      Tb000
        66              0              0        9.940000E+02   1.300000E+01          1.0000      Dy000
        67              0              0        6.500000E+01   1.000000E+00          1.0000      Ho000
        68              0              0        1.564000E+02   1.900000E+00          1.0000      Er000
        69              0              0        1.070000E+02   3.000000E+00          1.0000      Tm000
        70              0              0        3.490000E+01   8.000000E-01          1.0000      Yb000
        71              0              0        8.070000E+01   1.000000E+01          1.0000      Lu000
        72              0              0        1.020000E+02   7.000000E-01          1.0000      Hf000
        72            177              0        3.750000E+02   3.000000E+01          1.0027      Hf177
        72            178              0        7.200000E+01   1.100000E+01          0.8643      Hf178
        72            179              0        5.000000E+01   2.500000E+01          1.2195      Hf179
        72            180              0        1.300000E+01   5.000000E+00          0.9848      Hf180
        73              0              0        2.060000E+01   5.000000E-01          1.0000      Ta000
        74              0              0        1.826000E+01   1.700000E-01          1.0000      W000
        74            183              0        1.090000E+01   1.000000E+00          1.0481      W183
        74            184              0        2.000000E+00   3.000000E-01          1.1561      W184
        74            186              0        3.400000E+01   3.000000E+00          0.9807      W186
        75              0              0        8.900000E+01   1.600000E+00          1.0000      Re000
        75            185              0        1.000000E+02   8.000000E+00          0.8929      Re185
        75            187              0        6.300000E+01   5.000000E+00          0.8422      Re187
        76              0              0        1.420000E+01   4.000000E-01          1.0000      Os000
        77              0              0        4.270000E+02   8.000000E+00          1.0000      Ir000
        78              0              0        9.900000E+00   2.400000E-01          1.0000      Pt000
        79              0              0        9.870000E+01   8.000000E-02          1.0000      Au000
        79            197              0        9.500000E+01   5.000000E+00          0.9630      Au197
        80              0              0        3.740000E+02   3.000000E+00          1.0000      Hg000
        81              0              0        3.440000E+00   6.000000E-02          1.0000      Tl000
        81            203              0        1.100000E+01   9.000000E-01          0.9649      Tl203
        82              0              0        1.530000E-01   3.000000E-03          1.0000      Pb000
        82            207              0        7.000000E-01   7.000000E-02          1.0819      Pb207
        83              0              0        3.380000E-02   8.000000E-04          1.0000      Bi000
        89            227              0        8.850000E+02   2.300000E+01          0.9944      Ac227
        90            230              0        2.300000E+01   3.000000E-01          1.0044      Th230
        90            232              0        7.350000E+00   3.000000E-02          1.0012      Th232
        92              0              0        7.673000E+00   2.100000E-02          1.0000      U000
        92            233              0        5.874000E+02   1.000000E+00         12.8534      U233
        92            234              0        9.950000E+01   2.300000E+00          0.9707      U234
        92            235              0        6.949000E+02   1.200000E+00          7.0334      U235
        92            236              0        5.090000E+00   1.000000E-01          1.0000      U236
        92            238              0        2.692000E+00   1.700000E-02          1.0082      U238
        93            237              0        1.740000E+02   3.000000E+00          0.9732      Np237
        94            239              0        1.026000E+03   3.000000E+00          3.8099      Pu239
        95            241              0        5.880000E+02   1.200000E+01          0.8167      Am241
        95            243              0        7.520000E+01   1.800000E+00          1.0013      Am243
        97            249              0        7.300000E+02   1.400000E+02          0.9786      Bk249
        98            249              0        4.970000E+02   2.100000E+01          1.0000      Cf249
        98            252              0        2.030000E+01   1.300000E+00          1.0000      Cf252
        98            254              0        4.500000E+00   1.500000E+00          1.0000      Cf254
        99            253              0        1.790000E+02   1.200000E+01          0.9728      Es253
        99            254              0        2.830000E+01   2.500000E+00          1.0107      Es254
