# header: 
#   title: (n,g) thermal cross section for jeff4.0
#   source: Resonancetables
#   date: 2025-08-01
# reaction: 
#   type: (n,g)
# quantity: 
#   type: thermal cross section
# datablock: 
#   columns: 7
#   entries: 419
##       Z              A            Liso           Value         dValue          Ratio         Nuclide
##      []             []             []             [b]            [b]            []             [%]
         1              1              0        3.325840E-01   0.000000E+00          1.0000      H001
         1              2              0        5.041600E-04   0.000000E+00          1.0185      H002
         2              3              0        5.498690E-05   0.000000E+00          0.9998      He003
         3              6              0        3.850000E-02   0.000000E+00          0.9796      Li006
         3              7              0        4.540170E-02   0.000000E+00          1.0272      Li007
         4              9              0        8.773440E-03   0.000000E+00          1.0609      Be009
         4             10              0        1.113020E+00   0.000000E+00       1113.0199      Be010
         5             10              0        3.960570E-01   0.000000E+00          1.0052      B010
         5             11              0        5.500000E-03   0.000000E+00          0.6111      B011
         6             12              0        3.860420E-03   0.000000E+00          0.9975      C012
         6             13              0        1.500270E-03   0.000000E+00          0.9870      C013
         6             14              0        1.000870E-06   0.000000E+00          1.0009      C014
         7             14              0        7.499080E-02   0.000000E+00          0.9362      N014
         7             15              0        2.400970E-05   0.000000E+00          1.0004      N015
         8             16              0        1.671170E-04   0.000000E+00          0.9660      O016
         8             17              0        5.346510E-04   0.000000E+00          0.9901      O017
         8             18              0        1.600020E-04   0.000000E+00          1.0667      O018
         9             19              0        9.572930E-03   0.000000E+00          1.0451      F019
        10             20              0        3.699660E-02   0.000000E+00          0.9999      Ne020
        10             21              0        6.675200E-01   0.000000E+00          1.0023      Ne021
        10             22              0        5.269490E-02   0.000000E+00          0.9999      Ne022
        11             22              0        4.043590E-01   0.000000E+00          0.0016      Na022
        11             23              0        5.238370E-01   0.000000E+00          1.0211      Na023
        13             27              0        2.334600E-01   0.000000E+00          1.0330      Al027
        14             28              0        1.861930E-01   0.000000E+00          1.0519      Si028
        14             29              0        1.190280E-01   0.000000E+00          1.0002      Si029
        14             30              0        1.074900E-01   0.000000E+00          0.9437      Si030
        14             32              0        5.016320E-01   0.000000E+00          1.0033      Si032
        15             31              0        1.683240E-01   0.000000E+00          1.0140      P031
        16             32              0        5.175900E-01   0.000000E+00          0.9992      S032
        16             33              0        4.554030E-01   0.000000E+00          1.0031      S033
        16             34              0        2.579230E-01   0.000000E+00          1.0075      S034
        16             36              0        2.359530E-01   0.000000E+00          0.7374      S036
        17             35              0        4.360090E+01   0.000000E+00          1.0000      Cl035
        17             36              0        9.998000E+00   0.000000E+00          0.9998      Cl036
        17             37              0        4.329840E-01   0.000000E+00          1.0358      Cl037
        18             36              0        5.196040E+00   0.000000E+00          0.9992      Ar036
        18             38              0        7.999970E-01   0.000000E+00          1.0000      Ar038
        18             39              0        6.221260E+02   0.000000E+00          1.0369      Ar039
        18             40              0        6.601430E-01   0.000000E+00          1.0267      Ar040
        19             39              0        2.099960E+00   0.000000E+00          1.0000      K039
        19             40              0        3.821830E+01   0.000000E+00          1.0057      K040
        19             41              0        1.458740E+00   0.000000E+00          1.0040      K041
        20             40              0        4.102510E-01   0.000000E+00          1.0006      Ca040
        20             41              0        3.979520E+00   0.000000E+00          0.9949      Ca041
        20             42              0        6.815780E-01   0.000000E+00          1.0023      Ca042
        20             43              0        6.199310E+00   0.000000E+00          0.9999      Ca043
        20             44              0        8.849260E-01   0.000000E+00          1.0056      Ca044
        20             45              0        1.499670E+01   0.000000E+00          0.9998      Ca045
        20             46              0        7.400290E-01   0.000000E+00          1.0278      Ca046
        20             48              0        1.090020E+00   0.000000E+00          0.9536      Ca048
        21             45              0        2.721750E+01   0.000000E+00          1.0361      Sc045
        21             46              0        7.999050E+00   0.000000E+00          0.9999      Sc046
        22             44              0        1.099990E+00   0.000000E+00          1.0000      Ti044
        22             46              0        6.109710E-01   0.000000E+00          1.0355      Ti046
        22             47              0        1.627500E+00   0.000000E+00          0.9985      Ti047
        22             48              0        8.315800E+00   0.000000E+00          0.9995      Ti048
        22             49              0        1.875820E+00   0.000000E+00          1.0031      Ti049
        22             50              0        1.807840E-01   0.000000E+00          1.0156      Ti050
        23             50              0        4.070130E+01   0.000000E+00          0.9976      V050
        23             51              0        4.945210E+00   0.000000E+00          1.0315      V051
        24             50              0        1.526580E+01   0.000000E+00          1.0057      Cr050
        24             52              0        8.539500E-01   0.000000E+00          0.9930      Cr052
        24             53              0        1.939490E+01   0.000000E+00          1.0427      Cr053
        24             54              0        4.111230E-01   0.000000E+00          1.0027      Cr054
        25             52              0        5.999180E+01   0.000000E+00          0.9999      Mn052
        25             53              0        7.752200E+01   0.000000E+00          1.0003      Mn053
        25             54              0        3.803550E+01   0.000000E+00          1.0009      Mn054
        25             55              0        1.327500E+01   0.000000E+00          1.0049      Mn055
        26             54              0        2.253320E+00   0.000000E+00          0.9797      Fe054
        26             55              0        1.299890E+01   0.000000E+00          0.9999      Fe055
        26             56              0        2.585780E+00   0.000000E+00          0.9984      Fe056
        26             57              0        2.481110E+00   0.000000E+00          1.0004      Fe057
        26             58              0        1.314490E+00   0.000000E+00          1.0151      Fe058
        26             59              0        1.300130E+01   0.000000E+00          1.0001      Fe059
        26             60              0        2.250850E-01   0.000000E+00          0.9960      Fe060
        27             57              0        5.094320E+01   0.000000E+00          0.9989      Co057
        27             58              0        1.902040E+03   0.000000E+00          1.0011      Co058
        27             59              0        3.717260E+01   0.000000E+00          0.9803      Co059
        27             60              0        2.014110E+00   0.000000E+00          1.0071      Co060
        28             58              0        4.620480E+00   0.000000E+00          1.0525      Ni058
        28             59              0        7.346340E+01   0.000000E+00          0.9968      Ni059
        28             60              0        2.400250E+00   0.000000E+00          0.9797      Ni060
        28             61              0        2.078630E+00   0.000000E+00          0.9898      Ni061
        28             62              0        1.489470E+01   0.000000E+00          0.9996      Ni062
        28             63              0        2.430790E+01   0.000000E+00          1.0003      Ni063
        28             64              0        1.480010E+00   0.000000E+00          0.9125      Ni064
        29             63              0        4.469420E+00   0.000000E+00          0.9670      Cu063
        29             65              0        2.148850E+00   0.000000E+00          1.0809      Cu065
        30             64              0        7.282390E-01   0.000000E+00          0.9815      Zn064
        30             65              0        6.602830E+01   0.000000E+00          1.0004      Zn065
        30             66              0        6.215990E-01   0.000000E+00          1.0026      Zn066
        30             67              0        7.497070E+00   0.000000E+00          0.9996      Zn067
        30             68              0        1.069690E+00   0.000000E+00          0.9997      Zn068
        30             70              0        9.229480E-02   0.000000E+00          1.0032      Zn070
        33             75              0        4.087540E+00   0.000000E+00          1.0606      As075
        34             74              0        5.217360E+01   0.000000E+00          0.9683      Se074
        34             75              0        3.302920E+02   0.000000E+00          1.0009      Se075
        34             76              0        8.499750E+01   0.000000E+00          1.0059      Se076
        34             77              0        4.147900E+01   0.000000E+00          0.9995      Se077
        34             78              0        4.300190E-01   0.000000E+00          1.0000      Se078
        34             79              0        4.997470E+01   0.000000E+00          0.9995      Se079
        34             80              0        5.946300E-01   0.000000E+00          1.0027      Se080
        34             82              0        4.398220E-02   0.000000E+00          0.9996      Se082
        35             79              0        1.028190E+01   0.000000E+00          0.9963      Br079
        35             81              0        2.595730E+00   0.000000E+00          1.0022      Br081
        36             78              0        4.712100E+00   0.000000E+00          1.0004      Kr078
        36             80              0        1.150570E+01   0.000000E+00          1.0005      Kr080
        36             82              0        1.900390E+01   0.000000E+00          1.0002      Kr082
        36             83              0        1.984570E+02   0.000000E+00          1.0074      Kr083
        36             84              0        1.099920E-01   0.000000E+00          0.9999      Kr084
        36             85              0        1.657190E+00   0.000000E+00          0.9983      Kr085
        36             86              0        3.041200E-03   0.000000E+00          1.0137      Kr086
        37             85              0        4.914750E-01   0.000000E+00          0.9790      Rb085
        37             86              0        1.998430E+01   0.000000E+00          0.9992      Rb086
        37             87              0        1.160000E-01   0.000000E+00          1.1373      Rb087
        38             84              0        8.524580E-01   0.000000E+00          1.1939      Sr084
        38             86              0        1.043200E+00   0.000000E+00          1.0031      Sr086
        38             87              0        1.670300E+01   0.000000E+00          1.0002      Sr087
        38             88              0        5.364780E-03   0.000000E+00          0.9754      Sr088
        38             89              0        4.208170E-01   0.000000E+00          1.0019      Sr089
        38             90              0        1.050680E-02   0.000000E+00          1.0103      Sr090
        39             89              0        1.283650E+00   0.000000E+00          1.0029      Y089
        39             90              0        6.512700E+00   0.000000E+00          1.0020      Y090
        39             91              0        1.399310E+00   0.000000E+00          0.9995      Y091
        40             88              0        8.604680E+05   0.000000E+00          0.9994      Zr088
        40             90              0        1.396670E-02   0.000000E+00          0.9976      Zr090
        40             91              0        1.304290E+00   0.000000E+00          1.0033      Zr091
        40             92              0        1.303410E-01   0.000000E+00          0.9950      Zr092
        40             93              0        6.912730E-01   0.000000E+00          1.0018      Zr093
        40             94              0        5.094340E-02   0.000000E+00          0.9989      Zr094
        40             96              0        2.107940E-02   0.000000E+00          1.0233      Zr096
        41             93              0        1.152920E+00   0.000000E+00          1.0025      Nb093
        41             94              0        1.549220E+01   0.000000E+00          0.9805      Nb094
        41             95              0        6.996480E+00   0.000000E+00          0.9995      Nb095
        42             92              0        8.003050E-02   0.000000E+00          1.0004      Mo092
        42             94              0        3.416250E-01   0.000000E+00          1.0048      Mo094
        42             95              0        1.332010E+01   0.000000E+00          0.9940      Mo095
        42             96              0        5.452860E-01   0.000000E+00          0.9914      Mo096
        42             97              0        2.196410E+00   0.000000E+00          0.9984      Mo097
        42             98              0        1.303860E-01   0.000000E+00          0.9991      Mo098
        42            100              0        1.985300E-01   0.000000E+00          1.0287      Mo100
        43             98              0        9.296800E-01   0.000000E+00          0.9997      Tc098
        43             99              0        2.263800E+01   0.000000E+00          0.9929      Tc099
        44             96              0        2.499000E-01   0.000000E+00          1.0879      Ru096
        44             98              0        7.995980E+00   0.000000E+00          0.9995      Ru098
        44             99              0        7.246370E+00   0.000000E+00          0.9995      Ru099
        44            100              0        5.803010E+00   0.000000E+00          1.0005      Ru100
        44            101              0        5.197990E+00   0.000000E+00          0.9996      Ru101
        44            102              0        1.204400E+00   0.000000E+00          1.0455      Ru102
        44            103              0        1.195380E+00   0.000000E+00          0.9961      Ru103
        44            104              0        4.937070E-01   0.000000E+00          0.9796      Ru104
        44            106              0        1.459730E-01   0.000000E+00          0.9998      Ru106
        45            103              0        1.428300E+02   0.000000E+00          0.8377      Rh103
        45            105              0        8.092180E+03   0.000000E+00          0.5058      Rh105
        46            102              0        1.819850E+00   0.000000E+00          0.9999      Pd102
        46            104              0        6.462050E-01   0.000000E+00          0.9942      Pd104
        46            105              0        2.107730E+01   0.000000E+00          1.0037      Pd105
        46            106              0        3.040790E-01   0.000000E+00          0.9970      Pd106
        46            107              0        9.526490E+00   0.000000E+00          1.0028      Pd107
        46            108              0        7.651450E+00   0.000000E+00          0.8578      Pd108
        46            110              0        2.997460E-01   0.000000E+00          0.9992      Pd110
        47            107              0        3.452540E+01   0.000000E+00          1.0646      Ag107
        47            109              0        9.359810E+01   0.000000E+00          1.2171      Ag109
        47            110              1        8.230310E+01   0.000000E+00          1.0037      Ag110m
        47            111              0        2.998650E+00   0.000000E+00          0.9996      Ag111
        48            106              0        9.856050E-01   0.000000E+00          0.9996      Cd106
        48            108              0        9.056370E-01   0.000000E+00          0.9996      Cd108
        48            109              0        6.990400E+02   0.000000E+00          0.9986      Cd109
        48            110              0        1.107610E+01   0.000000E+00          1.0069      Cd110
        48            111              0        6.901340E+00   0.000000E+00          1.0002      Cd111
        48            112              0        2.188950E+00   0.000000E+00          0.9959      Cd112
        48            113              0        1.995750E+04   0.000000E+00          0.9898      Cd113
        48            114              0        3.044200E-01   0.000000E+00          0.9981      Cd114
        48            116              0        7.559080E-02   0.000000E+00          0.9946      Cd116
        49            113              0        1.208360E+01   0.000000E+00          1.0070      In113
        49            115              0        2.010770E+02   0.000000E+00          0.9954      In115
        50            112              0        5.136670E-01   0.000000E+00          0.9495      Sn112
        50            113              0        8.795620E+00   0.000000E+00          0.9995      Sn113
        50            114              0        1.249500E-01   0.000000E+00          0.9612      Sn114
        50            115              0        4.316730E+01   0.000000E+00          1.0039      Sn115
        50            116              0        1.288310E-01   0.000000E+00          0.9987      Sn116
        50            117              0        1.071770E+00   0.000000E+00          1.0017      Sn117
        50            118              0        2.200400E-01   0.000000E+00          1.0002      Sn118
        50            119              0        2.189120E+00   0.000000E+00          0.9996      Sn119
        50            120              0        1.438130E-01   0.000000E+00          1.0128      Sn120
        50            122              0        1.461780E-01   0.000000E+00          1.0005      Sn122
        50            124              0        1.336870E-01   0.000000E+00          0.9977      Sn124
        50            126              0        5.897650E-01   0.000000E+00          0.9996      Sn126
        51            121              0        5.768000E+00   0.000000E+00          0.9141      Sb121
        51            123              0        3.905200E+00   0.000000E+00          0.9590      Sb123
        51            124              0        1.734430E+01   0.000000E+00          0.9968      Sb124
        52            120              0        2.340560E+00   0.000000E+00          1.0002      Te120
        52            122              0        3.914890E+00   0.000000E+00          1.0038      Te122
        52            123              0        4.318250E+02   0.000000E+00          1.0042      Te123
        52            124              0        6.307490E+00   0.000000E+00          1.0012      Te124
        52            125              0        1.309100E+00   0.000000E+00          1.0148      Te125
        52            126              0        3.813400E-01   0.000000E+00          1.0009      Te126
        52            127              1        3.377360E+03   0.000000E+00          0.9992      Te127m
        52            128              0        2.004420E-01   0.000000E+00          1.0022      Te128
        52            130              0        1.949220E-01   0.000000E+00          0.9996      Te130
        53            126              0        5.947430E+03   0.000000E+00          0.9979      I126
        53            127              0        6.147190E+00   0.000000E+00          1.1388      I127
        53            129              0        3.028280E+01   0.000000E+00          0.9994      I129
        54            124              0        1.499250E+02   0.000000E+00          0.9995      Xe124
        54            126              0        2.468770E+00   0.000000E+00          0.9995      Xe126
        54            128              0        3.498260E+00   0.000000E+00          0.9995      Xe128
        54            129              0        2.094430E+01   0.000000E+00          0.9973      Xe129
        54            130              0        3.496930E+00   0.000000E+00          0.9991      Xe130
        54            131              0        9.231640E+01   0.000000E+00          0.9926      Xe131
        54            132              0        4.498210E-01   0.000000E+00          0.9996      Xe132
        54            133              0        1.899050E+02   0.000000E+00          0.9995      Xe133
        54            134              0        2.648950E-01   0.000000E+00          0.9996      Xe134
        54            136              0        2.597780E-01   0.000000E+00          0.9991      Xe136
        55            133              0        2.904590E+01   0.000000E+00          0.9634      Cs133
        55            134              0        1.405290E+02   0.000000E+00          0.9995      Cs134
        55            135              0        8.569660E+00   0.000000E+00          0.9850      Cs135
        56            130              0        8.198390E+00   0.000000E+00          1.0338      Ba130
        56            132              0        8.204130E+00   0.000000E+00          1.0005      Ba132
        56            133              0        4.195740E+00   0.000000E+00          1.4985      Ba133
        56            134              0        1.500640E+00   0.000000E+00          1.0004      Ba134
        56            135              0        5.796600E+00   0.000000E+00          0.9994      Ba135
        56            136              0        6.794960E-01   0.000000E+00          0.9993      Ba136
        56            137              0        3.627220E+00   0.000000E+00          1.0076      Ba137
        56            138              0        4.041780E-01   0.000000E+00          0.9980      Ba138
        56            140              0        1.600100E+00   0.000000E+00          1.0001      Ba140
        57            138              0        5.691700E+01   0.000000E+00          0.9951      La138
        57            139              0        9.209230E+00   0.000000E+00          0.9915      La139
        57            140              0        2.685390E+00   0.000000E+00          0.9946      La140
        58            136              0        4.253090E+00   0.000000E+00          1.0007      Ce136
        58            138              0        1.030380E+00   0.000000E+00          1.0004      Ce138
        58            139              0        4.200780E+02   0.000000E+00          0.8402      Ce139
        58            140              0        5.097470E-01   0.000000E+00          0.8865      Ce140
        58            141              0        2.910970E+01   0.000000E+00          1.0038      Ce141
        58            142              0        9.605780E-01   0.000000E+00          0.9903      Ce142
        58            143              0        6.075440E+00   0.000000E+00          1.0126      Ce143
        58            144              0        9.997710E-01   0.000000E+00          0.9998      Ce144
        59            141              0        1.129510E+01   0.000000E+00          0.9996      Pr141
        59            143              0        9.001710E+01   0.000000E+00          1.0002      Pr143
        60            142              0        1.871070E+01   0.000000E+00          1.0006      Nd142
        60            143              0        3.251230E+02   0.000000E+00          1.0004      Nd143
        60            144              0        3.641040E+00   0.000000E+00          1.0114      Nd144
        60            145              0        4.224210E+01   0.000000E+00          1.0010      Nd145
        60            146              0        1.481800E+00   0.000000E+00          1.1398      Nd146
        60            147              0        2.411150E+02   0.000000E+00          1.0046      Nd147
        60            148              0        2.583940E+00   0.000000E+00          1.0461      Nd148
        60            150              0        1.045520E+00   0.000000E+00          1.0053      Nd150
        61            146              0        9.044110E+03   0.000000E+00          1.0767      Pm146
        61            147              0        1.686410E+02   0.000000E+00          1.0014      Pm147
        61            148              0        1.999030E+03   0.000000E+00          0.9995      Pm148
        61            148              1        1.087550E+04   0.000000E+00          0.9887      Pm148m
        61            149              0        1.399290E+03   0.000000E+00          0.9995      Pm149
        61            151              0        4.950570E+02   0.000000E+00          0.7072      Pm151
        62            144              0        1.648890E+00   0.000000E+00          1.0054      Sm144
        62            145              0        2.798630E+02   0.000000E+00          0.9995      Sm145
        62            147              0        5.705590E+01   0.000000E+00          1.0010      Sm147
        62            148              0        2.399050E+00   0.000000E+00          0.9996      Sm148
        62            149              0        4.021780E+04   0.000000E+00          1.0019      Sm149
        62            150              0        9.795130E+01   0.000000E+00          0.9995      Sm150
        62            151              0        1.513960E+04   0.000000E+00          1.0000      Sm151
        62            152              0        2.059690E+02   0.000000E+00          0.9998      Sm152
        62            153              0        4.195880E+02   0.000000E+00          0.9990      Sm153
        62            154              0        8.537720E+00   0.000000E+00          1.1066      Sm154
        63            151              0        9.248040E+03   0.000000E+00          1.0020      Eu151
        63            152              0        1.275120E+04   0.000000E+00          0.9985      Eu152
        63            153              0        3.160540E+02   0.000000E+00          1.0195      Eu153
        63            154              0        1.455590E+03   0.000000E+00          1.0066      Eu154
        63            155              0        3.959330E+03   0.000000E+00          1.0024      Eu155
        64            152              0        7.539900E+02   0.000000E+00          0.9930      Gd152
        64            153              0        2.243850E+04   0.000000E+00          0.9990      Gd153
        64            154              0        8.496610E+01   0.000000E+00          0.9996      Gd154
        64            155              0        6.185720E+04   0.000000E+00          1.0253      Gd155
        64            156              0        1.925830E+00   0.000000E+00          1.0699      Gd156
        64            157              0        2.545710E+05   0.000000E+00          1.0022      Gd157
        64            158              0        2.270390E+00   0.000000E+00          1.0391      Gd158
        64            160              0        1.516940E+00   0.000000E+00          0.9730      Gd160
        65            159              0        2.384630E+01   0.000000E+00          0.9944      Tb159
        65            160              0        3.194440E+02   0.000000E+00          0.9564      Tb160
        66            156              0        3.219280E+01   0.000000E+00          0.9755      Dy156
        66            158              0        4.364570E+01   0.000000E+00          1.0150      Dy158
        66            159              0        9.142070E+03   0.000000E+00          1.1428      Dy159
        66            160              0        5.509320E+01   0.000000E+00          1.0017      Dy160
        66            161              0        5.999800E+02   0.000000E+00          1.0000      Dy161
        66            162              0        1.938290E+02   0.000000E+00          0.9991      Dy162
        66            163              0        1.335600E+02   0.000000E+00          0.9967      Dy163
        66            164              0        2.649560E+03   0.000000E+00          1.0460      Dy164
        67            165              0        6.435220E+01   0.000000E+00          1.0916      Ho165
        67            166              1        6.654060E+03   0.000000E+00          0.6174      Ho166m
        68            162              0        1.896110E+01   0.000000E+00          0.9980      Er162
        68            164              0        1.303190E+01   0.000000E+00          1.0025      Er164
        68            166              0        1.693770E+01   0.000000E+00          1.0022      Er166
        68            167              0        6.493190E+02   0.000000E+00          1.0005      Er167
        68            168              0        2.750220E+00   0.000000E+00          1.0037      Er168
        68            170              0        8.150910E+00   0.000000E+00          0.9087      Er170
        69            169              0        1.068680E+02   0.000000E+00          1.0082      Tm169
        69            170              0        9.309170E+01   0.000000E+00          1.0119      Tm170
        69            171              0        1.590420E+02   0.000000E+00          0.9940      Tm171
        70            168              0        2.562000E+03   0.000000E+00          0.8924      Yb168
        70            169              0        3.956080E+03   0.000000E+00          1.0989      Yb169
        70            170              0        1.016490E+01   0.000000E+00          0.9966      Yb170
        70            171              0        5.882060E+01   0.000000E+00          1.0004      Yb171
        70            172              0        1.296700E+00   0.000000E+00          0.9975      Yb172
        70            173              0        1.549630E+01   0.000000E+00          0.9998      Yb173
        70            174              0        6.321330E+01   0.000000E+00          1.0165      Yb174
        70            176              0        2.849310E+00   0.000000E+00          0.9758      Yb176
        71            175              0        2.334130E+01   0.000000E+00          1.0018      Lu175
        71            176              0        2.056030E+03   0.000000E+00          0.9282      Lu176
        71            177              0        9.671960E+02   0.000000E+00          1.0991      Lu177
        72            174              0        6.513200E+02   0.000000E+00          1.1308      Hf174
        72            176              0        1.684580E+01   0.000000E+00          0.7168      Hf176
        72            177              0        3.712320E+02   0.000000E+00          0.9926      Hf177
        72            178              0        8.281600E+01   0.000000E+00          0.9942      Hf178
        72            178              2        4.398940E+02   0.000000E+00          9.7754      Hf178n
        72            179              0        3.986940E+01   0.000000E+00          0.9724      Hf179
        72            180              0        1.305800E+01   0.000000E+00          0.9892      Hf180
        72            181              0        3.998040E+01   0.000000E+00          0.9995      Hf181
        72            182              0        1.335920E+02   0.000000E+00          1.0045      Hf182
        73            179              0        9.315260E+02   0.000000E+00          0.9995      Ta179
        73            180              1        5.637640E+02   0.000000E+00          1.0014      Ta180m
        73            181              0        2.086120E+01   0.000000E+00          1.0276      Ta181
        73            182              0        8.236490E+03   0.000000E+00          1.0045      Ta182
        74            180              0        2.964820E+01   0.000000E+00          1.3295      W180
        74            182              0        2.031070E+01   0.000000E+00          1.0206      W182
        74            183              0        9.868740E+00   0.000000E+00          0.9489      W183
        74            184              0        1.634760E+00   0.000000E+00          0.9449      W184
        74            185              0        2.998820E+00   0.000000E+00          0.9996      W185
        74            186              0        3.788500E+01   0.000000E+00          1.0927      W186
        74            188              0        1.199410E+01   0.000000E+00          0.9995      W188
        75            185              0        1.120760E+02   0.000000E+00          1.0007      Re185
        75            187              0        7.475010E+01   0.000000E+00          0.9993      Re187
        76            184              0        2.999310E+03   0.000000E+00          0.7988      Os184
        76            186              0        8.031390E+01   0.000000E+00          1.0039      Os186
        76            187              0        3.197490E+02   0.000000E+00          0.9992      Os187
        76            188              0        5.536360E+00   0.000000E+00          1.0066      Os188
        76            189              0        2.535910E+01   0.000000E+00          1.0144      Os189
        76            190              0        1.099550E+01   0.000000E+00          2.8860      Os190
        76            191              0        3.828140E+02   0.000000E+00          0.9995      Os191
        76            192              0        3.160760E+00   0.000000E+00          0.9908      Os192
        76            193              0        3.798130E+01   0.000000E+00          0.9995      Os193
        77            191              0        9.546700E+02   0.000000E+00          1.0007      Ir191
        77            192              0        1.577300E+03   0.000000E+00          0.9996      Ir192
        77            193              0        1.111740E+02   0.000000E+00          0.9374      Ir193
        78            190              0        1.519240E+02   0.000000E+00          0.9995      Pt190
        78            192              0        1.000930E+01   0.000000E+00          1.0009      Pt192
        78            194              0        1.441220E+00   0.000000E+00          1.0008      Pt194
        78            195              0        3.062650E+01   0.000000E+00          1.0009      Pt195
        78            196              0        5.797730E-01   0.000000E+00          0.9996      Pt196
        78            198              0        3.591480E+00   0.000000E+00          1.0657      Pt198
        79            197              0        9.868050E+01   0.000000E+00          1.0003      Au197
        80            196              0        3.078620E+03   0.000000E+00          0.9996      Hg196
        80            198              0        2.008060E+00   0.000000E+00          1.0091      Hg198
        80            199              0        2.150010E+03   0.000000E+00          1.0000      Hg199
        80            200              0        1.381720E+00   0.000000E+00          0.9869      Hg200
        80            202              0        4.912590E+00   0.000000E+00          1.1322      Hg202
        80            204              0        4.311700E-01   0.000000E+00          0.9799      Hg204
        81            203              0        1.136780E+01   0.000000E+00          0.9972      Tl203
        81            204              0        2.177810E+01   0.000000E+00          1.0082      Tl204
        81            205              0        1.304840E-01   0.000000E+00          1.2547      Tl205
        82            204              0        7.030570E-01   0.000000E+00          1.0001      Pb204
        82            205              0        4.998050E+00   0.000000E+00          0.9996      Pb205
        82            206              0        2.655930E-02   0.000000E+00          0.9519      Pb206
        82            207              0        6.199430E-01   0.000000E+00          0.9582      Pb207
        82            208              0        2.303070E-04   0.000000E+00          1.0013      Pb208
        82            210              0        4.998120E-01   0.000000E+00          0.9996      Pb210
        83            209              0        3.420120E-02   0.000000E+00          0.8637      Bi209
        83            210              1        5.397900E-02   0.000000E+00          0.9996      Bi210m
        88            223              0        1.299340E+02   0.000000E+00          0.9995      Ra223
        88            224              0        1.199410E+01   0.000000E+00          0.9995      Ra224
        88            226              0        1.373240E+01   0.000000E+00          1.0024      Ra226
        88            228              0        3.598020E+01   0.000000E+00          0.9995      Ra228
        89            227              0        8.809660E+02   0.000000E+00          0.9898      Ac227
        90            228              0        1.207980E+02   0.000000E+00          0.9821      Th228
        90            229              0        6.282480E+01   0.000000E+00          1.0004      Th229
        90            230              0        2.300100E+01   0.000000E+00          1.0044      Th230
        90            232              0        7.336650E+00   0.000000E+00          0.9994      Th232
        90            234              0        1.792860E+00   0.000000E+00          0.9960      Th234
        91            231              0        2.006300E+02   0.000000E+00          1.0021      Pa231
        91            232              0        5.888070E+02   0.000000E+00          0.9980      Pa232
        91            233              0        4.250750E+01   0.000000E+00          1.0761      Pa233
        92            232              0        7.537130E+01   0.000000E+00          1.0063      U232
        92            233              0        4.524680E+01   0.000000E+00          0.9901      U233
        92            234              0        1.002690E+02   0.000000E+00          0.9782      U234
        92            235              0        9.937740E+01   0.000000E+00          1.0058      U235
        92            236              0        5.270960E+00   0.000000E+00          1.0356      U236
        92            237              0        4.522180E+02   0.000000E+00          1.0208      U237
        92            238              0        2.688840E+00   0.000000E+00          1.0071      U238
        93            235              0        1.550040E+02   0.000000E+00          1.0334      Np235
        93            236              0        1.212180E+02   0.000000E+00          1.0018      Np236
        93            237              0        1.795500E+02   0.000000E+00          1.0042      Np237
        93            238              0        4.772530E+02   0.000000E+00          0.9964      Np238
        93            239              0        8.121570E+01   0.000000E+00          1.1943      Np239
        94            236              0        2.755040E+01   0.000000E+00          1.7327      Pu236
        94            238              0        5.349410E+02   0.000000E+00          1.0572      Pu238
        94            239              0        2.714320E+02   0.000000E+00          1.0079      Pu239
        94            240              0        2.855980E+02   0.000000E+00          0.9865      Pu240
        94            241              0        3.639890E+02   0.000000E+00          1.0052      Pu241
        94            242              0        1.880090E+01   0.000000E+00          0.9495      Pu242
        94            244              0        1.709900E+00   0.000000E+00          1.0058      Pu244
        95            241              0        7.176040E+02   0.000000E+00          0.9967      Am241
        95            242              1        1.141100E+03   0.000000E+00          0.8846      Am242m
        95            243              0        7.548850E+01   0.000000E+00          1.0052      Am243
        96            242              0        1.912730E+01   0.000000E+00          1.0014      Cm242
        96            243              0        1.313410E+02   0.000000E+00          0.9435      Cm243
        96            244              0        1.522930E+01   0.000000E+00          0.9954      Cm244
        96            245              0        3.469060E+02   0.000000E+00          0.9401      Cm245
        96            246              0        1.135460E+00   0.000000E+00          0.9307      Cm246
        96            247              0        5.991390E+01   0.000000E+00          1.0511      Cm247
        96            248              0        2.871410E+00   0.000000E+00          1.0918      Cm248
        96            250              0        8.131160E+01   0.000000E+00          1.6262      Cm250
        97            249              0        7.108370E+02   0.000000E+00          0.9529      Bk249
        98            249              0        5.063390E+02   0.000000E+00          1.0188      Cf249
        98            250              0        2.017180E+03   0.000000E+00          0.9917      Cf250
        98            251              0        2.863390E+03   0.000000E+00          1.0047      Cf251
        98            252              0        2.070690E+01   0.000000E+00          1.0200      Cf252
        98            253              0        1.999400E+01   0.000000E+00          1.1360      Cf253
        98            254              0        4.500660E+00   0.000000E+00          1.0001      Cf254
        99            253              0        1.838800E+02   0.000000E+00          0.9993      Es253
        99            254              0        2.830070E+01   0.000000E+00          1.0107      Es254
        99            255              0        5.497960E+01   0.000000E+00          0.9996      Es255
