# header: 
#   title: (n,g) thermal cross section for jendl5.0
#   source: Resonancetables
#   date: 2025-12-18
# reaction: 
#   type: (n,g)
# quantity: 
#   type: thermal cross section
# datablock: 
#   columns: 7
#   entries: 390
##       Z              A            Liso           Value         dValue          Ratio         Nuclide
##      []             []             []             [b]            [b]            []             [%]
         1              1              0        3.325840E-01   0.000000E+00          1.0000      H001
         1              2              0        5.500010E-04   0.000000E+00          1.1111      H002
         2              3              0        5.402280E-05   0.000000E+00          0.9822      He003
         3              6              0        3.849130E-02   0.000000E+00          0.9794      Li006
         3              7              0        4.540000E-02   0.000000E+00          1.0271      Li007
         4              7              0        1.538420E-01   0.000000E+00          0.9925      Be007
         4              9              0        8.490010E-03   0.000000E+00          1.0266      Be009
         5             10              0        5.000000E-01   0.000000E+00          1.2690      B010
         5             11              0        5.074760E-03   0.000000E+00          0.5639      B011
         6             12              0        3.877440E-03   0.000000E+00          1.0019      C012
         6             13              0        1.487770E-03   0.000000E+00          0.9788      C013
         6             14              0        3.083290E-07   0.000000E+00          0.3083      C014
         7             14              0        7.499990E-02   0.000000E+00          0.9363      N014
         7             15              0        2.377310E-05   0.000000E+00          0.9905      N015
         8             16              0        1.898660E-04   0.000000E+00          1.0975      O016
         8             17              0        6.700050E-04   0.000000E+00          1.2408      O017
         8             18              0        1.408010E-04   0.000000E+00          0.9387      O018
         9             19              0        9.569880E-03   0.000000E+00          1.0447      F019
        10             20              0        3.680120E-02   0.000000E+00          0.9946      Ne020
        10             21              0        6.916920E-01   0.000000E+00          1.0386      Ne021
        10             22              0        5.270150E-02   0.000000E+00          1.0000      Ne022
        11             22              0        4.123800E+01   0.000000E+00          0.1636      Na022
        11             23              0        5.315650E-01   0.000000E+00          1.0362      Na023
        12             24              0        5.028890E-02   0.000000E+00          0.9347      Mg024
        12             25              0        1.903710E-01   0.000000E+00          0.9566      Mg025
        12             26              0        3.830910E-02   0.000000E+00          1.0326      Mg026
        13             27              0        2.303110E-01   0.000000E+00          1.0191      Al027
        14             28              0        1.691340E-01   0.000000E+00          0.9556      Si028
        14             29              0        1.199570E-01   0.000000E+00          1.0080      Si029
        14             30              0        1.070750E-01   0.000000E+00          0.9401      Si030
        15             31              0        1.661810E-01   0.000000E+00          1.0011      P031
        16             32              0        5.281960E-01   0.000000E+00          1.0197      S032
        16             33              0        3.500490E-01   0.000000E+00          0.7710      S033
        16             34              0        2.236010E-01   0.000000E+00          0.8734      S034
        16             36              0        1.504550E-01   0.000000E+00          0.4702      S036
        17             35              0        4.360090E+01   0.000000E+00          1.0000      Cl035
        17             36              0        9.971820E+00   0.000000E+00          0.9972      Cl036
        17             37              0        4.329850E-01   0.000000E+00          1.0358      Cl037
        18             36              0        5.242120E+00   0.000000E+00          1.0081      Ar036
        18             38              0        8.255800E-01   0.000000E+00          1.0320      Ar038
        18             39              0        5.652730E+02   0.000000E+00          0.9421      Ar039
        18             40              0        6.600030E-01   0.000000E+00          1.0264      Ar040
        19             39              0        2.126920E+00   0.000000E+00          1.0128      K039
        19             40              0        9.000170E+01   0.000000E+00          2.3685      K040
        19             41              0        1.460670E+00   0.000000E+00          1.0053      K041
        20             40              0        4.075270E-01   0.000000E+00          0.9940      Ca040
        20             41              0        4.022710E+00   0.000000E+00          1.0057      Ca041
        20             42              0        6.830320E-01   0.000000E+00          1.0045      Ca042
        20             43              0        6.202190E+00   0.000000E+00          1.0004      Ca043
        20             44              0        8.884260E-01   0.000000E+00          1.0096      Ca044
        20             46              0        7.400190E-01   0.000000E+00          1.0278      Ca046
        20             48              0        1.092800E+00   0.000000E+00          0.9561      Ca048
        21             45              0        2.713870E+01   0.000000E+00          1.0331      Sc045
        22             44              0        1.100030E+00   0.000000E+00          1.0000      Ti044
        22             46              0        5.896730E-01   0.000000E+00          0.9994      Ti046
        22             47              0        1.626120E+00   0.000000E+00          0.9976      Ti047
        22             48              0        8.315790E+00   0.000000E+00          0.9995      Ti048
        22             49              0        1.862330E+00   0.000000E+00          0.9959      Ti049
        22             50              0        1.795120E-01   0.000000E+00          1.0085      Ti050
        23             50              0        4.467460E+01   0.000000E+00          1.0950      V050
        23             51              0        4.917480E+00   0.000000E+00          1.0258      V051
        24             50              0        1.539990E+01   0.000000E+00          1.0145      Cr050
        24             52              0        8.558760E-01   0.000000E+00          0.9952      Cr052
        24             53              0        1.840590E+01   0.000000E+00          0.9896      Cr053
        24             54              0        4.111230E-01   0.000000E+00          1.0027      Cr054
        25             53              0        7.650260E+01   0.000000E+00          0.9871      Mn053
        25             54              0        3.800130E+01   0.000000E+00          1.0000      Mn054
        25             55              0        1.327020E+01   0.000000E+00          1.0046      Mn055
        26             54              0        2.253250E+00   0.000000E+00          0.9797      Fe054
        26             56              0        2.594610E+00   0.000000E+00          1.0018      Fe056
        26             57              0        2.481110E+00   0.000000E+00          1.0004      Fe057
        26             58              0        1.314490E+00   0.000000E+00          1.0151      Fe058
        26             60              0        2.260080E-01   0.000000E+00          1.0000      Fe060
        27             57              0        5.100180E+01   0.000000E+00          1.0000      Co057
        27             58              0        1.864070E+03   0.000000E+00          0.9811      Co058
        27             59              0        3.729680E+01   0.000000E+00          0.9836      Co059
        27             60              0        2.005960E+00   0.000000E+00          1.0030      Co060
        28             58              0        4.225350E+00   0.000000E+00          0.9625      Ni058
        28             59              0        7.557750E+01   0.000000E+00          1.0255      Ni059
        28             60              0        2.400250E+00   0.000000E+00          0.9797      Ni060
        28             61              0        2.508910E+00   0.000000E+00          1.1947      Ni061
        28             62              0        1.490000E+01   0.000000E+00          1.0000      Ni062
        28             63              0        2.430640E+01   0.000000E+00          1.0003      Ni063
        28             64              0        1.480010E+00   0.000000E+00          0.9125      Ni064
        29             63              0        4.505660E+00   0.000000E+00          0.9748      Cu063
        29             65              0        2.128480E+00   0.000000E+00          1.0707      Cu065
        30             64              0        7.872370E-01   0.000000E+00          1.0610      Zn064
        30             65              0        6.400230E+01   0.000000E+00          0.9697      Zn065
        30             66              0        6.178600E-01   0.000000E+00          0.9965      Zn066
        30             67              0        7.469650E+00   0.000000E+00          0.9960      Zn067
        30             68              0        1.065180E+00   0.000000E+00          0.9955      Zn068
        30             70              0        9.171740E-02   0.000000E+00          0.9969      Zn070
        31             69              0        1.717520E+00   0.000000E+00          0.8945      Ga069
        31             71              0        4.208550E+00   0.000000E+00          0.9109      Ga071
        32             70              0        3.051920E+00   0.000000E+00          1.0006      Ge070
        32             72              0        8.858040E-01   0.000000E+00          0.9953      Ge072
        32             73              0        1.470060E+01   0.000000E+00          1.0000      Ge073
        32             74              0        5.189210E-01   0.000000E+00          1.0378      Ge074
        32             76              0        1.546130E-01   0.000000E+00          0.9975      Ge076
        33             75              0        4.151570E+00   0.000000E+00          1.0772      As075
        34             74              0        5.180170E+01   0.000000E+00          0.9614      Se074
        34             76              0        8.499980E+01   0.000000E+00          1.0059      Se076
        34             77              0        4.100300E+01   0.000000E+00          0.9880      Se077
        34             78              0        4.300450E-01   0.000000E+00          1.0001      Se078
        34             79              0        5.000180E+01   0.000000E+00          1.0000      Se079
        34             80              0        6.100630E-01   0.000000E+00          1.0288      Se080
        34             82              0        4.420450E-02   0.000000E+00          1.0046      Se082
        35             79              0        1.100010E+01   0.000000E+00          1.0659      Br079
        35             81              0        2.355580E+00   0.000000E+00          0.9095      Br081
        36             78              0        4.731400E+00   0.000000E+00          1.0045      Kr078
        36             80              0        1.150000E+01   0.000000E+00          1.0000      Kr080
        36             82              0        1.907100E+01   0.000000E+00          1.0037      Kr082
        36             83              0        2.022800E+02   0.000000E+00          1.0268      Kr083
        36             84              0        1.100190E-01   0.000000E+00          1.0002      Kr084
        36             85              0        1.660060E+00   0.000000E+00          1.0000      Kr085
        36             86              0        2.999820E-03   0.000000E+00          0.9999      Kr086
        37             85              0        4.800540E-01   0.000000E+00          0.9563      Rb085
        37             87              0        1.200150E-01   0.000000E+00          1.1766      Rb087
        38             84              0        8.275620E-01   0.000000E+00          1.1591      Sr084
        38             86              0        1.040150E+00   0.000000E+00          1.0001      Sr086
        38             87              0        1.703100E+01   0.000000E+00          1.0198      Sr087
        38             88              0        5.800460E-03   0.000000E+00          1.0546      Sr088
        38             89              0        4.200150E-01   0.000000E+00          1.0000      Sr089
        38             90              0        1.040040E-02   0.000000E+00          1.0000      Sr090
        39             89              0        1.283650E+00   0.000000E+00          1.0029      Y089
        40             88              0        8.610310E+05   0.000000E+00          1.0000      Zr088
        40             90              0        1.092730E-02   0.000000E+00          0.7805      Zr090
        40             91              0        1.308230E+00   0.000000E+00          1.0063      Zr091
        40             92              0        1.269880E-01   0.000000E+00          0.9694      Zr092
        40             93              0        6.907260E-01   0.000000E+00          1.0011      Zr093
        40             94              0        5.028400E-02   0.000000E+00          0.9860      Zr094
        40             96              0        2.230410E-02   0.000000E+00          1.0827      Zr096
        41             93              0        1.793210E+00   0.000000E+00          1.5593      Nb093
        42             92              0        6.133510E-02   0.000000E+00          0.7667      Mo092
        42             94              0        3.391320E-01   0.000000E+00          0.9974      Mo094
        42             95              0        1.360020E+01   0.000000E+00          1.0149      Mo095
        42             96              0        4.469550E-01   0.000000E+00          0.8126      Mo096
        42             97              0        2.487660E+00   0.000000E+00          1.1308      Mo097
        42             98              0        1.321260E-01   0.000000E+00          1.0125      Mo098
        42            100              0        1.937800E-01   0.000000E+00          1.0040      Mo100
        43             99              0        2.377310E+01   0.000000E+00          1.0427      Tc099
        44             96              0        2.070070E-01   0.000000E+00          0.9012      Ru096
        44             99              0        7.309320E+00   0.000000E+00          1.0082      Ru099
        44            100              0        5.841020E+00   0.000000E+00          1.0071      Ru100
        44            101              0        5.230960E+00   0.000000E+00          1.0060      Ru101
        44            102              0        1.177930E+00   0.000000E+00          1.0225      Ru102
        44            103              0        9.551470E+00   0.000000E+00          7.9596      Ru103
        44            104              0        4.690570E-01   0.000000E+00          0.9307      Ru104
        44            106              0        1.450050E-01   0.000000E+00          0.9932      Ru106
        46            102              0        1.820230E+00   0.000000E+00          1.0001      Pd102
        46            104              0        6.241080E-01   0.000000E+00          0.9602      Pd104
        46            105              0        2.043020E+01   0.000000E+00          0.9729      Pd105
        46            106              0        3.169960E-01   0.000000E+00          1.0393      Pd106
        46            107              0        1.096690E+01   0.000000E+00          1.1544      Pd107
        46            108              0        8.039020E+00   0.000000E+00          0.9012      Pd108
        46            110              0        2.255490E-01   0.000000E+00          0.7518      Pd110
        47            110              1        8.197680E+01   0.000000E+00          0.9997      Ag110m
        47            111              0        3.000100E+00   0.000000E+00          1.0000      Ag111
        48            106              0        9.695860E-01   0.000000E+00          0.9834      Cd106
        48            108              0        7.865930E-01   0.000000E+00          0.8682      Cd108
        48            109              0        7.000240E+02   0.000000E+00          1.0000      Cd109
        48            110              0        1.105380E+01   0.000000E+00          1.0049      Cd110
        48            111              0        7.131020E+00   0.000000E+00          1.0335      Cd111
        48            112              0        2.192570E+00   0.000000E+00          0.9975      Cd112
        48            113              0        2.016050E+04   0.000000E+00          0.9998      Cd113
        48            114              0        3.404520E-01   0.000000E+00          1.1162      Cd114
        48            116              0        7.485120E-02   0.000000E+00          0.9849      Cd116
        49            113              0        1.208360E+01   0.000000E+00          1.0070      In113
        49            115              0        2.010770E+02   0.000000E+00          0.9954      In115
        50            112              0        8.605000E-01   0.000000E+00          1.5906      Sn112
        50            114              0        1.252870E-01   0.000000E+00          0.9637      Sn114
        50            115              0        5.820680E+01   0.000000E+00          1.3536      Sn115
        50            116              0        1.251210E-01   0.000000E+00          0.9699      Sn116
        50            117              0        1.080080E+00   0.000000E+00          1.0094      Sn117
        50            118              0        2.155110E-01   0.000000E+00          0.9796      Sn118
        50            119              0        2.175710E+00   0.000000E+00          0.9935      Sn119
        50            120              0        1.429720E-01   0.000000E+00          1.0068      Sn120
        50            122              0        1.395490E-01   0.000000E+00          0.9552      Sn122
        50            124              0        1.356650E-01   0.000000E+00          1.0124      Sn124
        50            126              0        9.000310E-02   0.000000E+00          0.1525      Sn126
        51            121              0        5.991560E+00   0.000000E+00          0.9495      Sb121
        51            123              0        4.186600E+00   0.000000E+00          1.0281      Sb123
        51            124              0        1.740060E+01   0.000000E+00          1.0000      Sb124
        52            120              0        6.560220E-01   0.000000E+00          0.2804      Te120
        52            122              0        4.007280E+00   0.000000E+00          1.0275      Te122
        52            123              0        4.182260E+02   0.000000E+00          0.9726      Te123
        52            124              0        6.784290E+00   0.000000E+00          1.0769      Te124
        52            125              0        1.292380E+00   0.000000E+00          1.0018      Te125
        52            126              0        4.399930E-01   0.000000E+00          1.1548      Te126
        52            128              0        1.860220E-01   0.000000E+00          0.9301      Te128
        52            130              0        1.861930E-01   0.000000E+00          0.9548      Te130
        53            125              0        8.940310E+02   0.000000E+00          0.9934      I125
        53            126              0        5.960210E+03   0.000000E+00          1.0000      I126
        53            127              0        6.400840E+00   0.000000E+00          1.1858      I127
        53            129              0        3.030870E+01   0.000000E+00          1.0003      I129
        54            124              0        1.483490E+02   0.000000E+00          0.9890      Xe124
        54            126              0        4.271940E+00   0.000000E+00          1.7295      Xe126
        54            128              0        5.203590E+00   0.000000E+00          1.4867      Xe128
        54            129              0        2.200480E+01   0.000000E+00          1.0478      Xe129
        54            130              0        4.810650E+00   0.000000E+00          1.3745      Xe130
        54            131              0        9.964340E+01   0.000000E+00          1.0714      Xe131
        54            132              0        4.450450E-01   0.000000E+00          0.9890      Xe132
        54            134              0        2.650250E-01   0.000000E+00          1.0001      Xe134
        54            136              0        1.300130E-01   0.000000E+00          0.5001      Xe136
        55            132              0        1.245600E+01   0.000000E+00          0.4152      Cs132
        55            133              0        3.218510E+01   0.000000E+00          1.0675      Cs133
        55            134              0        1.405940E+02   0.000000E+00          1.0000      Cs134
        55            135              0        8.571650E+00   0.000000E+00          0.9852      Cs135
        56            130              0        7.994100E+00   0.000000E+00          1.0081      Ba130
        56            132              0        8.074460E+00   0.000000E+00          0.9847      Ba132
        56            133              0        2.729090E+00   0.000000E+00          0.9747      Ba133
        56            134              0        1.500730E+00   0.000000E+00          1.0005      Ba134
        56            135              0        1.490050E+00   0.000000E+00          0.2569      Ba135
        56            136              0        6.802570E-01   0.000000E+00          1.0004      Ba136
        56            138              0        4.042830E-01   0.000000E+00          0.9982      Ba138
        56            140              0        1.570050E+00   0.000000E+00          0.9813      Ba140
        57            138              0        5.706280E+01   0.000000E+00          0.9976      La138
        57            139              0        8.937040E+00   0.000000E+00          0.9622      La139
        57            140              0        2.700090E+00   0.000000E+00          1.0000      La140
        58            136              0        4.228470E+00   0.000000E+00          0.9949      Ce136
        58            138              0        1.027010E+00   0.000000E+00          0.9971      Ce138
        58            140              0        5.701810E-01   0.000000E+00          0.9916      Ce140
        58            141              0        2.901390E+01   0.000000E+00          1.0005      Ce141
        58            142              0        9.610160E-01   0.000000E+00          0.9907      Ce142
        58            144              0        1.000030E+00   0.000000E+00          1.0000      Ce144
        59            141              0        1.147690E+01   0.000000E+00          1.0157      Pr141
        59            143              0        9.003830E+01   0.000000E+00          1.0004      Pr143
        60            142              0        1.869940E+01   0.000000E+00          1.0000      Nd142
        60            143              0        3.249930E+02   0.000000E+00          1.0000      Nd143
        60            144              0        3.624770E+00   0.000000E+00          1.0069      Nd144
        60            145              0        4.943650E+01   0.000000E+00          1.1715      Nd145
        60            146              0        1.489830E+00   0.000000E+00          1.1460      Nd146
        60            147              0        1.434850E+02   0.000000E+00          0.5979      Nd147
        60            148              0        2.581190E+00   0.000000E+00          1.0450      Nd148
        60            150              0        1.040400E+00   0.000000E+00          1.0004      Nd150
        61            147              0        1.676970E+02   0.000000E+00          0.9958      Pm147
        61            148              0        2.000070E+03   0.000000E+00          1.0000      Pm148
        61            148              1        1.064690E+04   0.000000E+00          0.9679      Pm148m
        62            144              0        1.640360E+00   0.000000E+00          1.0002      Sm144
        62            145              0        2.800100E+02   0.000000E+00          1.0000      Sm145
        62            147              0        5.701100E+01   0.000000E+00          1.0002      Sm147
        62            148              0        2.388400E+00   0.000000E+00          0.9952      Sm148
        62            149              0        4.052530E+04   0.000000E+00          1.0096      Sm149
        62            150              0        1.008710E+02   0.000000E+00          1.0293      Sm150
        62            151              0        1.516010E+04   0.000000E+00          1.0013      Sm151
        62            152              0        2.058410E+02   0.000000E+00          0.9992      Sm152
        62            154              0        8.393660E+00   0.000000E+00          1.0880      Sm154
        63            151              0        9.361750E+03   0.000000E+00          1.0143      Eu151
        63            152              0        1.274770E+04   0.000000E+00          0.9983      Eu152
        63            153              0        3.125740E+02   0.000000E+00          1.0083      Eu153
        63            154              0        1.352370E+03   0.000000E+00          1.0003      Eu154
        63            155              0        3.759460E+03   0.000000E+00          0.9518      Eu155
        64            152              0        7.348450E+02   0.000000E+00          0.9678      Gd152
        64            153              0        2.218740E+04   0.000000E+00          0.9879      Gd153
        64            154              0        8.503810E+01   0.000000E+00          1.0004      Gd154
        64            155              0        6.044740E+04   0.000000E+00          1.0019      Gd155
        64            156              0        1.827030E+00   0.000000E+00          1.0150      Gd156
        64            157              0        2.536110E+05   0.000000E+00          0.9985      Gd157
        64            158              0        2.200420E+00   0.000000E+00          1.0071      Gd158
        64            160              0        7.853740E-01   0.000000E+00          0.5038      Gd160
        65            158              0        9.889040E+01   0.000000E+00          0.1978      Tb158
        65            159              0        2.312840E+01   0.000000E+00          0.9645      Tb159
        65            160              0        3.506060E+02   0.000000E+00          1.0497      Tb160
        66            156              0        3.302610E+01   0.000000E+00          1.0008      Dy156
        66            158              0        4.293670E+01   0.000000E+00          0.9985      Dy158
        66            160              0        5.664100E+01   0.000000E+00          1.0298      Dy160
        66            161              0        5.999690E+02   0.000000E+00          0.9999      Dy161
        66            162              0        1.938090E+02   0.000000E+00          0.9990      Dy162
        66            163              0        1.241580E+02   0.000000E+00          0.9266      Dy163
        66            164              0        2.650620E+03   0.000000E+00          1.0464      Dy164
        67            165              0        6.469310E+01   0.000000E+00          1.0974      Ho165
        67            166              1        2.805960E+03   0.000000E+00          0.2603      Ho166m
        68            162              0        1.891210E+01   0.000000E+00          0.9954      Er162
        68            164              0        1.287130E+01   0.000000E+00          0.9901      Er164
        68            166              0        1.674330E+01   0.000000E+00          0.9907      Er166
        68            167              0        6.440560E+02   0.000000E+00          0.9924      Er167
        68            168              0        2.729250E+00   0.000000E+00          0.9961      Er168
        68            170              0        8.854520E+00   0.000000E+00          0.9871      Er170
        69            169              0        1.050390E+02   0.000000E+00          0.9909      Tm169
        69            170              0        9.219720E+01   0.000000E+00          1.0021      Tm170
        69            171              0        9.892730E+00   0.000000E+00          0.0618      Tm171
        70            168              0        2.307250E+03   0.000000E+00          0.8036      Yb168
        70            169              0        3.600120E+03   0.000000E+00          1.0000      Yb169
        70            170              0        9.912500E+00   0.000000E+00          0.9718      Yb170
        70            171              0        5.829870E+01   0.000000E+00          0.9915      Yb171
        70            172              0        1.312540E+00   0.000000E+00          1.0096      Yb172
        70            173              0        1.549610E+01   0.000000E+00          0.9997      Yb173
        70            174              0        6.319490E+01   0.000000E+00          1.0162      Yb174
        70            176              0        2.822730E+00   0.000000E+00          0.9667      Yb176
        71            175              0        2.294180E+01   0.000000E+00          0.9846      Lu175
        72            174              0        5.621740E+02   0.000000E+00          0.9760      Hf174
        72            176              0        2.213330E+01   0.000000E+00          0.9418      Hf176
        72            177              0        3.718820E+02   0.000000E+00          0.9943      Hf177
        72            178              0        8.403380E+01   0.000000E+00          1.0088      Hf178
        72            179              0        4.049180E+01   0.000000E+00          0.9876      Hf179
        72            180              0        1.292020E+01   0.000000E+00          0.9788      Hf180
        72            182              0        1.330040E+02   0.000000E+00          1.0000      Hf182
        73            179              0        9.830320E+02   0.000000E+00          1.0548      Ta179
        73            180              0        5.637650E+02   0.000000E+00          1.0014      Ta180
        73            181              0        2.046210E+01   0.000000E+00          1.0080      Ta181
        74            180              0        3.761180E+01   0.000000E+00          1.6866      W180
        74            182              0        1.986590E+01   0.000000E+00          0.9983      W182
        74            183              0        1.040190E+01   0.000000E+00          1.0002      W183
        74            184              0        1.697500E+00   0.000000E+00          0.9812      W184
        74            185              0        3.295910E+00   0.000000E+00          1.0986      W185
        74            186              0        3.809070E+01   0.000000E+00          1.0987      W186
        75            185              0        1.120080E+02   0.000000E+00          1.0001      Re185
        75            187              0        7.637450E+01   0.000000E+00          1.0210      Re187
        76            184              0        3.000100E+03   0.000000E+00          0.7990      Os184
        76            186              0        8.001420E+01   0.000000E+00          1.0002      Os186
        76            187              0        3.196390E+02   0.000000E+00          0.9989      Os187
        76            188              0        5.501850E+00   0.000000E+00          1.0003      Os188
        76            189              0        2.499690E+01   0.000000E+00          0.9999      Os189
        76            190              0        1.310550E+01   0.000000E+00          1.1914      Os190
        76            192              0        3.117000E+00   0.000000E+00          0.9771      Os192
        77            191              0        9.538110E+02   0.000000E+00          0.9998      Ir191
        77            192              0        1.607060E+03   0.000000E+00          1.0184      Ir192
        77            193              0        2.977740E+00   0.000000E+00          0.0251      Ir193
        78            190              0        1.514970E+02   0.000000E+00          0.9967      Pt190
        78            192              0        1.009510E+01   0.000000E+00          1.0095      Pt192
        78            194              0        1.430330E+00   0.000000E+00          0.9933      Pt194
        78            195              0        9.843340E-01   0.000000E+00          0.0322      Pt195
        78            196              0        7.516210E-01   0.000000E+00          1.2959      Pt196
        78            198              0        3.303840E+00   0.000000E+00          0.9804      Pt198
        79            197              0        9.868050E+01   0.000000E+00          1.0003      Au197
        79            198              0        2.055800E+00   0.000000E+00          0.0001      Au198
        80            196              0        3.077690E+03   0.000000E+00          0.9992      Hg196
        80            198              0        1.985540E+00   0.000000E+00          0.9978      Hg198
        80            199              0        2.149270E+03   0.000000E+00          0.9997      Hg199
        80            200              0        1.435610E+00   0.000000E+00          1.0254      Hg200
        80            201              0        7.783350E+00   0.000000E+00          1.5884      Hg201
        80            202              0        4.953460E+00   0.000000E+00          1.1416      Hg202
        80            204              0        4.345370E-01   0.000000E+00          0.9876      Hg204
        81            203              0        1.140740E+01   0.000000E+00          1.0006      Tl203
        81            204              0        2.160070E+01   0.000000E+00          1.0000      Tl204
        81            205              0        1.304840E-01   0.000000E+00          1.2547      Tl205
        82            204              0        7.030580E-01   0.000000E+00          1.0001      Pb204
        82            206              0        2.896080E-02   0.000000E+00          1.0380      Pb206
        82            207              0        6.487580E-01   0.000000E+00          1.0027      Pb207
        82            208              0        2.303070E-04   0.000000E+00          1.0013      Pb208
        83            209              0        3.420120E-02   0.000000E+00          0.8637      Bi209
        84            210              0        1.024850E-03   0.000000E+00          0.0342      Po210
        88            226              0        1.278880E+01   0.000000E+00          0.9335      Ra226
        89            227              0        8.000060E+02   0.000000E+00          0.8989      Ac227
        90            228              0        1.228620E+02   0.000000E+00          0.9989      Th228
        90            229              0        7.054470E+01   0.000000E+00          1.1233      Th229
        90            230              0        2.340550E+01   0.000000E+00          1.0221      Th230
        90            232              0        7.336650E+00   0.000000E+00          0.9994      Th232
        91            231              0        2.016290E+02   0.000000E+00          1.0071      Pa231
        91            232              0        5.888070E+02   0.000000E+00          0.9980      Pa232
        91            233              0        3.940800E+01   0.000000E+00          0.9977      Pa233
        92            232              0        7.537130E+01   0.000000E+00          1.0063      U232
        92            233              0        4.345710E+01   0.000000E+00          0.9509      U233
        92            234              0        1.002690E+02   0.000000E+00          0.9782      U234
        92            235              0        9.936810E+01   0.000000E+00          1.0057      U235
        92            236              0        5.121630E+00   0.000000E+00          1.0062      U236
        92            237              0        4.522180E+02   0.000000E+00          1.0208      U237
        92            238              0        2.682820E+00   0.000000E+00          1.0048      U238
        93            235              0        1.550040E+02   0.000000E+00          1.0334      Np235
        93            236              0        1.212180E+02   0.000000E+00          1.0018      Np236
        93            237              0        1.738670E+02   0.000000E+00          0.9724      Np237
        93            238              0        4.793190E+02   0.000000E+00          1.0007      Np238
        93            239              0        4.500020E+01   0.000000E+00          0.6618      Np239
        94            236              0        2.755040E+01   0.000000E+00          1.7327      Pu236
        94            238              0        5.064900E+02   0.000000E+00          1.0010      Pu238
        94            239              0        2.700670E+02   0.000000E+00          1.0028      Pu239
        94            240              0        2.892340E+02   0.000000E+00          0.9991      Pu240
        94            241              0        3.629430E+02   0.000000E+00          1.0023      Pu241
        94            242              0        1.949190E+01   0.000000E+00          0.9844      Pu242
        94            244              0        1.709900E+00   0.000000E+00          1.0058      Pu244
        95            241              0        7.087790E+02   0.000000E+00          0.9844      Am241
        95            242              1        1.141100E+03   0.000000E+00          0.8846      Am242m
        95            243              0        7.964180E+01   0.000000E+00          1.0605      Am243
        96            242              0        1.912730E+01   0.000000E+00          1.0014      Cm242
        96            243              0        1.313090E+02   0.000000E+00          0.9433      Cm243
        96            244              0        1.406750E+01   0.000000E+00          0.9194      Cm244
        96            245              0        3.469060E+02   0.000000E+00          0.9401      Cm245
        96            246              0        1.135460E+00   0.000000E+00          0.9307      Cm246
        96            247              0        5.991390E+01   0.000000E+00          1.0511      Cm247
        96            248              0        2.871410E+00   0.000000E+00          1.0918      Cm248
        97            249              0        7.108370E+02   0.000000E+00          0.9529      Bk249
        98            249              0        5.063390E+02   0.000000E+00          1.0188      Cf249
        98            250              0        2.017180E+03   0.000000E+00          0.9917      Cf250
        98            251              0        2.863390E+03   0.000000E+00          1.0047      Cf251
        98            252              0        2.070690E+01   0.000000E+00          1.0200      Cf252
        98            253              0        1.999400E+01   0.000000E+00          1.1360      Cf253
        98            254              0        4.500660E+00   0.000000E+00          1.0001      Cf254
        99            253              0        1.838800E+02   0.000000E+00          0.9993      Es253
        99            254              0        2.830070E+01   0.000000E+00          1.0107      Es254
        99            254              1        2.500310E+02   0.000000E+00          0.1389      Es254m
