# header: 
#   title: (n,g) thermal cross section for Kayzero
#   source: Resonancetables
#   date: 2025-10-13
# reaction: 
#   type: (n,g)
# quantity: 
#   type: thermal cross section
# datablock: 
#   columns: 7
#   entries: 79
##       Z              A            Liso           Value         dValue          Ratio         Nuclide
##      []             []             []             [b]            [b]            []             [%]
         9             19              0        9.160000E-03   1.000000E-04          1.0000      F019
        11             23              0        5.130000E-01   3.000000E-03          1.0000      Na023
        12             26              0        3.710000E-02   3.000000E-04          1.0000      Mg026
        13             27              0        2.260000E-01   2.000000E-03          1.0000      Al027
        14             30              0        1.139000E-01   1.000000E-03          1.0000      Si030
        16             36              0        3.200000E-01   3.200000E-01          1.0000      S036
        17             37              0        4.180000E-01   9.000000E-03          1.0000      Cl037
        18             40              0        6.430000E-01   6.430000E-01          1.0000      Ar040
        19             41              0        1.453000E+00   1.100000E-02          1.0000      K041
        20             46              0        7.200000E-01   5.400000E-01          1.0000      Ca046
        20             48              0        1.143000E+00   1.280000E-01          1.0000      Ca048
        21             45              0        2.627000E+01   1.000000E-01          1.0000      Sc045
        22             50              0        1.780000E-01   2.000000E-03          1.0000      Ti050
        23             51              0        4.794000E+00   7.400000E-02          1.0000      V051
        24             50              0        1.518000E+01   9.000000E-02          1.0000      Cr050
        25             55              0        1.321000E+01   7.000000E-02          1.0000      Mn055
        26             58              0        1.295000E+00   1.900000E-02          1.0000      Fe058
        27             59              0        3.792000E+01   1.200000E-01          1.0000      Co059
        28             64              0        1.622000E+00   1.100000E-02          1.0000      Ni064
        29             63              0        4.622000E+00   3.900000E-02          1.0000      Cu063
        29             65              0        1.988000E+00   2.200000E-02          1.0000      Cu065
        30             64              0        7.420000E-01   1.000000E-02          1.0000      Zn064
        33             75              0        3.854000E+00   1.110000E-01          1.0000      As075
        34             74              0        5.388000E+01   2.450000E+00          1.0000      Se074
        37             85              0        5.020000E-01   5.000000E-03          1.0000      Rb085
        37             87              0        1.020000E-01   1.000000E-03          1.0000      Rb087
        38             84              0        7.140000E-01   1.400000E-02          1.0000      Sr084
        40             94              0        5.100000E-02   1.000000E-03          1.0000      Zr094
        40             96              0        2.060000E-02   7.000000E-04          1.0000      Zr096
        41             93              0        1.150000E+00   1.390000E-01          1.0000      Nb093
        42             98              0        1.305000E-01   2.100000E-03          1.0000      Mo098
        42            100              0        1.930000E-01   5.000000E-03          1.0000      Mo100
        44             96              0        2.297000E-01   5.900000E-03          1.0000      Ru096
        44            102              0        1.152000E+00   1.200000E-02          1.0000      Ru102
        44            104              0        5.040000E-01   1.000000E-02          1.0000      Ru104
        45            103              0        1.705000E+02   4.270000E+01          1.0000      Rh103
        46            108              0        8.920000E+00   5.300000E-02          1.0000      Pd108
        47            107              0        3.243000E+01   2.210000E+00          1.0000      Ag107
        47            109              0        7.690000E+01   3.900000E+00          1.0000      Ag109
        50            112              0        5.410000E-01   7.000000E-03          1.0000      Sn112
        51            121              0        6.310000E+00   1.000000E-01          1.0000      Sb121
        51            123              0        4.072000E+00   1.500000E-02          1.0000      Sb123
        53            127              0        5.398000E+00   8.600000E-02          1.0000      I127
        55            133              0        3.015000E+01   3.300000E-01          1.0000      Cs133
        56            130              0        7.930000E+00   1.000000E-01          1.0000      Ba130
        56            138              0        4.050000E-01   2.900000E-02          1.0000      Ba138
        57            139              0        9.288000E+00   5.800000E-02          1.0000      La139
        58            140              0        5.750000E-01   6.000000E-03          1.0000      Ce140
        58            142              0        9.700000E-01   1.000000E-02          1.0000      Ce142
        60            146              0        1.300000E+00   2.000000E-02          1.0000      Nd146
        60            148              0        2.470000E+00   5.000000E-02          1.0000      Nd148
        62            154              0        7.715000E+00   3.460000E-01          1.0000      Sm154
        63            153              0        3.100000E+02   1.200000E+01          1.0000      Eu153
        64            152              0        7.593000E+02   4.590000E+01          1.0000      Gd152
        64            158              0        2.185000E+00   3.500000E-02          1.0000      Gd158
        64            160              0        1.559000E+00   2.390000E-01          1.0000      Gd160
        65            159              0        2.398000E+01   3.800000E-01          1.0000      Tb159
        66            164              0        2.533000E+03   5.700000E+01          1.0000      Dy164
        67            165              0        5.895000E+01   1.920000E+00          1.0000      Ho165
        68            170              0        8.970000E+00   3.300000E-01          1.0000      Er170
        69            169              0        1.060000E+02   2.000000E+00          1.0000      Tm169
        70            168              0        2.871000E+03   3.020000E+02          1.0000      Yb168
        70            174              0        6.219000E+01   1.480000E+00          1.0000      Yb174
        70            176              0        2.920000E+00   2.100000E-01          1.0000      Yb176
        71            176              0        2.215000E+03   5.900000E+01          1.0000      Lu176
        72            174              0        5.760000E+02   3.600000E+01          1.0000      Hf174
        72            180              0        1.320000E+01   5.000000E-01          1.0000      Hf180
        73            181              0        2.030000E+01   1.000000E+00          1.0000      Ta181
        74            186              0        3.467000E+01   1.030000E+00          1.0000      W186
        76            184              0        3.755000E+03   1.883000E+03          1.0000      Os184
        76            190              0        3.810000E+00   6.000000E-02          0.3464      Os190
        76            192              0        3.190000E+00   1.600000E-01          1.0000      Os192
        77            193              0        1.186000E+02   1.200000E+00          1.0000      Ir193
        78            198              0        3.370000E+00   7.000000E-02          1.0000      Pt198
        79            197              0        9.865000E+01   6.000000E-02          1.0000      Au197
        80            202              0        4.339000E+00   8.300000E-02          1.0000      Hg202
        80            204              0        4.400000E-01   1.000000E-02          1.0000      Hg204
        90            232              0        7.341000E+00   3.900000E-02          1.0000      Th232
        92            238              0        2.670000E+00   1.000000E-02          1.0000      U238
