# header: 
#   title: (n,g) thermal cross section for Mughabghab-2018
#   source: Resonancetables
#   date: 2025-10-02
# reaction: 
#   type: (n,g)
# quantity: 
#   type: thermal cross section
# datablock: 
#   columns: 7
#   entries: 451
##       Z              A            Liso           Value         dValue          Ratio         Nuclide
##      []             []             []             [b]            [b]            []             [%]
         1              1              0        3.326000E-01   7.000000E-04          1.0000      H001
         1              2              0        4.950000E-04   6.000000E-06          1.0000      H002
         2              3              0        5.500000E-05   3.000000E-06          1.0000      He003
         3              6              0        3.930000E-02   7.000000E-04          1.0000      Li006
         3              7              0        4.420000E-02   5.000000E-04          1.0000      Li007
         4              9              0        8.270000E-03   1.300000E-04          1.0000      Be009
         4             10              0        1.000000E-03   0.000000E+00          1.0000      Be010
         5             10              0        3.940000E-01   1.500000E-02          1.0000      B010
         5             11              0        9.000000E-03   2.000000E-04          1.0000      B011
         6             12              0        3.870000E-03   3.000000E-05          1.0000      C012
         6             13              0        1.520000E-03   7.000000E-05          1.0000      C013
         6             14              0        1.000000E-06   0.000000E+00          1.0000      C014
         7             14              0        8.010000E-02   6.000000E-04          1.0000      N014
         7             15              0        2.400000E-05   8.000000E-06          1.0000      N015
         8             16              0        1.730000E-04   6.000000E-06          1.0000      O016
         8             17              0        5.400000E-04   6.500000E-05          1.0000      O017
         8             18              0        1.500000E-04   1.000000E-05          1.0000      O018
         9             19              0        9.510000E-03   9.000000E-05          1.0382      F019
        10             20              0        3.700000E-02   4.000000E-03          1.0000      Ne020
        10             21              0        6.660000E-01   1.100000E-01          1.0000      Ne021
        10             22              0        5.270000E-02   7.000000E-04          1.0000      Ne022
        11             23              0        5.250000E-01   5.000000E-03          1.0234      Na023
        12             24              0        5.380000E-02   1.300000E-03          1.0000      Mg024
        12             25              0        1.990000E-01   3.000000E-03          1.0000      Mg025
        12             26              0        3.740000E-02   4.000000E-04          1.0081      Mg026
        13             26              1        1.000000E+00   1.000000E+00          1.0000      Al026m
        13             27              0        2.310000E-01   3.000000E-03          1.0221      Al027
        14             28              0        1.770000E-01   4.000000E-03          1.0000      Si028
        14             29              0        1.190000E-01   3.000000E-03          1.0000      Si029
        14             30              0        1.070000E-01   2.000000E-03          0.9394      Si030
        14             31              0        7.300000E-02   6.000000E-03          1.0000      Si031
        14             32              0        5.000000E-01   0.000000E+00          1.0000      Si032
        15             31              0        1.660000E-01   3.000000E-03          1.0000      P031
        16             32              0        5.180000E-01   1.400000E-02          1.0000      S032
        16             33              0        4.540000E-01   2.500000E-02          1.0000      S033
        16             34              0        2.560000E-01   9.000000E-03          1.0000      S034
        16             36              0        2.360000E-01   6.000000E-03          0.7375      S036
        17             35              0        4.360000E+01   4.000000E-01          1.0000      Cl035
        17             36              0        1.000000E+01   0.000000E+00          1.0000      Cl036
        17             37              0        4.330000E-01   6.000000E-03          1.0359      Cl037
        18             36              0        5.200000E+00   5.000000E-01          1.0000      Ar036
        18             38              0        8.000000E-01   2.000000E-01          1.0000      Ar038
        18             39              0        6.000000E+02   3.000000E+02          1.0000      Ar039
        18             40              0        6.600000E-01   1.000000E-02          1.0264      Ar040
        18             41              0        5.000000E-01   1.000000E-01          1.0000      Ar041
        19             39              0        2.100000E+00   2.000000E-01          1.0000      K039
        19             40              0        3.800000E+01   8.000000E+00          1.0000      K040
        19             41              0        1.460000E+00   3.000000E-02          1.0048      K041
        20             40              0        4.100000E-01   2.000000E-02          1.0000      Ca040
        20             41              0        4.000000E+00   0.000000E+00          1.0000      Ca041
        20             42              0        6.800000E-01   7.000000E-02          1.0000      Ca042
        20             43              0        6.200000E+00   6.000000E-01          1.0000      Ca043
        20             44              0        8.800000E-01   5.000000E-02          1.0000      Ca044
        20             45              0        1.500000E+01   0.000000E+00          1.0000      Ca045
        20             46              0        7.400000E-01   7.000000E-02          1.0278      Ca046
        20             48              0        1.090000E+00   7.000000E-02          0.9536      Ca048
        21             45              0        2.720000E+01   2.000000E-01          1.0354      Sc045
        21             46              0        8.000000E+00   1.000000E+00          1.0000      Sc046
        22             44              0        1.100000E+00   2.000000E-01          1.0000      Ti044
        22             46              0        5.900000E-01   1.800000E-01          1.0000      Ti046
        22             47              0        1.630000E+00   4.000000E-02          1.0000      Ti047
        22             48              0        8.320000E+00   1.600000E-01          1.0000      Ti048
        22             48              1        1.000000E+00   1.000000E+00          1.0000      Ti048m
        22             49              0        1.870000E+00   4.000000E-02          1.0000      Ti049
        22             50              0        1.790000E-01   3.000000E-03          1.0056      Ti050
        23             50              0        4.080000E+01   1.100000E+00          1.0000      V050
        23             51              0        4.940000E+00   4.000000E-02          1.0305      V051
        24             50              0        1.470000E+01   4.000000E-01          0.9684      Cr050
        24             52              0        8.600000E-01   2.000000E-02          1.0000      Cr052
        24             53              0        1.860000E+01   6.000000E-01          1.0000      Cr053
        24             54              0        4.100000E-01   4.000000E-02          1.0000      Cr054
        25             53              0        7.750000E+01   1.000000E+00          1.0000      Mn053
        25             54              0        3.800000E+01   0.000000E+00          1.0000      Mn054
        25             55              0        1.336000E+01   5.000000E-02          1.0114      Mn055
        26             53              1        1.000000E+00   1.000000E+00          1.0000      Fe053m
        26             54              0        2.300000E+00   7.000000E-02          1.0000      Fe054
        26             56              0        2.590000E+00   1.400000E-01          1.0000      Fe056
        26             57              0        2.480000E+00   3.000000E-01          1.0000      Fe057
        26             58              0        1.320000E+00   3.000000E-02          1.0193      Fe058
        26             60              0        2.260000E-01   4.900000E-02          1.0000      Fe060
        27             57              0        5.100000E+01   5.000000E+00          1.0000      Co057
        27             58              0        1.900000E+03   2.000000E+02          1.0000      Co058
        27             58              1        1.400000E+05   1.000000E+04          1.0000      Co058m
        27             59              0        3.718000E+01   6.000000E-02          0.9805      Co059
        27             60              0        2.000000E+00   2.000000E-01          1.0000      Co060
        27             60              1        5.800000E+01   8.000000E+00          1.0000      Co060m
        28             58              0        4.390000E+00   1.000000E-01          1.0000      Ni058
        28             59              0        7.370000E+01   1.800000E+00          1.0000      Ni059
        28             60              0        2.450000E+00   6.000000E-02          1.0000      Ni060
        28             61              0        2.100000E+00   4.000000E-01          1.0000      Ni061
        28             62              0        1.490000E+01   3.000000E-01          1.0000      Ni062
        28             63              0        2.430000E+01   3.000000E+00          1.0000      Ni063
        28             64              0        1.630000E+00   2.000000E-02          1.0049      Ni064
        28             65              0        2.240000E+01   2.000000E+00          1.0000      Ni065
        29             63              0        4.500000E+00   2.000000E-02          0.9736      Cu063
        29             64              0        2.700000E+02   1.700000E+02          1.0000      Cu064
        29             65              0        2.170000E+00   2.000000E-02          1.0915      Cu065
        29             66              0        1.350000E+02   1.000000E+01          1.0000      Cu066
        30             64              0        7.310000E-01   1.400000E-02          0.9852      Zn064
        30             66              0        6.200000E-01   6.000000E-02          1.0000      Zn066
        30             67              0        7.500000E+00   1.000000E-01          1.0000      Zn067
        30             68              0        1.070000E+00   1.000000E-01          1.0000      Zn068
        30             70              0        9.200000E-02   5.000000E-03          1.0000      Zn070
        31             69              0        1.920000E+00   1.100000E-01          1.0000      Ga069
        31             71              0        4.620000E+00   8.000000E-02          1.0000      Ga071
        32             68              0        1.000000E+00   5.000000E-01          1.0000      Ge068
        32             70              0        3.050000E+00   1.300000E-01          1.0000      Ge070
        32             72              0        8.900000E-01   8.000000E-02          1.0000      Ge072
        32             73              0        1.470000E+01   4.000000E-01          1.0000      Ge073
        32             74              0        5.000000E-01   2.000000E-02          1.0000      Ge074
        32             76              0        1.550000E-01   1.000000E-02          1.0000      Ge076
        33             75              0        4.090000E+00   8.000000E-02          1.0612      As075
        34             74              0        5.220000E+01   8.000000E-01          0.9688      Se074
        34             76              0        8.450000E+01   5.200000E+00          1.0000      Se076
        34             77              0        4.150000E+01   4.200000E+00          1.0000      Se077
        34             78              0        4.300000E-01   2.000000E-02          1.0000      Se078
        34             79              0        5.000000E+01   0.000000E+00          1.0000      Se079
        34             80              0        5.930000E-01   4.600000E-02          1.0000      Se080
        34             82              0        4.400000E-02   3.000000E-03          1.0000      Se082
        35             79              0        1.032000E+01   2.500000E-01          1.0000      Br079
        35             81              0        2.590000E+00   5.000000E-02          1.0000      Br081
        36             78              0        4.710000E+00   6.800000E-01          1.0000      Kr078
        36             80              0        1.150000E+01   5.000000E-01          1.0000      Kr080
        36             82              0        1.900000E+01   4.000000E+00          1.0000      Kr082
        36             83              0        1.970000E+02   1.000000E+01          1.0000      Kr083
        36             84              0        1.100000E-01   1.500000E-02          1.0000      Kr084
        36             85              0        1.660000E+00   2.000000E-01          1.0000      Kr085
        36             86              0        3.000000E-03   2.000000E-03          1.0000      Kr086
        37             85              0        4.940000E-01   7.000000E-03          0.9841      Rb085
        37             87              0        1.160000E-01   6.000000E-03          1.1373      Rb087
        37             88              0        1.000000E+00   3.000000E-01          1.0000      Rb088
        38             84              0        8.520000E-01   1.000000E-01          1.1933      Sr084
        38             86              0        1.040000E+00   7.000000E-02          1.0000      Sr086
        38             87              0        1.670000E+01   1.000000E+00          1.0000      Sr087
        38             88              0        5.500000E-03   4.000000E-04          1.0000      Sr088
        39             89              0        1.280000E+00   2.000000E-02          1.0000      Y089
        39             90              0        6.500000E+00   0.000000E+00          1.0000      Y090
        39             91              0        1.400000E+00   3.000000E-01          1.0000      Y091
        40             90              0        1.400000E-02   6.000000E-03          1.0000      Zr090
        40             91              0        1.300000E+00   1.500000E-01          1.0000      Zr091
        40             92              0        1.310000E-01   3.000000E-02          1.0000      Zr092
        40             93              0        6.900000E-01   1.300000E-01          1.0000      Zr093
        40             94              0        5.150000E-02   1.700000E-03          1.0098      Zr094
        40             96              0        2.110000E-02   6.000000E-04          1.0243      Zr096
        41             93              0        1.150000E+00   5.000000E-02          1.0000      Nb093
        41             95              0        7.000000E+00   0.000000E+00          1.0000      Nb095
        42             92              0        8.000000E-02   2.000000E-02          1.0000      Mo092
        42             94              0        3.400000E-01   6.000000E-02          1.0000      Mo094
        42             95              0        1.340000E+01   3.000000E-01          1.0000      Mo095
        42             96              0        5.500000E-01   1.000000E-01          1.0000      Mo096
        42             97              0        2.200000E+00   2.000000E-01          1.0000      Mo097
        42             98              0        1.300000E-01   6.000000E-03          0.9962      Mo098
        42            100              0        1.990000E-01   3.000000E-03          1.0311      Mo100
        43             98              0        9.300000E-01   2.000000E-02          1.0000      Tc098
        43             99              0        2.280000E+01   1.300000E+00          1.0000      Tc099
        44             96              0        2.500000E-01   2.000000E-02          1.0884      Ru096
        44             98              0        8.000000E+00   0.000000E+00          1.0000      Ru098
        44             99              0        7.250000E+00   1.000000E+00          1.0000      Ru099
        44            100              0        5.800000E+00   4.000000E-01          1.0000      Ru100
        44            101              0        5.200000E+00   3.000000E-01          1.0000      Ru101
        44            102              0        1.240000E+00   4.000000E-02          1.0764      Ru102
        44            104              0        4.910000E-01   1.000000E-02          0.9742      Ru104
        44            105              0        3.900000E-01   6.000000E-02          1.0000      Ru105
        44            106              0        1.460000E-01   4.500000E-02          1.0000      Ru106
        45            103              0        1.435000E+02   1.500000E+00          0.8416      Rh103
        45            104              0        4.000000E+01   3.000000E+01          1.0000      Rh104
        45            104              1        8.000000E+02   1.000000E+02          1.0000      Rh104m
        45            105              0        1.600000E+04   4.000000E+03          1.0000      Rh105
        46            104              0        6.500000E-01   7.000000E-02          1.0000      Pd104
        46            105              0        2.100000E+01   7.000000E-01          1.0000      Pd105
        46            106              0        3.050000E-01   3.000000E-02          1.0000      Pd106
        46            107              0        9.500000E+00   3.000000E-01          1.0000      Pd107
        46            108              0        7.700000E+00   5.000000E-01          0.8632      Pd108
        46            110              0        3.000000E-01   1.000000E-02          1.0000      Pd110
        47            107              0        3.480000E+01   7.000000E-01          1.0731      Ag107
        47            109              0        9.340000E+01   6.000000E-01          1.2146      Ag109
        47            110              1        8.200000E+01   1.100000E+01          1.0000      Ag110m
        47            111              0        3.000000E+00   2.000000E+00          1.0000      Ag111
        48            106              0        9.860000E-01   2.000000E-01          1.0000      Cd106
        48            108              0        9.060000E-01   2.600000E-01          1.0000      Cd108
        48            109              0        7.000000E+02   1.000000E+02          1.0000      Cd109
        48            110              0        1.100000E+01   1.000000E+00          1.0000      Cd110
        48            111              0        6.900000E+00   8.000000E-01          1.0000      Cd111
        48            112              0        2.198000E+00   5.000000E-01          1.0000      Cd112
        48            113              0        2.016367E+04   4.000000E+02          1.0000      Cd113
        48            114              0        3.050000E-01   1.800000E-02          1.0000      Cd114
        48            116              0        7.600000E-02   1.000000E-02          1.0000      Cd116
        49            113              0        1.200000E+01   6.000000E-01          1.0000      In113
        49            115              0        2.020000E+02   2.000000E+00          1.0000      In115
        50            112              0        5.130000E-01   3.000000E-02          0.9482      Sn112
        50            115              0        4.300000E+01   5.000000E+00          1.0000      Sn115
        50            116              0        1.290000E-01   4.000000E-02          1.0000      Sn116
        50            117              0        1.070000E+00   5.000000E-02          1.0000      Sn117
        50            118              0        2.200000E-01   5.000000E-02          1.0000      Sn118
        50            119              0        2.190000E+00   6.000000E-02          1.0000      Sn119
        50            120              0        1.420000E-01   3.000000E-02          1.0000      Sn120
        50            122              0        1.461000E-01   4.200000E-03          1.0000      Sn122
        50            124              0        1.340000E-01   6.000000E-03          1.0000      Sn124
        50            126              0        5.900000E-01   1.400000E-01          1.0000      Sn126
        51            121              0        5.770000E+00   1.000000E-02          0.9144      Sb121
        51            123              0        3.910000E+00   6.000000E-02          0.9602      Sb123
        52            122              0        3.900000E+00   4.000000E-01          1.0000      Te122
        52            123              0        4.300000E+02   1.500000E+01          1.0000      Te123
        52            124              0        6.300000E+00   7.000000E-01          1.0000      Te124
        52            125              0        1.290000E+00   1.600000E-01          1.0000      Te125
        52            126              0        3.810000E-01   1.500000E-02          1.0000      Te126
        52            127              1        3.380000E+03   3.000000E+02          1.0000      Te127m
        52            128              0        2.000000E-01   8.000000E-03          1.0000      Te128
        52            130              0        1.950000E-01   1.000000E-02          1.0000      Te130
        53            126              0        5.960000E+03   0.000000E+00          1.0000      I126
        53            129              0        3.030000E+01   1.200000E+00          1.0000      I129
        54            124              0        1.500000E+02   2.000000E+01          1.0000      Xe124
        54            126              0        2.470000E+00   2.500000E-01          1.0000      Xe126
        54            128              0        3.500000E+00   7.000000E-01          1.0000      Xe128
        54            129              0        2.100000E+01   3.000000E+00          1.0000      Xe129
        54            130              0        3.500000E+00   7.000000E-01          1.0000      Xe130
        54            131              0        9.300000E+01   9.000000E+00          1.0000      Xe131
        54            132              0        4.500000E-01   6.000000E-02          1.0000      Xe132
        54            133              0        1.900000E+02   9.000000E+01          1.0000      Xe133
        54            134              0        2.650000E-01   2.000000E-02          1.0000      Xe134
        54            135              0        2.650000E+06   1.100000E+05          1.0000      Xe135
        54            136              0        2.600000E-01   2.000000E-02          1.0000      Xe136
        55            132              0        3.000000E+01   1.100000E+00          1.0000      Cs132
        55            133              0        3.010000E+01   1.100000E+00          0.9983      Cs133
        55            134              0        1.406000E+02   8.500000E+00          1.0000      Cs134
        56            130              0        8.100000E+00   1.900000E-01          1.0214      Ba130
        56            132              0        8.200000E+00   3.000000E-01          1.0000      Ba132
        56            134              0        1.500000E+00   3.000000E-01          1.0000      Ba134
        56            135              0        5.800000E+00   9.000000E-01          1.0000      Ba135
        56            136              0        6.800000E-01   1.700000E-01          1.0000      Ba136
        56            137              0        3.600000E+00   2.000000E-01          1.0000      Ba137
        56            138              0        4.040000E-01   1.000000E-02          0.9975      Ba138
        56            139              0        6.200000E+00   1.600000E+00          1.0000      Ba139
        56            140              0        1.600000E+00   3.000000E-01          1.0000      Ba140
        57            138              0        5.720000E+01   5.700000E+00          1.0000      La138
        57            139              0        9.210000E+00   4.000000E-02          0.9916      La139
        57            140              0        2.700000E+00   3.000000E-01          1.0000      La140
        58            136              0        4.250000E+00   1.800000E-01          1.0000      Ce136
        58            138              0        1.030000E+00   5.000000E-02          1.0000      Ce138
        58            139              0        5.000000E+02   0.000000E+00          1.0000      Ce139
        58            140              0        5.100000E-01   2.000000E-02          0.8870      Ce140
        58            141              0        2.900000E+01   3.000000E+00          1.0000      Ce141
        58            142              0        9.600000E-01   2.000000E-02          0.9897      Ce142
        58            143              0        6.000000E+00   7.000000E-01          1.0000      Ce143
        58            144              0        1.000000E+00   1.000000E-01          1.0000      Ce144
        59            141              0        1.130000E+01   2.000000E-01          1.0000      Pr141
        59            142              0        2.000000E+01   3.000000E+00          1.0000      Pr142
        59            143              0        9.000000E+01   1.000000E+01          1.0000      Pr143
        60            142              0        1.870000E+01   7.000000E-01          1.0000      Nd142
        60            143              0        3.250000E+02   1.000000E+01          1.0000      Nd143
        60            144              0        3.600000E+00   3.000000E-01          1.0000      Nd144
        60            145              0        4.220000E+01   3.000000E+00          1.0000      Nd145
        60            147              0        2.400000E+02   8.200000E+01          1.0000      Nd147
        61            146              0        8.400000E+03   1.680000E+03          1.0000      Pm146
        61            147              0        1.684000E+02   3.500000E+00          1.0000      Pm147
        61            148              0        2.000000E+03   1.000000E+03          1.0000      Pm148
        61            148              1        1.100000E+04   2.000000E+03          1.0000      Pm148m
        61            149              0        1.400000E+03   3.000000E+02          1.0000      Pm149
        61            151              0        7.000000E+02   0.000000E+00          1.0000      Pm151
        62            144              0        1.640000E+00   1.000000E-01          1.0000      Sm144
        62            145              0        2.800000E+02   2.100000E+01          1.0000      Sm145
        62            147              0        5.700000E+01   3.000000E+00          1.0000      Sm147
        62            148              0        2.400000E+00   6.000000E-01          1.0000      Sm148
        62            149              0        4.014000E+04   6.000000E+02          1.0000      Sm149
        62            150              0        9.800000E+01   4.000000E+00          1.0000      Sm150
        62            151              0        1.514000E+04   3.000000E+02          1.0000      Sm151
        62            152              0        2.060000E+02   3.000000E+00          1.0000      Sm152
        62            154              0        8.500000E+00   5.000000E-01          1.1017      Sm154
        63            151              0        9.230000E+03   1.000000E+02          1.0000      Eu151
        63            152              0        1.277000E+04   6.000000E+02          1.0000      Eu152
        63            152              1        1.840000E+04   4.000000E+03          1.0000      Eu152m
        63            153              0        3.120000E+02   7.000000E+00          1.0065      Eu153
        63            154              0        1.446000E+03   8.000000E+01          1.0000      Eu154
        63            155              0        3.950000E+03   1.250000E+02          1.0000      Eu155
        64            152              0        7.550000E+02   2.000000E+01          0.9943      Gd152
        64            153              0        2.246000E+04   3.000000E+02          1.0000      Gd153
        64            154              0        8.500000E+01   1.200000E+01          1.0000      Gd154
        64            155              0        6.033000E+04   5.000000E+02          1.0000      Gd155
        64            156              0        1.800000E+00   7.000000E-01          1.0000      Gd156
        64            157              0        2.540000E+05   8.150000E+02          1.0000      Gd157
        64            158              0        2.220000E+00   1.000000E-01          1.0160      Gd158
        64            160              0        1.400000E+00   3.000000E-01          0.8980      Gd160
        65            158              0        5.000000E+02   4.000000E+02          1.0000      Tb158
        65            159              0        2.380000E+01   3.000000E-01          0.9925      Tb159
        65            160              0        3.340000E+02   6.400000E+01          1.0000      Tb160
        66            156              0        3.300000E+01   3.000000E+00          1.0000      Dy156
        66            158              0        4.300000E+01   6.000000E+00          1.0000      Dy158
        66            160              0        5.500000E+01   3.000000E+00          1.0000      Dy160
        66            161              0        6.000000E+02   2.500000E+01          1.0000      Dy161
        66            162              0        1.940000E+02   1.000000E+01          1.0000      Dy162
        66            163              0        1.340000E+02   7.000000E+00          1.0000      Dy163
        66            164              0        2.650000E+03   2.500000E+01          1.0462      Dy164
        66            165              0        3.600000E+03   3.000000E+02          1.0000      Dy165
        66            165              1        2.000000E+03   6.000000E+02          1.0000      Dy165m
        67            165              0        6.440000E+01   1.200000E+00          1.0925      Ho165
        67            166              1        1.077800E+04   6.000000E+02          1.0000      Ho166m
        68            162              0        1.900000E+01   2.000000E+00          1.0000      Er162
        68            164              0        1.300000E+01   2.000000E+00          1.0000      Er164
        68            166              0        1.690000E+01   1.600000E+00          1.0000      Er166
        68            167              0        6.490000E+02   8.000000E+00          1.0000      Er167
        68            168              0        2.740000E+00   8.000000E-02          1.0000      Er168
        68            170              0        8.150000E+00   3.500000E-01          0.9086      Er170
        68            171              0        2.800000E+02   3.000000E+01          1.0000      Er171
        69            169              0        1.070000E+02   2.000000E+00          1.0094      Tm169
        69            170              0        9.200000E+01   4.000000E+00          1.0000      Tm170
        69            171              0        1.600000E+02   2.000000E+01          1.0000      Tm171
        70            168              0        3.033000E+03   7.000000E+01          1.0564      Yb168
        70            169              0        3.600000E+03   3.000000E+02          1.0000      Yb169
        70            170              0        1.020000E+01   1.800000E+00          1.0000      Yb170
        70            171              0        5.880000E+01   3.800000E+00          1.0000      Yb171
        70            172              0        1.300000E+00   8.000000E-01          1.0000      Yb172
        70            173              0        1.550000E+01   1.500000E+00          1.0000      Yb173
        70            174              0        6.320000E+01   1.500000E+00          1.0162      Yb174
        70            176              0        2.850000E+00   5.000000E-02          0.9760      Yb176
        71            175              0        2.330000E+01   1.100000E+00          1.0000      Lu175
        71            176              0        2.057000E+03   7.000000E+01          0.9287      Lu176
        71            177              0        8.800000E+02   7.500000E+01          1.0000      Lu177
        71            177              1        4.170000E+02   2.600000E+01          1.0000      Lu177m
        72            174              0        5.490000E+02   8.000000E+00          0.9531      Hf174
        72            176              0        2.350000E+01   3.100000E+00          1.0000      Hf176
        72            177              0        3.740000E+02   8.000000E+00          1.0000      Hf177
        72            178              0        8.330000E+01   4.000000E+00          1.0000      Hf178
        72            178              2        4.500000E+01   5.000000E+00          1.0000      Hf178n
        72            179              0        4.100000E+01   3.000000E+00          1.0000      Hf179
        72            180              0        1.304000E+01   7.000000E-02          0.9879      Hf180
        72            181              0        4.000000E+01   3.000000E+01          1.0000      Hf181
        72            182              0        1.330000E+02   1.000000E+01          1.0000      Hf182
        73            179              0        9.320000E+02   6.200000E+01          1.0000      Ta179
        73            180              1        5.630000E+02   6.000000E+01          1.0000      Ta180m
        73            181              0        2.040000E+01   3.000000E-01          1.0049      Ta181
        73            182              0        8.200000E+03   6.000000E+02          1.0000      Ta182
        74            180              0        2.230000E+01   1.700000E+00          1.0000      W180
        74            182              0        1.990000E+01   3.000000E-01          1.0000      W182
        74            183              0        1.040000E+01   2.000000E-01          1.0000      W183
        74            184              0        1.730000E+00   9.000000E-02          1.0000      W184
        74            185              0        3.000000E+00   3.000000E-01          1.0000      W185
        74            186              0        3.810000E+01   5.000000E-01          1.0989      W186
        74            187              0        6.400000E+01   1.000000E+01          1.0000      W187
        75            184              0        8.900000E+03   0.000000E+00          1.0000      Re184
        75            185              0        1.120000E+02   2.000000E+00          1.0000      Re185
        75            187              0        7.480000E+01   1.000000E+00          1.0000      Re187
        75            188              0        2.000000E+00   0.000000E+00          1.0000      Re188
        76            184              0        3.000000E+03   1.500000E+02          0.7989      Os184
        76            186              0        8.000000E+01   1.300000E+01          1.0000      Os186
        76            187              0        3.200000E+02   1.000000E+01          1.0000      Os187
        76            188              0        5.500000E+00   1.100000E+00          1.0000      Os188
        76            189              0        2.500000E+01   4.000000E+00          1.0000      Os189
        76            190              0        1.100000E+01   5.000000E-01          1.0000      Os190
        76            191              0        3.830000E+02   5.400000E+01          1.0000      Os191
        76            192              0        3.160000E+00   1.600000E-01          0.9906      Os192
        76            193              0        3.800000E+01   1.000000E+01          1.0000      Os193
        77            191              0        9.540000E+02   1.000000E+01          1.0000      Ir191
        77            192              0        1.578000E+03   2.000000E+02          1.0000      Ir192
        77            193              0        1.110000E+02   5.000000E+00          0.9359      Ir193
        77            194              0        1.570000E+03   2.900000E+02          1.0000      Ir194
        78            190              0        1.520000E+02   4.000000E+00          1.0000      Pt190
        78            192              0        1.000000E+01   2.500000E+00          1.0000      Pt192
        78            194              0        1.440000E+00   1.900000E-01          1.0000      Pt194
        78            195              0        3.060000E+01   1.200000E+00          1.0000      Pt195
        78            196              0        5.800000E-01   3.000000E-02          1.0000      Pt196
        78            198              0        3.260000E+00   6.000000E-02          0.9674      Pt198
        78            199              0        1.500000E+01   1.000000E+01          1.0000      Pt199
        79            197              0        9.865000E+01   9.000000E-02          1.0000      Au197
        79            198              0        2.510000E+04   3.700000E+02          1.0000      Au198
        79            199              0        3.000000E+01   1.500000E+01          1.0000      Au199
        80            196              0        3.080000E+03   1.800000E+02          1.0000      Hg196
        80            199              0        2.150000E+03   4.800000E+01          1.0000      Hg199
        80            201              0        4.900000E+00   6.000000E-01          1.0000      Hg201
        80            202              0        4.910000E+00   5.000000E-02          1.1316      Hg202
        80            204              0        4.300000E-01   1.000000E-01          0.9773      Hg204
        81            203              0        1.140000E+01   2.000000E-01          1.0000      Tl203
        81            204              0        2.160000E+01   2.000000E+00          1.0000      Tl204
        81            205              0        1.040000E-01   1.700000E-02          1.0000      Tl205
        81            206              1        1.000000E+00   1.000000E+00          1.0000      Tl206m
        81            207              1        1.000000E+00   1.000000E+00          1.0000      Tl207m
        82            204              0        7.030000E-01   3.500000E-02          1.0000      Pb204
        82            206              0        2.790000E-02   6.000000E-04          1.0000      Pb206
        82            207              0        6.470000E-01   9.000000E-03          1.0000      Pb207
        82            208              0        2.300000E-04   2.000000E-05          1.0000      Pb208
        82            210              0        5.000000E-01   5.000000E-01          1.0000      Pb210
        83            209              0        3.960000E-02   1.100000E-03          1.0000      Bi209
        83            210              1        5.400000E-02   5.000000E-03          1.0000      Bi210m
        84            210              0        3.000000E-02   1.000000E-02          1.0000      Po210
        84            212              1        1.000000E+00   1.000000E+00          1.0000      Po212m
        86            220              0        2.000000E-01   0.000000E+00          1.0000      Rn220
        86            222              0        7.200000E-01   7.000000E-05          1.0000      Rn222
        88            223              0        1.300000E+02   2.000000E+01          1.0000      Ra223
        88            224              0        1.200000E+01   5.000000E-01          1.0000      Ra224
        88            226              0        1.370000E+01   7.000000E-01          1.0000      Ra226
        88            228              0        3.600000E+01   5.000000E+00          1.0000      Ra228
        89            227              0        8.900000E+02   3.000000E+01          1.0000      Ac227
        90            228              0        1.230000E+02   1.500000E+01          1.0000      Th228
        90            229              0        6.280000E+01   6.000000E+00          1.0000      Th229
        90            230              0        2.290000E+01   3.000000E-01          1.0000      Th230
        90            232              0        7.350000E+00   3.000000E-02          1.0012      Th232
        90            233              0        1.330000E+03   5.000000E+01          1.0000      Th233
        90            234              0        1.800000E+00   5.000000E-01          1.0000      Th234
        91            231              0        2.002000E+02   2.300000E+00          1.0000      Pa231
        91            232              0        5.900000E+02   6.900000E+01          1.0000      Pa232
        91            233              0        3.950000E+01   1.100000E+00          1.0000      Pa233
        92            229              0        9.880000E+01   8.000000E-01          1.0000      U229
        92            232              0        7.490000E+01   1.600000E+00          1.0000      U232
        92            233              0        4.570000E+01   7.000000E-01          1.0000      U233
        92            234              0        1.025000E+02   1.300000E+00          1.0000      U234
        92            235              0        9.880000E+01   8.000000E-01          1.0000      U235
        92            236              0        5.090000E+00   1.000000E-01          1.0000      U236
        92            237              0        4.430000E+02   1.670000E+02          1.0000      U237
        92            238              0        2.682000E+00   1.900000E-02          1.0045      U238
        92            239              0        2.200000E+01   5.000000E+00          1.0000      U239
        93            235              0        1.500000E+02   2.000000E+00          1.0000      Np235
        93            237              0        1.788000E+02   2.900000E+00          1.0000      Np237
        93            238              0        4.790000E+02   2.400000E+01          1.0000      Np238
        93            239              0        6.800000E+01   1.000000E+01          1.0000      Np239
        94            236              0        1.590000E+01   0.000000E+00          1.0000      Pu236
        94            238              0        5.060000E+02   1.600000E+01          1.0000      Pu238
        94            239              0        2.693000E+02   2.900000E+00          1.0000      Pu239
        94            240              0        2.895000E+02   1.400000E+00          1.0000      Pu240
        94            241              0        3.621000E+02   5.100000E+00          1.0000      Pu241
        94            242              0        1.980000E+01   7.000000E-01          1.0000      Pu242
        94            243              0        8.700000E+01   1.000000E+01          1.0000      Pu243
        94            244              0        1.700000E+00   1.000000E-01          1.0000      Pu244
        94            245              0        1.500000E+02   3.000000E+01          1.0000      Pu245
        95            241              0        7.200000E+02   2.000000E+01          1.0000      Am241
        95            242              0        3.300000E+02   5.000000E+01          1.0000      Am242
        95            242              1        1.290000E+03   3.000000E+02          1.0000      Am242m
        95            243              0        7.510000E+01   1.800000E+00          1.0000      Am243
        96            242              0        1.910000E+01   1.500000E+00          1.0000      Cm242
        96            243              0        1.392000E+02   9.800000E+00          1.0000      Cm243
        96            244              0        1.530000E+01   1.200000E+00          1.0000      Cm244
        96            245              0        3.690000E+02   1.700000E+01          1.0000      Cm245
        96            246              0        1.220000E+00   1.600000E-01          1.0000      Cm246
        96            247              0        5.700000E+01   1.000000E+01          1.0000      Cm247
        96            248              0        2.630000E+00   2.600000E-01          1.0000      Cm248
        96            249              0        1.600000E+00   8.000000E-01          1.0000      Cm249
        97            249              0        7.460000E+02   4.000000E+01          1.0000      Bk249
        97            250              0        3.500000E+02   0.000000E+00          1.0000      Bk250
        98            249              0        4.970000E+02   2.100000E+01          1.0000      Cf249
        98            250              0        2.034000E+03   2.000000E+02          1.0000      Cf250
        98            251              0        2.850000E+03   1.500000E+02          1.0000      Cf251
        98            252              0        2.030000E+01   1.500000E+00          1.0000      Cf252
        98            253              0        1.760000E+01   1.800000E+00          1.0000      Cf253
        98            254              0        4.500000E+00   1.500000E+00          1.0000      Cf254
        99            253              0        1.840000E+02   1.500000E+01          1.0000      Es253
        99            254              0        2.800000E+01   3.000000E+00          1.0000      Es254
        99            254              1        1.800000E+03   2.000000E+02          1.0000      Es254m
        99            255              0        5.500000E+01   1.000000E+01          1.0000      Es255
       100            253              0        2.000000E+01   0.000000E+00          1.0000      Fm253
       100            254              0        7.600000E+01   0.000000E+00          1.0000      Fm254
       100            255              0        2.600000E+01   3.000000E+00          1.0000      Fm255
       100            256              0        4.500000E+01   0.000000E+00          1.0000      Fm256
       100            257              0        3.000000E+00   0.000000E+00          1.0000      Fm257
