# header: 
#   title: (n,g) thermal cross section for RIPL-3
#   source: Resonancetables
#   date: 2025-11-14
# reaction: 
#   type: (n,g)
# quantity: 
#   type: thermal cross section
# datablock: 
#   columns: 7
#   entries: 405
##       Z              A            Liso           Value         dValue          Ratio         Nuclide
##      []             []             []             [b]            [b]            []             [%]
         1              1              0        3.320000E-01   2.000000E-03          0.9982      H001
         1              2              0        5.200000E-04   1.000000E-04          1.0505      H002
         1              3              0        6.000000E-06   0.000000E+00          1.0000      H003
         2              3              0        5.000000E-05   1.000000E-05          0.9091      He003
         3              6              0        3.900000E-02   5.000000E-03          0.9924      Li006
         3              7              0        4.500000E-02   5.000000E-03          1.0181      Li007
         4              9              0        8.000000E-03   1.000000E-03          0.9674      Be009
         4             10              0        1.000000E-03   0.000000E+00          1.0000      Be010
         5             10              0        3.000000E-01   1.000000E-01          0.7614      B010
         5             11              0        5.000000E-03   3.000000E-03          0.5556      B011
         6             12              0        3.500000E-03   1.000000E-04          0.9044      C012
         6             13              0        1.400000E-03   1.000000E-04          0.9211      C013
         6             14              0        1.000000E-06   0.000000E+00          1.0000      C014
         7             14              0        8.000000E-02   1.000000E-03          0.9988      N014
         7             15              0        4.000000E-05   1.000000E-05          1.6667      N015
         8             16              0        1.900000E-04   2.000000E-05          1.0983      O016
         8             17              0        5.400000E-04   7.000000E-04          1.0000      O017
         8             18              0        1.600000E-04   1.000000E-05          1.0667      O018
         9             19              0        9.500000E-03   7.000000E-04          1.0371      F019
        10             20              0        4.000000E-02   1.000000E-02          1.0811      Ne020
        10             21              0        7.000000E-01   1.000000E-01          1.0511      Ne021
        10             22              0        5.000000E-02   1.000000E-02          0.9488      Ne022
        12             24              0        5.300000E-02   6.000000E-03          0.9851      Mg024
        12             25              0        1.700000E-01   5.000000E-02          0.8543      Mg025
        12             26              0        3.700000E-02   2.000000E-03          0.9973      Mg026
        13             27              0        2.300000E-01   2.000000E-03          1.0177      Al027
        14             28              0        1.700000E-01   1.000000E-02          0.9605      Si028
        14             29              0        1.200000E-01   1.000000E-02          1.0084      Si029
        14             30              0        1.070000E-01   4.000000E-03          0.9394      Si030
        14             31              0        7.300000E-02   6.000000E-03          1.0000      Si031
        15             31              0        1.600000E-01   2.000000E-02          0.9639      P031
        16             32              0        5.500000E-01   5.000000E-02          1.0618      S032
        16             33              0        4.600000E-01   3.000000E-02          1.0132      S033
        16             34              0        2.900000E-01   6.000000E-02          1.1328      S034
        16             36              0        2.000000E-01   3.000000E-02          0.6250      S036
        17             35              0        4.370000E+01   4.000000E-01          1.0023      Cl035
        17             36              0        1.000000E+01   0.000000E+00          1.0000      Cl036
        17             37              0        4.200000E-01   6.000000E-03          1.0048      Cl037
        18             36              0        5.600000E+00   5.000000E-01          1.0769      Ar036
        18             38              0        8.000000E-01   2.000000E-01          1.0000      Ar038
        18             39              0        6.000000E+02   2.000000E+02          1.0000      Ar039
        18             40              0        6.400000E-01   3.000000E-02          0.9953      Ar040
        18             41              0        5.000000E-01   1.000000E-01          1.0000      Ar041
        19             39              0        2.100000E+00   2.000000E-01          1.0000      K039
        19             40              0        3.000000E+01   8.000000E+00          0.7895      K040
        19             41              0        1.460000E+00   3.000000E-02          1.0048      K041
        20             40              0        4.100000E-01   3.000000E-02          1.0000      Ca040
        20             41              0        4.000000E+00   0.000000E+00          1.0000      Ca041
        20             42              0        6.500000E-01   1.000000E-01          0.9559      Ca042
        20             43              0        6.000000E+00   1.000000E+00          0.9677      Ca043
        20             44              0        8.000000E-01   2.000000E-01          0.9091      Ca044
        20             45              0        1.500000E+01   0.000000E+00          1.0000      Ca045
        20             46              0        7.000000E-01   2.000000E-01          0.9722      Ca046
        20             48              0        1.100000E+00   1.000000E-01          0.9624      Ca048
        21             45              0        2.700000E+01   2.000000E-01          1.0278      Sc045
        21             46              0        8.000000E+00   1.000000E+00          1.0000      Sc046
        22             44              0        1.100000E+00   2.000000E-01          1.0000      Ti044
        22             46              0        6.000000E-01   2.000000E-01          1.0169      Ti046
        22             47              0        1.600000E+00   2.000000E-01          0.9816      Ti047
        22             48              0        7.900000E+00   9.000000E-01          0.9495      Ti048
        22             49              0        1.900000E+00   5.000000E-01          1.0160      Ti049
        22             50              0        1.790000E-01   3.000000E-03          1.0056      Ti050
        23             50              0        4.000000E+01   2.000000E+01          0.9804      V050
        23             51              0        4.900000E+00   1.000000E-01          1.0221      V051
        24             50              0        1.500000E+01   1.000000E-01          0.9881      Cr050
        24             51              0        0.000000E+00   0.000000E+00          0.0000      Cr051
        24             52              0        8.000000E-01   1.000000E-01          0.9302      Cr052
        24             53              0        1.800000E+01   2.000000E+00          0.9677      Cr053
        24             54              0        3.600000E-01   4.000000E-02          0.8780      Cr054
        25             52              0        6.000000E+01   7.000000E+00          1.0000      Mn052
        25             53              0        7.000000E+01   1.000000E+01          0.9032      Mn053
        25             54              0        1.000000E+01   0.000000E+00          0.2632      Mn054
        25             55              0        1.330000E+01   1.000000E-01          1.0068      Mn055
        26             54              0        2.700000E+00   5.000000E-01          1.1739      Fe054
        26             55              0        1.300000E+01   2.000000E+00          1.0000      Fe055
        26             56              0        2.600000E+00   2.000000E-01          1.0039      Fe056
        26             57              0        2.500000E+00   5.000000E-01          1.0081      Fe057
        26             58              0        1.300000E+00   1.000000E-01          1.0039      Fe058
        26             59              0        1.300000E+01   3.000000E+00          1.0000      Fe059
        27             57              0        5.050000E+01   4.600000E+00          0.9902      Co057
        27             58              0        1.900000E+03   9.500000E+01          1.0000      Co058
        27             58              1        1.050000E+05   1.000000E+04          0.7500      Co058m
        27             59              0        3.720000E+01   6.000000E-02          0.9810      Co059
        27             59              1        5.800000E+01   8.000000E+00          1.0000      Co059m
        27             60              0        2.000000E+00   2.000000E-01          1.0000      Co060
        28             58              0        4.600000E+00   4.000000E-01          1.0478      Ni058
        28             59              0        9.200000E+01   4.100000E+00          1.2483      Ni059
        28             60              0        2.900000E+00   3.000000E-01          1.1837      Ni060
        28             61              0        2.500000E+00   5.000000E-01          1.1905      Ni061
        28             62              0        1.500000E+01   1.000000E-01          1.0067      Ni062
        28             63              0        2.400000E+01   3.000000E+00          0.9877      Ni063
        28             64              0        1.800000E+00   1.000000E-01          1.1097      Ni064
        29             63              0        4.500000E+00   2.000000E-02          0.9736      Cu063
        29             64              0        2.700000E+02   0.000000E+00          1.0000      Cu064
        29             65              0        2.170000E+00   3.000000E-02          1.0915      Cu065
        30             64              0        7.400000E-01   5.000000E-02          0.9973      Zn064
        30             65              0        6.600000E+01   8.000000E+00          1.0000      Zn065
        30             66              0        1.000000E+00   2.000000E-01          1.6129      Zn066
        30             67              0        6.900000E+00   1.400000E+00          0.9200      Zn067
        30             68              0        8.720000E-01   0.000000E+00          0.8150      Zn068
        30             70              0        9.110000E-02   5.000000E-03          0.9902      Zn070
        31             69              0        1.680000E+00   7.000000E-02          0.8750      Ga069
        31             71              0        4.700000E+00   2.000000E-01          1.0173      Ga071
        32             70              0        3.000000E+00   1.800000E-01          0.9836      Ge070
        32             72              0        9.000000E-01   2.000000E-01          1.0112      Ge072
        32             73              0        1.500000E+01   1.000000E+00          1.0204      Ge073
        32             74              0        4.200000E-01   4.000000E-02          0.8400      Ge074
        32             76              0        1.500000E-01   2.000000E-02          0.9677      Ge076
        33             75              0        4.000000E+00   4.000000E-01          1.0379      As075
        34             74              0        5.000000E+01   4.000000E+00          0.9280      Se074
        34             75              0        3.300000E+02   1.000000E+02          1.0000      Se075
        34             76              0        8.500000E+01   7.000000E+00          1.0059      Se076
        34             77              0        4.200000E+01   4.000000E+00          1.0120      Se077
        34             78              0        4.300000E-01   2.000000E-02          1.0000      Se078
        34             80              0        4.600000E-01   4.000000E-02          0.7757      Se080
        34             82              0        4.480000E-02   3.000000E-03          1.0182      Se082
        35             79              0        1.080000E+01   0.000000E+00          1.0465      Br079
        35             81              0        2.690000E+00   9.000000E-02          1.0386      Br081
        36             78              0        6.170000E+00   9.000000E-01          1.3100      Kr078
        36             80              0        1.160000E+01   5.000000E-01          1.0087      Kr080
        36             82              0        2.100000E+01   2.000000E+01          1.1053      Kr082
        36             83              0        1.830000E+02   3.000000E+01          0.9289      Kr083
        36             84              0        1.100000E-01   1.500000E-02          1.0000      Kr084
        36             85              0        1.700000E+00   2.000000E-01          1.0241      Kr085
        36             86              0        3.000000E-03   2.000000E-03          1.0000      Kr086
        37             85              0        5.000000E-01   2.000000E-02          0.9960      Rb085
        37             86              0        2.000000E+01   0.000000E+00          1.0000      Rb086
        37             87              0        1.000000E-01   1.000000E-02          0.9804      Rb087
        38             84              0        8.000000E-01   7.000000E-02          1.1204      Sr084
        38             86              0        1.010000E+00   7.000000E-02          0.9712      Sr086
        38             87              0        1.600000E+01   3.000000E+00          0.9581      Sr087
        38             88              0        5.800000E-03   4.000000E-04          1.0545      Sr088
        38             89              0        4.200000E-01   4.000000E-02          1.0000      Sr089
        38             90              0        9.700000E-03   7.000000E-04          0.9327      Sr090
        39             89              0        1.251000E+00   2.000000E-02          0.9773      Y089
        39             90              0        7.000000E+00   0.000000E+00          1.0769      Y090
        39             91              0        1.400000E+00   3.000000E-01          1.0000      Y091
        40             90              0        1.100000E-02   5.000000E-03          0.7857      Zr090
        40             91              0        1.200000E+00   3.000000E-01          0.9231      Zr091
        40             92              0        2.000000E-01   1.000000E-01          1.5267      Zr092
        40             93              0        1.300000E+00   4.000000E-01          1.8841      Zr093
        40             94              0        4.900000E-02   6.000000E-03          0.9608      Zr094
        40             96              0        2.000000E-02   3.000000E-03          0.9709      Zr096
        41             93              0        1.100000E+00   5.000000E-02          0.9565      Nb093
        41             94              0        1.550000E+01   1.000000E+00          0.9810      Nb094
        41             95              0        7.000000E+00   0.000000E+00          1.0000      Nb095
        42             92              0        1.900000E-02   0.000000E+00          0.2375      Mo092
        42             94              0        1.500000E-02   0.000000E+00          0.0441      Mo094
        42             95              0        1.340000E+01   5.000000E-01          1.0000      Mo095
        42             96              0        5.000000E-01   2.000000E-01          0.9091      Mo096
        42             97              0        2.500000E+00   3.000000E-01          1.1364      Mo097
        42             98              0        1.400000E-01   1.000000E-02          1.0728      Mo098
        42            100              0        1.900000E-01   1.000000E-02          0.9845      Mo100
        43             98              0        9.300000E-01   2.000000E-01          1.0000      Tc098
        43             99              0        2.290000E+01   1.300000E+00          1.0044      Tc099
        44             96              0        2.300000E-01   4.000000E-02          1.0013      Ru096
        44             98              0        8.000000E+00   0.000000E+00          1.0000      Ru098
        44             99              0        4.000000E+00   1.000000E+00          0.5517      Ru099
        44            100              0        5.800000E+00   6.000000E-01          1.0000      Ru100
        44            101              0        5.000000E+00   1.000000E+00          0.9615      Ru101
        44            102              0        1.200000E+00   1.000000E-01          1.0417      Ru102
        44            103              0        2.000000E+01   0.000000E+00         16.6667      Ru103
        44            104              0        4.900000E-01   2.000000E-02          0.9722      Ru104
        44            105              0        3.000000E-01   3.000000E-02          0.7692      Ru105
        44            106              0        1.500000E-01   4.000000E-02          1.0274      Ru106
        45            103              0        1.450000E+02   2.000000E+00          0.8504      Rh103
        45            104              0        4.000000E+01   3.000000E+01          1.0000      Rh104
        45            105              0        1.100000E+04   3.000000E+03          0.6875      Rh105
        46            102              0        3.200000E+00   3.000000E-01          1.7582      Pd102
        46            104              0        6.000000E-01   3.000000E-01          0.9231      Pd104
        46            105              0        2.200000E+01   2.000000E+00          1.0476      Pd105
        46            106              0        2.930000E-01   0.000000E+00          0.9607      Pd106
        46            107              0        1.800000E+00   2.000000E-01          0.1895      Pd107
        46            108              0        8.690000E+00   6.000000E-01          0.9742      Pd108
        46            110              0        2.230000E-01   3.000000E-02          0.7433      Pd110
        47            107              0        3.537000E+01   1.200000E+00          1.0907      Ag107
        47            109              0        9.120000E+01   1.000000E+00          1.1860      Ag109
        47            110              1        8.200000E+01   1.100000E+01          1.0000      Ag110m
        47            111              0        3.000000E+00   2.000000E+00          1.0000      Ag111
        48            106              0        1.000000E+00   0.000000E+00          1.0142      Cd106
        48            108              0        7.200000E-01   1.300000E-01          0.7947      Cd108
        48            109              0        1.800000E+02   0.000000E+00          0.2571      Cd109
        48            110              0        1.106000E+01   1.000000E+00          1.0055      Cd110
        48            111              0        2.400000E+01   3.000000E+00          3.4783      Cd111
        48            112              0        2.200000E+00   5.000000E-01          1.0009      Cd112
        48            113              0        2.060000E+04   4.000000E+02          1.0216      Cd113
        48            114              0        3.400000E-01   0.000000E+00          1.1148      Cd114
        48            116              0        7.800000E-02   0.000000E+00          1.0263      Cd116
        49            113              0        1.240000E+01   1.100000E+00          1.0333      In113
        49            115              0        2.050000E+02   2.000000E+00          1.0149      In115
        50            112              0        5.500000E-01   0.000000E+00          1.0166      Sn112
        50            113              0        9.000000E+00   0.000000E+00          1.0227      Sn113
        50            114              0        1.150000E-01   3.000000E-02          0.8846      Sn114
        50            115              0        3.000000E+01   7.000000E+00          0.6977      Sn115
        50            116              0        1.460000E-01   3.000000E-02          1.1318      Sn116
        50            117              0        1.100000E+00   1.000000E-01          1.0280      Sn117
        50            118              0        2.200000E-01   5.000000E-02          1.0000      Sn118
        50            119              0        2.000000E+00   1.000000E+00          0.9132      Sn119
        50            120              0        1.310000E-01   0.000000E+00          0.9225      Sn120
        50            122              0        1.510000E-01   0.000000E+00          1.0335      Sn122
        50            124              0        1.350000E-01   6.000000E-03          1.0075      Sn124
        51            121              0        5.940000E+00   2.000000E-01          0.9414      Sb121
        51            123              0        4.060000E+00   1.000000E-01          0.9971      Sb123
        51            124              0        1.700000E+01   3.000000E+00          0.9770      Sb124
        52            120              0        2.250000E+00   0.000000E+00          0.9615      Te120
        52            122              0        3.400000E+00   5.000000E-01          0.8718      Te122
        52            123              0        3.700000E+02   4.000000E+01          0.8605      Te123
        52            124              0        7.050000E+00   1.300000E+00          1.1190      Te124
        52            125              0        1.600000E+00   2.000000E-01          1.2403      Te125
        52            126              0        9.200000E-01   1.500000E-01          2.4147      Te126
        52            127              1        3.380000E+03   5.100000E+02          1.0000      Te127m
        52            128              0        2.160000E-01   8.000000E-03          1.0800      Te128
        52            130              0        1.830000E-01   7.000000E-02          0.9385      Te130
        53            125              0        9.000000E+02   1.000000E+02          1.0000      I125
        53            126              0        5.960000E+03   0.000000E+00          1.0000      I126
        53            127              0        6.150000E+00   1.000000E-01          1.1393      I127
        53            128              0        2.200000E+01   4.000000E+00          1.0000      I128
        53            129              0        3.030000E+01   1.200000E+00          1.0000      I129
        53            130              0        1.800000E+01   3.000000E+00          1.0000      I130
        54            124              0        1.650000E+02   2.000000E+01          1.1000      Xe124
        54            126              0        3.450000E+00   8.000000E-01          1.3968      Xe126
        54            128              0        8.000000E+00   0.000000E+00          2.2857      Xe128
        54            129              0        2.200000E+01   5.000000E+00          1.0476      Xe129
        54            130              0        5.450000E+00   0.000000E+00          1.5571      Xe130
        54            131              0        9.000000E+01   1.000000E+01          0.9677      Xe131
        54            132              0        4.500000E-01   6.000000E-02          1.0000      Xe132
        54            133              0        1.900000E+02   9.000000E+01          1.0000      Xe133
        54            134              0        2.650000E-01   2.000000E-02          1.0000      Xe134
        54            135              0        2.650000E+06   1.100000E+05          1.0000      Xe135
        54            136              0        2.650000E-01   1.100000E-02          1.0192      Xe136
        55            133              0        2.900000E+01   1.000000E+00          0.9619      Cs133
        55            134              0        1.400000E+02   1.000000E+01          0.9957      Cs134
        55            135              0        8.300000E+00   3.000000E-01          0.9540      Cs135
        56            132              0        1.054000E+01   1.000000E+00          1.2854      Ba132
        56            133              0        4.000000E+00   1.000000E+00          1.4286      Ba133
        56            134              0        1.400000E+00   1.000000E+00          0.9333      Ba134
        56            135              0        5.814000E+00   9.000000E-01          1.0024      Ba135
        56            136              0        4.410000E-01   5.000000E-02          0.6485      Ba136
        56            137              0        5.000000E+00   1.000000E-01          1.3889      Ba137
        56            138              0        4.100000E-01   2.000000E-02          1.0123      Ba138
        56            139              0        5.000000E+00   1.000000E+00          0.8065      Ba139
        56            140              0        1.600000E+00   3.000000E-01          1.0000      Ba140
        57            138              0        5.700000E+01   6.000000E+00          0.9965      La138
        57            139              0        9.200000E+00   2.000000E-01          0.9905      La139
        57            140              0        2.700000E+00   3.000000E-01          1.0000      La140
        58            136              0        7.500000E+00   0.000000E+00          1.7647      Ce136
        58            138              0        1.018000E+00   0.000000E+00          0.9883      Ce138
        58            139              0        5.000000E+02   0.000000E+00          1.0000      Ce139
        58            140              0        5.800000E-01   4.000000E-02          1.0087      Ce140
        58            141              0        2.900000E+01   3.000000E+00          1.0000      Ce141
        58            142              0        9.700000E-01   3.000000E-02          1.0000      Ce142
        58            143              0        6.100000E+00   7.000000E-01          1.0167      Ce143
        58            144              0        1.000000E+00   1.000000E-01          1.0000      Ce144
        59            141              0        1.150000E+01   3.000000E-01          1.0177      Pr141
        59            142              0        2.000000E+01   3.000000E+00          1.0000      Pr142
        59            143              0        9.000000E+01   1.000000E+01          1.0000      Pr143
        60            142              0        1.910000E+01   1.000000E+00          1.0214      Nd142
        60            143              0        3.300000E+02   1.000000E+02          1.0154      Nd143
        60            144              0        3.600000E+00   3.000000E-01          1.0000      Nd144
        60            145              0        4.700000E+01   6.000000E+00          1.1137      Nd145
        60            146              0        1.500000E+00   2.000000E-01          1.1538      Nd146
        60            147              0        4.400000E+02   1.500000E+02          1.8333      Nd147
        60            148              0        2.400000E+00   1.000000E-01          0.9717      Nd148
        60            150              0        1.000000E+00   1.000000E-01          0.9615      Nd150
        61            146              0        8.400000E+03   1.700000E+03          1.0000      Pm146
        61            147              0        1.800000E+02   2.000000E+01          1.0689      Pm147
        61            148              0        1.000000E+03   5.000000E+02          0.5000      Pm148
        61            148              1        1.060000E+04   8.000000E+02          0.9636      Pm148m
        61            149              0        1.400000E+03   2.000000E+02          1.0000      Pm149
        61            151              0        1.500000E+02   0.000000E+00          0.2143      Pm151
        62            144              0        1.600000E+00   1.000000E-01          0.9756      Sm144
        62            145              0        2.800000E+02   2.000000E-01          1.0000      Sm145
        62            147              0        5.600000E+01   4.000000E+00          0.9825      Sm147
        62            148              0        2.400000E+00   6.000000E-01          1.0000      Sm148
        62            149              0        4.010000E+04   6.000000E+02          0.9990      Sm149
        62            150              0        1.020000E+02   5.000000E+00          1.0408      Sm150
        62            151              0        1.520000E+04   3.000000E+02          1.0040      Sm151
        62            152              0        2.060000E+02   1.500000E+01          1.0000      Sm152
        62            153              0        4.200000E+02   1.800000E+02          1.0000      Sm153
        62            154              0        7.500000E+00   3.000000E-01          0.9721      Sm154
        63            152              0        1.100000E+04   2.000000E+03          0.8614      Eu152
        63            152              1        6.800000E+04   1.500000E+04          3.6957      Eu152m
        63            153              0        3.000000E+02   2.000000E+01          0.9677      Eu153
        63            154              0        1.500000E+03   3.000000E+02          1.0373      Eu154
        63            155              0        3.900000E+03   2.000000E+02          0.9873      Eu155
        64            152              0        7.000000E+02   2.000000E+02          0.9219      Gd152
        64            153              0        2.000000E+04   1.000000E+04          0.8905      Gd153
        64            154              0        6.006000E+01   2.000000E+01          0.7066      Gd154
        64            155              0        6.100000E+04   1.000000E+03          1.0111      Gd155
        64            156              0        1.500000E+00   1.200000E+00          0.8333      Gd156
        64            157              0        2.540000E+05   3.000000E+03          1.0000      Gd157
        64            158              0        2.300000E+00   3.000000E-01          1.0526      Gd158
        64            160              0        1.500000E+00   7.000000E-01          0.9622      Gd160
        64            161              0        2.000000E+04   6.000000E+03          1.0526      Gd161
        65            159              0        2.320000E+01   5.000000E-01          0.9675      Tb159
        65            160              0        5.700000E+02   1.100000E+02          1.7066      Tb160
        66            156              0        3.300000E+01   3.000000E+00          1.0000      Dy156
        66            158              0        4.300000E+01   6.000000E+00          1.0000      Dy158
        66            159              0        8.000000E+03   2.000000E+03          1.0000      Dy159
        66            160              0        6.000000E+01   1.000000E+01          1.0909      Dy160
        66            161              0        6.000000E+02   5.000000E+01          1.0000      Dy161
        66            162              0        1.700000E+02   2.000000E+01          0.8763      Dy162
        66            163              0        1.200000E+02   1.000000E+01          0.8955      Dy163
        66            164              0        2.700000E+03   1.000000E+02          1.0659      Dy164
        66            165              0        3.500000E+03   3.000000E+02          0.9722      Dy165
        67            165              0        6.110000E+01   1.200000E+00          1.0365      Ho165
        67            166              1        3.000000E+03   1.000000E+03          0.2783      Ho166m
        68            162              0        1.900000E+01   3.000000E+00          1.0000      Er162
        68            164              0        1.300000E+01   3.000000E+00          1.0000      Er164
        68            166              0        2.000000E+01   1.500000E+00          1.1834      Er166
        68            167              0        7.000000E+02   2.000000E+02          1.0786      Er167
        68            168              0        2.000000E+00   6.000000E-01          0.7299      Er168
        68            170              0        6.000000E+00   2.000000E-01          0.6689      Er170
        68            171              0        3.700000E+02   4.000000E+01          1.3214      Er171
        69            169              0        1.060000E+02   2.000000E+00          1.0000      Tm169
        69            170              0        1.000000E+02   2.000000E+01          1.0870      Tm170
        69            171              0        1.600000E+02   0.000000E+00          1.0000      Tm171
        70            168              0        2.400000E+03   2.000000E+02          0.8359      Yb168
        70            169              0        3.600000E+03   3.000000E+02          1.0000      Yb169
        70            170              0        1.200000E+01   2.000000E+00          1.1765      Yb170
        70            171              0        5.000000E+01   1.000000E+01          0.8503      Yb171
        70            172              0        1.300000E+00   4.000000E-01          1.0000      Yb172
        70            173              0        1.600000E+01   2.000000E+00          1.0323      Yb173
        70            174              0        1.200000E+02   1.000000E+01          1.9296      Yb174
        70            176              0        3.100000E+00   2.000000E-02          1.0616      Yb176
        71            175              0        2.400000E+01   1.100000E+00          1.0300      Lu175
        71            176              0        2.102000E+03   7.000000E+01          0.9490      Lu176
        71            177              0        1.000000E+03   3.000000E+02          1.1364      Lu177
        72            174              0        6.000000E+02   5.000000E+01          1.0417      Hf174
        72            176              0        2.300000E+01   4.000000E+00          0.9787      Hf176
        72            177              0        3.750100E+02   1.000000E+01          1.0027      Hf177
        72            178              0        8.510000E+01   4.000000E+00          1.0216      Hf178
        72            179              0        4.643500E+01   5.000000E+00          1.1326      Hf179
        72            180              0        1.300000E+01   1.000000E+00          0.9848      Hf180
        72            181              0        3.000000E+01   2.500000E+01          0.7500      Hf181
        73            180              0        5.630000E+02   6.000000E+01          1.0000      Ta180
        73            180              1        5.630000E+02   6.000000E+01          1.0000      Ta180m
        73            181              0        2.012000E+01   5.000000E-01          0.9911      Ta181
        73            182              0        8.200000E+03   6.000000E+02          1.0000      Ta182
        74            180              0        4.000000E+01   0.000000E+00          1.7937      W180
        74            182              0        2.000000E+01   1.000000E+00          1.0050      W182
        74            183              0        1.050000E+01   3.000000E-01          1.0096      W183
        74            184              0        2.002000E+00   2.000000E-01          1.1572      W184
        74            185              0        3.300000E+00   0.000000E+00          1.1000      W185
        74            186              0        3.700000E+01   2.000000E+00          1.0672      W186
        74            187              0        7.000000E+01   1.000000E+01          1.0938      W187
        74            188              0        1.200000E+01   2.500000E+00          1.0000      W188
        75            184              0        8.900000E+03   0.000000E+00          1.0000      Re184
        75            185              0        1.103300E+02   2.000000E+00          0.9851      Re185
        75            187              0        7.400000E+01   1.000000E+00          0.9893      Re187
        75            188              0        2.000000E+00   0.000000E+00          1.0000      Re188
        76            184              0        3.300000E+03   3.000000E+02          0.8788      Os184
        76            186              0        8.000000E+01   1.300000E+01          1.0000      Os186
        76            187              0        2.000000E+02   1.000000E+01          0.6250      Os187
        76            188              0        5.000000E+00   5.000000E-01          0.9091      Os188
        76            189              0        4.000000E+01   2.000000E+01          1.6000      Os189
        76            190              0        1.300000E+01   3.000000E-01          1.1818      Os190
        76            191              0        3.830000E+02   6.000000E+01          1.0000      Os191
        76            192              0        3.000000E+00   1.000000E-01          0.9404      Os192
        76            193              0        4.000000E+01   1.000000E+01          1.0526      Os193
        77            191              0        9.200000E+02   2.000000E+01          0.9644      Ir191
        77            192              0        1.450000E+03   2.500000E+02          0.9189      Ir192
        77            193              0        1.160000E+02   5.000000E+00          0.9781      Ir193
        77            194              0        1.500000E+03   3.000000E+02          0.9554      Ir194
        78            190              0        1.500000E+02   1.000000E+01          0.9868      Pt190
        78            192              0        8.000000E+00   2.000000E+00          0.8000      Pt192
        78            194              0        1.440000E+00   1.900000E-01          1.0000      Pt194
        78            195              0        2.800000E+01   1.000000E+00          0.9150      Pt195
        78            196              0        6.000000E-01   1.000000E-01          1.0345      Pt196
        78            198              0        3.627000E+00   2.000000E-01          1.0763      Pt198
        79            197              0        9.870000E+01   9.000000E-02          1.0005      Au197
        79            198              0        2.650000E+04   1.500000E+03          1.0558      Au198
        79            199              0        3.000000E+01   1.500000E+01          1.0000      Au199
        80            196              0        3.105000E+03   1.800000E+02          1.0081      Hg196
        80            198              0        2.017000E+00   3.450000E-01          1.0136      Hg198
        80            199              0        2.100000E+03   2.000000E+01          0.9767      Hg199
        80            200              0        1.400000E+00   0.000000E+00          1.0000      Hg200
        80            201              0        7.800000E+00   2.000000E+00          1.5918      Hg201
        80            202              0        4.900000E+00   5.000000E-01          1.1293      Hg202
        80            204              0        4.000000E-01   1.000000E-01          0.9091      Hg204
        81            203              0        1.100000E+01   1.000000E+00          0.9649      Tl203
        81            204              0        2.200000E+01   2.000000E+00          1.0185      Tl204
        81            205              0        1.100000E-01   2.000000E-02          1.0577      Tl205
        82            204              0        6.800000E-01   7.000000E-02          0.9673      Pb204
        82            205              0        5.000000E+00   0.000000E+00          1.0000      Pb205
        82            206              0        3.000000E-02   1.000000E-03          1.0753      Pb206
        82            207              0        7.000000E-01   1.000000E-02          1.0819      Pb207
        82            208              0        4.900000E-04   3.000000E-05          2.1304      Pb208
        82            210              0        5.000000E-01   5.000000E-01          1.0000      Pb210
        83            209              0        3.400000E-02   7.000000E-04          0.8586      Bi209
        83            210              1        5.400000E-02   4.000000E-03          1.0000      Bi210m
        84            210              0        3.050000E-02   0.000000E+00          1.0167      Po210
        86            222              0        7.400000E-01   5.000000E-02          1.0278      Rn222
        88            223              0        1.300000E+02   2.000000E+01          1.0000      Ra223
        88            224              0        1.200000E+01   5.000000E-01          1.0000      Ra224
        93            235              0        1.600000E+02   1.000000E+00          1.0667      Np235
        94            243              0        1.000000E+02   0.000000E+00          1.1494      Pu243
        94            244              0        1.700000E+00   1.000000E-01          1.0000      Pu244
        96            249              0        1.600000E+00   8.000000E-01          1.0000      Cm249
        96            250              0        8.000000E+01   0.000000E+00          1.6000      Cm250
        98            254              0        4.500000E+00   1.500000E+00          1.0000      Cf254
        99            253              0        1.838000E+02   1.500000E+01          0.9989      Es253
        99            255              0        5.500000E+01   1.000000E+01          1.0000      Es255
       100            254              0        7.600000E+01   0.000000E+00          1.0000      Fm254
       100            256              0        4.500000E+01   0.000000E+00          1.0000      Fm256
