# header: 
#   title: (n,g) thermal cross section for tendl.2025
#   source: Resonancetables
#   date: 2025-11-14
# reaction: 
#   type: (n,g)
# quantity: 
#   type: thermal cross section
# datablock: 
#   columns: 7
#   entries: 408
##       Z              A            Liso           Value         dValue          Ratio         Nuclide
##      []             []             []             [b]            [b]            []             [%]
         3              7              0        3.937230E-05   0.000000E+00          0.0009      Li007
         4              7              0        1.165230E+02   0.000000E+00        751.7613      Be007
         4              9              0        8.290140E-03   0.000000E+00          1.0024      Be009
         5             10              0        9.662370E-02   0.000000E+00          0.2452      B010
         5             11              0        3.611770E-03   0.000000E+00          0.4013      B011
         6             12              0        3.878990E-03   0.000000E+00          1.0023      C012
         6             13              0        1.554250E-03   0.000000E+00          1.0225      C013
         6             14              0        1.000870E-06   0.000000E+00          1.0009      C014
         7             14              0        8.672160E-02   0.000000E+00          1.0827      N014
         7             15              0        2.411560E-05   0.000000E+00          1.0048      N015
         8             16              0        1.732840E-04   0.000000E+00          1.0016      O016
         8             17              0        5.346510E-04   0.000000E+00          0.9901      O017
         8             18              0        1.481540E-04   0.000000E+00          0.9877      O018
         9             19              0        9.512110E-03   0.000000E+00          1.0384      F019
        10             20              0        3.699660E-02   0.000000E+00          0.9999      Ne020
        10             21              0        6.675200E-01   0.000000E+00          1.0023      Ne021
        10             22              0        5.269490E-02   0.000000E+00          0.9999      Ne022
        11             22              0        4.043590E-01   0.000000E+00          0.0016      Na022
        11             23              0        5.210640E-01   0.000000E+00          1.0157      Na023
        12             24              0        5.461300E-02   0.000000E+00          1.0151      Mg024
        12             25              0        1.989800E-01   0.000000E+00          0.9999      Mg025
        12             26              0        3.739560E-02   0.000000E+00          1.0080      Mg026
        13             27              0        2.334480E-01   0.000000E+00          1.0330      Al027
        14             28              0        1.691240E-01   0.000000E+00          0.9555      Si028
        14             29              0        1.199500E-01   0.000000E+00          1.0080      Si029
        14             30              0        1.070750E-01   0.000000E+00          0.9401      Si030
        15             31              0        1.683240E-01   0.000000E+00          1.0140      P031
        16             32              0        5.175900E-01   0.000000E+00          0.9992      S032
        16             33              0        4.554030E-01   0.000000E+00          1.0031      S033
        16             34              0        2.579230E-01   0.000000E+00          1.0075      S034
        16             36              0        2.359530E-01   0.000000E+00          0.7374      S036
        17             35              0        4.361570E+01   0.000000E+00          1.0004      Cl035
        17             36              0        9.998000E+00   0.000000E+00          0.9998      Cl036
        17             37              0        4.310150E-01   0.000000E+00          1.0311      Cl037
        18             36              0        5.195780E+00   0.000000E+00          0.9992      Ar036
        18             38              0        7.988800E-01   0.000000E+00          0.9986      Ar038
        18             39              0        6.012250E+02   0.000000E+00          1.0020      Ar039
        18             40              0        6.601130E-01   0.000000E+00          1.0266      Ar040
        19             39              0        2.099370E+00   0.000000E+00          0.9997      K039
        19             40              0        3.798960E+01   0.000000E+00          0.9997      K040
        19             41              0        1.458680E+00   0.000000E+00          1.0039      K041
        20             40              0        4.102320E-01   0.000000E+00          1.0006      Ca040
        20             41              0        3.998800E+00   0.000000E+00          0.9997      Ca041
        20             42              0        6.815470E-01   0.000000E+00          1.0023      Ca042
        20             43              0        6.197760E+00   0.000000E+00          0.9996      Ca043
        20             44              0        8.848860E-01   0.000000E+00          1.0056      Ca044
        20             46              0        7.397910E-01   0.000000E+00          1.0275      Ca046
        20             48              0        1.089640E+00   0.000000E+00          0.9533      Ca048
        21             45              0        2.721630E+01   0.000000E+00          1.0360      Sc045
        22             44              0        1.099700E+00   0.000000E+00          0.9997      Ti044
        22             46              0        5.903680E-01   0.000000E+00          1.0006      Ti046
        22             47              0        1.627430E+00   0.000000E+00          0.9984      Ti047
        22             48              0        8.315430E+00   0.000000E+00          0.9995      Ti048
        22             49              0        1.875740E+00   0.000000E+00          1.0031      Ti049
        22             50              0        1.807760E-01   0.000000E+00          1.0156      Ti050
        23             50              0        4.069960E+01   0.000000E+00          0.9975      V050
        23             51              0        4.945000E+00   0.000000E+00          1.0315      V051
        24             50              0        1.692970E+01   0.000000E+00          1.1153      Cr050
        24             52              0        8.578510E-01   0.000000E+00          0.9975      Cr052
        24             53              0        1.860540E+01   0.000000E+00          1.0003      Cr053
        24             54              0        4.111060E-01   0.000000E+00          1.0027      Cr054
        25             53              0        7.751880E+01   0.000000E+00          1.0002      Mn053
        25             54              0        3.798860E+01   0.000000E+00          0.9997      Mn054
        25             55              0        1.326970E+01   0.000000E+00          1.0045      Mn055
        26             54              0        2.253220E+00   0.000000E+00          0.9797      Fe054
        26             55              0        1.299430E+01   0.000000E+00          0.9996      Fe055
        26             56              0        2.604540E+00   0.000000E+00          1.0056      Fe056
        26             57              0        2.481520E+00   0.000000E+00          1.0006      Fe057
        26             58              0        1.314440E+00   0.000000E+00          1.0150      Fe058
        26             59              0        1.300130E+01   0.000000E+00          1.0001      Fe059
        26             60              0        2.250850E-01   0.000000E+00          0.9960      Fe060
        27             57              0        5.094320E+01   0.000000E+00          0.9989      Co057
        27             58              0        1.902040E+03   0.000000E+00          1.0011      Co058
        27             59              0        3.718730E+01   0.000000E+00          0.9807      Co059
        27             60              0        2.014110E+00   0.000000E+00          1.0071      Co060
        28             58              0        4.397590E+00   0.000000E+00          1.0017      Ni058
        28             59              0        7.366670E+01   0.000000E+00          0.9995      Ni059
        28             60              0        2.400160E+00   0.000000E+00          0.9797      Ni060
        28             61              0        2.078560E+00   0.000000E+00          0.9898      Ni061
        28             62              0        1.489420E+01   0.000000E+00          0.9996      Ni062
        28             63              0        2.429000E+01   0.000000E+00          0.9996      Ni063
        28             64              0        1.479960E+00   0.000000E+00          0.9124      Ni064
        29             63              0        4.498210E+00   0.000000E+00          0.9732      Cu063
        29             65              0        2.149480E+00   0.000000E+00          1.0812      Cu065
        30             64              0        7.282140E-01   0.000000E+00          0.9814      Zn064
        30             65              0        6.602610E+01   0.000000E+00          1.0004      Zn065
        30             66              0        6.215780E-01   0.000000E+00          1.0025      Zn066
        30             67              0        7.496820E+00   0.000000E+00          0.9996      Zn067
        30             68              0        1.069650E+00   0.000000E+00          0.9997      Zn068
        30             70              0        9.229200E-02   0.000000E+00          1.0032      Zn070
        31             69              0        1.919220E+00   0.000000E+00          0.9996      Ga069
        31             71              0        4.618080E+00   0.000000E+00          0.9996      Ga071
        32             70              0        3.051920E+00   0.000000E+00          1.0006      Ge070
        32             72              0        8.896400E-01   0.000000E+00          0.9996      Ge072
        32             73              0        1.468440E+01   0.000000E+00          0.9989      Ge073
        32             74              0        4.997980E-01   0.000000E+00          0.9996      Ge074
        32             76              0        1.549370E-01   0.000000E+00          0.9996      Ge076
        33             75              0        4.087540E+00   0.000000E+00          1.0606      As075
        34             74              0        5.217360E+01   0.000000E+00          0.9683      Se074
        34             76              0        8.499750E+01   0.000000E+00          1.0059      Se076
        34             77              0        4.147900E+01   0.000000E+00          0.9995      Se077
        34             78              0        4.300190E-01   0.000000E+00          1.0000      Se078
        34             79              0        4.997470E+01   0.000000E+00          0.9995      Se079
        34             80              0        5.946300E-01   0.000000E+00          1.0027      Se080
        34             82              0        4.398220E-02   0.000000E+00          0.9996      Se082
        35             79              0        1.028190E+01   0.000000E+00          0.9963      Br079
        35             81              0        2.595730E+00   0.000000E+00          1.0022      Br081
        36             78              0        4.707930E+00   0.000000E+00          0.9996      Kr078
        36             80              0        1.149420E+01   0.000000E+00          0.9995      Kr080
        36             82              0        1.899040E+01   0.000000E+00          0.9995      Kr082
        36             83              0        1.969000E+02   0.000000E+00          0.9995      Kr083
        36             84              0        1.099560E-01   0.000000E+00          0.9996      Kr084
        36             85              0        1.657150E+00   0.000000E+00          0.9983      Kr085
        36             86              0        3.041120E-03   0.000000E+00          1.0137      Kr086
        37             85              0        4.914630E-01   0.000000E+00          0.9790      Rb085
        37             86              0        1.998990E+01   0.000000E+00          0.9995      Rb086
        37             87              0        1.159530E-01   0.000000E+00          1.1368      Rb087
        38             84              0        8.516570E-01   0.000000E+00          1.1928      Sr084
        38             86              0        1.043180E+00   0.000000E+00          1.0031      Sr086
        38             87              0        1.670260E+01   0.000000E+00          1.0002      Sr087
        38             88              0        5.497870E-03   0.000000E+00          0.9996      Sr088
        38             89              0        4.198310E-01   0.000000E+00          0.9996      Sr089
        38             90              0        1.050660E-02   0.000000E+00          1.0102      Sr090
        39             89              0        1.283610E+00   0.000000E+00          1.0028      Y089
        40             88              0        8.604680E+05   0.000000E+00          0.9994      Zr088
        40             90              0        1.396670E-02   0.000000E+00          0.9976      Zr090
        40             91              0        1.304290E+00   0.000000E+00          1.0033      Zr091
        40             92              0        1.303410E-01   0.000000E+00          0.9950      Zr092
        40             93              0        6.912730E-01   0.000000E+00          1.0018      Zr093
        40             94              0        5.094340E-02   0.000000E+00          0.9989      Zr094
        40             96              0        2.107890E-02   0.000000E+00          1.0232      Zr096
        41             93              0        1.152900E+00   0.000000E+00          1.0025      Nb093
        41             94              0        1.549220E+01   0.000000E+00          0.9805      Nb094
        41             95              0        6.996480E+00   0.000000E+00          0.9995      Nb095
        42             92              0        8.003050E-02   0.000000E+00          1.0004      Mo092
        42             94              0        3.416250E-01   0.000000E+00          1.0048      Mo094
        42             95              0        1.332010E+01   0.000000E+00          0.9940      Mo095
        42             96              0        5.452860E-01   0.000000E+00          0.9914      Mo096
        42             97              0        2.196410E+00   0.000000E+00          0.9984      Mo097
        42             98              0        1.303860E-01   0.000000E+00          0.9991      Mo098
        42            100              0        1.985300E-01   0.000000E+00          1.0287      Mo100
        43             98              0        9.296800E-01   0.000000E+00          0.9997      Tc098
        43             99              0        2.263800E+01   0.000000E+00          0.9929      Tc099
        44             96              0        2.499000E-01   0.000000E+00          1.0879      Ru096
        44             99              0        7.246370E+00   0.000000E+00          0.9995      Ru099
        44            100              0        5.888830E+00   0.000000E+00          1.0153      Ru100
        44            101              0        5.197990E+00   0.000000E+00          0.9996      Ru101
        44            102              0        1.237430E+00   0.000000E+00          1.0742      Ru102
        44            103              0        1.199520E+00   0.000000E+00          0.9996      Ru103
        44            104              0        4.936980E-01   0.000000E+00          0.9796      Ru104
        44            106              0        1.459420E-01   0.000000E+00          0.9996      Ru106
        45            103              0        1.428300E+02   0.000000E+00          0.8377      Rh103
        45            105              0        1.599320E+04   0.000000E+00          0.9996      Rh105
        46            102              0        1.819200E+00   0.000000E+00          0.9996      Pd102
        46            104              0        6.461810E-01   0.000000E+00          0.9941      Pd104
        46            105              0        2.107730E+01   0.000000E+00          1.0037      Pd105
        46            106              0        3.040790E-01   0.000000E+00          0.9970      Pd106
        46            107              0        9.526330E+00   0.000000E+00          1.0028      Pd107
        46            108              0        7.651450E+00   0.000000E+00          0.8578      Pd108
        46            110              0        2.997410E-01   0.000000E+00          0.9991      Pd110
        47            107              0        3.452540E+01   0.000000E+00          1.0646      Ag107
        47            109              0        9.359810E+01   0.000000E+00          1.2171      Ag109
        47            110              1        8.230310E+01   0.000000E+00          1.0037      Ag110m
        47            111              0        2.998650E+00   0.000000E+00          0.9996      Ag111
        48            106              0        9.856050E-01   0.000000E+00          0.9996      Cd106
        48            108              0        9.056370E-01   0.000000E+00          0.9996      Cd108
        48            109              0        6.990400E+02   0.000000E+00          0.9986      Cd109
        48            110              0        1.107610E+01   0.000000E+00          1.0069      Cd110
        48            111              0        6.901340E+00   0.000000E+00          1.0002      Cd111
        48            112              0        2.188950E+00   0.000000E+00          0.9959      Cd112
        48            113              0        1.995750E+04   0.000000E+00          0.9898      Cd113
        48            114              0        3.044200E-01   0.000000E+00          0.9981      Cd114
        48            116              0        7.559080E-02   0.000000E+00          0.9946      Cd116
        49            113              0        1.193890E+01   0.000000E+00          0.9949      In113
        49            115              0        2.019180E+02   0.000000E+00          0.9996      In115
        50            112              0        5.136670E-01   0.000000E+00          0.9495      Sn112
        50            113              0        8.795620E+00   0.000000E+00          0.9995      Sn113
        50            114              0        1.249500E-01   0.000000E+00          0.9612      Sn114
        50            115              0        4.316730E+01   0.000000E+00          1.0039      Sn115
        50            116              0        1.288310E-01   0.000000E+00          0.9987      Sn116
        50            117              0        1.071770E+00   0.000000E+00          1.0017      Sn117
        50            118              0        2.200400E-01   0.000000E+00          1.0002      Sn118
        50            119              0        2.189120E+00   0.000000E+00          0.9996      Sn119
        50            120              0        1.438130E-01   0.000000E+00          1.0128      Sn120
        50            122              0        1.461780E-01   0.000000E+00          1.0005      Sn122
        50            124              0        1.336870E-01   0.000000E+00          0.9977      Sn124
        50            126              0        5.897650E-01   0.000000E+00          0.9996      Sn126
        51            121              0        5.767920E+00   0.000000E+00          0.9141      Sb121
        51            123              0        3.905150E+00   0.000000E+00          0.9590      Sb123
        51            124              0        1.739140E+01   0.000000E+00          0.9995      Sb124
        52            120              0        2.339070E+00   0.000000E+00          0.9996      Te120
        52            122              0        3.914840E+00   0.000000E+00          1.0038      Te122
        52            123              0        4.318200E+02   0.000000E+00          1.0042      Te123
        52            124              0        6.307410E+00   0.000000E+00          1.0012      Te124
        52            125              0        1.309080E+00   0.000000E+00          1.0148      Te125
        52            126              0        3.813360E-01   0.000000E+00          1.0009      Te126
        52            127              1        3.377360E+03   0.000000E+00          0.9992      Te127m
        52            128              0        2.004420E-01   0.000000E+00          1.0022      Te128
        52            130              0        1.949220E-01   0.000000E+00          0.9996      Te130
        53            125              0        8.938350E+02   0.000000E+00          0.9931      I125
        53            126              0        5.947430E+03   0.000000E+00          0.9979      I126
        53            127              0        6.147190E+00   0.000000E+00          1.1388      I127
        53            129              0        3.028280E+01   0.000000E+00          0.9994      I129
        54            124              0        1.499250E+02   0.000000E+00          0.9995      Xe124
        54            126              0        2.468770E+00   0.000000E+00          0.9995      Xe126
        54            128              0        3.498260E+00   0.000000E+00          0.9995      Xe128
        54            129              0        2.094430E+01   0.000000E+00          0.9973      Xe129
        54            130              0        3.496930E+00   0.000000E+00          0.9991      Xe130
        54            131              0        9.231640E+01   0.000000E+00          0.9926      Xe131
        54            132              0        4.498210E-01   0.000000E+00          0.9996      Xe132
        54            134              0        2.648950E-01   0.000000E+00          0.9996      Xe134
        54            136              0        2.597780E-01   0.000000E+00          0.9991      Xe136
        55            132              0        2.998460E+01   0.000000E+00          0.9995      Cs132
        55            133              0        2.904590E+01   0.000000E+00          0.9634      Cs133
        55            134              0        1.405290E+02   0.000000E+00          0.9995      Cs134
        55            135              0        8.314430E+00   0.000000E+00          0.9557      Cs135
        56            130              0        8.198300E+00   0.000000E+00          1.0338      Ba130
        56            132              0        8.195920E+00   0.000000E+00          0.9995      Ba132
        56            133              0        4.197910E+00   0.000000E+00          1.4993      Ba133
        56            134              0        1.500620E+00   0.000000E+00          1.0004      Ba134
        56            135              0        5.796540E+00   0.000000E+00          0.9994      Ba135
        56            136              0        6.794890E-01   0.000000E+00          0.9992      Ba136
        56            137              0        3.627180E+00   0.000000E+00          1.0076      Ba137
        56            138              0        4.041740E-01   0.000000E+00          0.9980      Ba138
        56            140              0        1.599210E+00   0.000000E+00          0.9995      Ba140
        57            138              0        5.717170E+01   0.000000E+00          0.9995      La138
        57            139              0        9.209230E+00   0.000000E+00          0.9915      La139
        57            140              0        2.698660E+00   0.000000E+00          0.9995      La140
        58            136              0        4.247890E+00   0.000000E+00          0.9995      Ce136
        58            138              0        1.029590E+00   0.000000E+00          0.9996      Ce138
        58            140              0        5.097470E-01   0.000000E+00          0.8865      Ce140
        58            141              0        2.898560E+01   0.000000E+00          0.9995      Ce141
        58            142              0        9.605690E-01   0.000000E+00          0.9903      Ce142
        58            143              0        5.996990E+00   0.000000E+00          0.9995      Ce143
        58            144              0        9.996040E-01   0.000000E+00          0.9996      Ce144
        59            141              0        1.129500E+01   0.000000E+00          0.9996      Pr141
        59            143              0        8.998690E+01   0.000000E+00          0.9999      Pr143
        60            142              0        1.871060E+01   0.000000E+00          1.0006      Nd142
        60            143              0        3.251230E+02   0.000000E+00          1.0004      Nd143
        60            144              0        3.641040E+00   0.000000E+00          1.0114      Nd144
        60            145              0        4.224210E+01   0.000000E+00          1.0010      Nd145
        60            146              0        1.481780E+00   0.000000E+00          1.1398      Nd146
        60            147              0        2.409960E+02   0.000000E+00          1.0042      Nd147
        60            148              0        2.583920E+00   0.000000E+00          1.0461      Nd148
        60            150              0        1.045520E+00   0.000000E+00          1.0053      Nd150
        61            147              0        1.686390E+02   0.000000E+00          1.0014      Pm147
        61            148              0        1.999030E+03   0.000000E+00          0.9995      Pm148
        61            148              1        1.116440E+04   0.000000E+00          1.0149      Pm148m
        62            144              0        1.648890E+00   0.000000E+00          1.0054      Sm144
        62            145              0        2.798630E+02   0.000000E+00          0.9995      Sm145
        62            147              0        5.705590E+01   0.000000E+00          1.0010      Sm147
        62            148              0        2.399050E+00   0.000000E+00          0.9996      Sm148
        62            149              0        4.021780E+04   0.000000E+00          1.0019      Sm149
        62            150              0        9.795130E+01   0.000000E+00          0.9995      Sm150
        62            151              0        1.513960E+04   0.000000E+00          1.0000      Sm151
        62            152              0        2.059690E+02   0.000000E+00          0.9998      Sm152
        62            154              0        8.537720E+00   0.000000E+00          1.1066      Sm154
        63            151              0        9.248040E+03   0.000000E+00          1.0020      Eu151
        63            152              0        1.275120E+04   0.000000E+00          0.9985      Eu152
        63            153              0        3.160540E+02   0.000000E+00          1.0195      Eu153
        63            154              0        1.455590E+03   0.000000E+00          1.0066      Eu154
        63            155              0        3.959330E+03   0.000000E+00          1.0024      Eu155
        64            152              0        7.539900E+02   0.000000E+00          0.9930      Gd152
        64            153              0        2.243850E+04   0.000000E+00          0.9990      Gd153
        64            154              0        8.496550E+01   0.000000E+00          0.9996      Gd154
        64            155              0        6.017800E+04   0.000000E+00          0.9975      Gd155
        64            156              0        1.796770E+00   0.000000E+00          0.9982      Gd156
        64            157              0        2.535550E+05   0.000000E+00          0.9982      Gd157
        64            158              0        2.217110E+00   0.000000E+00          1.0147      Gd158
        64            160              0        1.411870E+00   0.000000E+00          0.9056      Gd160
        65            158              0        5.000220E+02   0.000000E+00          1.0000      Tb158
        65            159              0        2.384610E+01   0.000000E+00          0.9944      Tb159
        65            160              0        3.338400E+02   0.000000E+00          0.9995      Tb160
        66            156              0        3.295470E+01   0.000000E+00          0.9986      Dy156
        66            158              0        4.297820E+01   0.000000E+00          0.9995      Dy158
        66            160              0        5.509280E+01   0.000000E+00          1.0017      Dy160
        66            161              0        5.999760E+02   0.000000E+00          1.0000      Dy161
        66            162              0        1.938280E+02   0.000000E+00          0.9991      Dy162
        66            163              0        1.335590E+02   0.000000E+00          0.9967      Dy163
        66            164              0        2.649540E+03   0.000000E+00          1.0460      Dy164
        67            165              0        6.435190E+01   0.000000E+00          1.0916      Ho165
        67            166              1        1.080150E+04   0.000000E+00          1.0022      Ho166m
        68            162              0        1.899060E+01   0.000000E+00          0.9995      Er162
        68            164              0        1.299360E+01   0.000000E+00          0.9995      Er164
        68            166              0        1.693760E+01   0.000000E+00          1.0022      Er166
        68            167              0        6.493160E+02   0.000000E+00          1.0005      Er167
        68            168              0        2.750210E+00   0.000000E+00          1.0037      Er168
        68            170              0        8.150870E+00   0.000000E+00          0.9087      Er170
        69            169              0        1.068670E+02   0.000000E+00          1.0082      Tm169
        69            170              0        9.195400E+01   0.000000E+00          0.9995      Tm170
        69            171              0        1.590420E+02   0.000000E+00          0.9940      Tm171
        70            168              0        3.031680E+03   0.000000E+00          1.0560      Yb168
        70            169              0        3.599300E+03   0.000000E+00          0.9998      Yb169
        70            170              0        1.019500E+01   0.000000E+00          0.9995      Yb170
        70            171              0        5.882040E+01   0.000000E+00          1.0003      Yb171
        70            172              0        1.296690E+00   0.000000E+00          0.9975      Yb172
        70            173              0        1.549630E+01   0.000000E+00          0.9998      Yb173
        70            174              0        6.321300E+01   0.000000E+00          1.0164      Yb174
        70            176              0        2.849310E+00   0.000000E+00          0.9758      Yb176
        71            175              0        2.334130E+01   0.000000E+00          1.0018      Lu175
        71            176              0        2.056030E+03   0.000000E+00          0.9282      Lu176
        71            177              0        8.801020E+02   0.000000E+00          1.0001      Lu177
        71            177              1        4.168360E+02   0.000000E+00          0.9996      Lu177m
        72            174              0        5.492290E+02   0.000000E+00          0.9535      Hf174
        72            176              0        2.345060E+01   0.000000E+00          0.9979      Hf176
        72            177              0        3.734720E+02   0.000000E+00          0.9986      Hf177
        72            178              0        8.330440E+01   0.000000E+00          1.0001      Hf178
        72            178              2        4.455830E+01   0.000000E+00          0.9902      Hf178n
        72            179              0        4.095320E+01   0.000000E+00          0.9989      Hf179
        72            180              0        1.306250E+01   0.000000E+00          0.9896      Hf180
        72            182              0        1.335920E+02   0.000000E+00          1.0045      Hf182
        73            179              0        9.315260E+02   0.000000E+00          0.9995      Ta179
        73            180              1        5.637640E+02   0.000000E+00          1.0014      Ta180m
        73            181              0        2.031490E+01   0.000000E+00          1.0007      Ta181
        73            182              0        8.236490E+03   0.000000E+00          1.0045      Ta182
        74            180              0        2.237610E+01   0.000000E+00          1.0034      W180
        74            182              0        1.990450E+01   0.000000E+00          1.0002      W182
        74            183              0        1.041150E+01   0.000000E+00          1.0011      W183
        74            184              0        1.727830E+00   0.000000E+00          0.9987      W184
        74            185              0        2.998820E+00   0.000000E+00          0.9996      W185
        74            186              0        3.796550E+01   0.000000E+00          1.0951      W186
        75            185              0        1.120760E+02   0.000000E+00          1.0007      Re185
        75            187              0        7.475010E+01   0.000000E+00          0.9993      Re187
        76            184              0        2.999310E+03   0.000000E+00          0.7988      Os184
        76            186              0        8.031390E+01   0.000000E+00          1.0039      Os186
        76            187              0        3.197490E+02   0.000000E+00          0.9992      Os187
        76            188              0        5.536360E+00   0.000000E+00          1.0066      Os188
        76            189              0        2.535910E+01   0.000000E+00          1.0144      Os189
        76            190              0        1.099550E+01   0.000000E+00          0.9996      Os190
        76            191              0        3.828140E+02   0.000000E+00          0.9995      Os191
        76            192              0        3.160760E+00   0.000000E+00          0.9908      Os192
        77            191              0        9.546700E+02   0.000000E+00          1.0007      Ir191
        77            192              0        1.577300E+03   0.000000E+00          0.9996      Ir192
        77            193              0        1.111740E+02   0.000000E+00          0.9374      Ir193
        78            190              0        1.519240E+02   0.000000E+00          0.9995      Pt190
        78            192              0        1.000930E+01   0.000000E+00          1.0009      Pt192
        78            194              0        1.441220E+00   0.000000E+00          1.0008      Pt194
        78            195              0        3.062650E+01   0.000000E+00          1.0009      Pt195
        78            196              0        5.797730E-01   0.000000E+00          0.9996      Pt196
        78            198              0        3.591480E+00   0.000000E+00          1.0657      Pt198
        79            197              0        9.868030E+01   0.000000E+00          1.0003      Au197
        79            198              0        2.512090E+04   0.000000E+00          1.0008      Au198
        80            196              0        3.078620E+03   0.000000E+00          0.9996      Hg196
        80            198              0        2.008060E+00   0.000000E+00          1.0091      Hg198
        80            199              0        2.150010E+03   0.000000E+00          1.0000      Hg199
        80            200              0        1.381720E+00   0.000000E+00          0.9869      Hg200
        80            201              0        4.901290E+00   0.000000E+00          1.0003      Hg201
        80            202              0        4.912590E+00   0.000000E+00          1.1322      Hg202
        80            204              0        4.311700E-01   0.000000E+00          0.9799      Hg204
        81            203              0        1.136780E+01   0.000000E+00          0.9972      Tl203
        81            204              0        2.177810E+01   0.000000E+00          1.0082      Tl204
        81            205              0        1.304840E-01   0.000000E+00          1.2547      Tl205
        82            204              0        7.030570E-01   0.000000E+00          1.0001      Pb204
        82            205              0        4.998050E+00   0.000000E+00          0.9996      Pb205
        82            206              0        2.896070E-02   0.000000E+00          1.0380      Pb206
        82            207              0        6.487580E-01   0.000000E+00          1.0027      Pb207
        82            208              0        2.302180E-04   0.000000E+00          1.0009      Pb208
        83            209              0        3.962480E-02   0.000000E+00          1.0006      Bi209
        83            210              1        5.397900E-02   0.000000E+00          0.9996      Bi210m
        84            210              0        2.998830E-02   0.000000E+00          0.9996      Po210
        88            226              0        1.373240E+01   0.000000E+00          1.0024      Ra226
        89            227              0        8.809660E+02   0.000000E+00          0.9898      Ac227
        90            228              0        1.229420E+02   0.000000E+00          0.9995      Th228
        90            229              0        6.282490E+01   0.000000E+00          1.0004      Th229
        90            230              0        2.300100E+01   0.000000E+00          1.0044      Th230
        90            232              0        7.336550E+00   0.000000E+00          0.9994      Th232
        91            231              0        2.003070E+02   0.000000E+00          1.0005      Pa231
        91            232              0        5.964430E+02   0.000000E+00          1.0109      Pa232
        91            233              0        3.955120E+01   0.000000E+00          1.0013      Pa233
        92            232              0        7.537140E+01   0.000000E+00          1.0063      U232
        92            233              0        4.345720E+01   0.000000E+00          0.9509      U233
        92            234              0        1.025140E+02   0.000000E+00          1.0001      U234
        92            235              0        9.936870E+01   0.000000E+00          1.0058      U235
        92            236              0        5.132720E+00   0.000000E+00          1.0084      U236
        92            237              0        4.409020E+02   0.000000E+00          0.9953      U237
        92            238              0        2.682890E+00   0.000000E+00          1.0048      U238
        93            235              0        1.500060E+02   0.000000E+00          1.0000      Np235
        93            236              0        1.425560E+02   0.000000E+00          1.1781      Np236
        93            237              0        1.788260E+02   0.000000E+00          1.0001      Np237
        93            238              0        4.772540E+02   0.000000E+00          0.9964      Np238
        93            239              0        6.795440E+01   0.000000E+00          0.9993      Np239
        94            236              0        1.589240E+01   0.000000E+00          0.9995      Pu236
        94            238              0        5.049410E+02   0.000000E+00          0.9979      Pu238
        94            239              0        2.700670E+02   0.000000E+00          1.0028      Pu239
        94            240              0        2.894330E+02   0.000000E+00          0.9998      Pu240
        94            241              0        3.629440E+02   0.000000E+00          1.0023      Pu241
        94            242              0        2.126360E+01   0.000000E+00          1.0739      Pu242
        94            244              0        1.709900E+00   0.000000E+00          1.0058      Pu244
        95            241              0        6.841050E+02   0.000000E+00          0.9501      Am241
        95            242              1        1.294120E+03   0.000000E+00          1.0032      Am242m
        95            243              0        7.964200E+01   0.000000E+00          1.0605      Am243
        96            242              0        1.913980E+01   0.000000E+00          1.0021      Cm242
        96            243              0        1.313410E+02   0.000000E+00          0.9435      Cm243
        96            244              0        1.522940E+01   0.000000E+00          0.9954      Cm244
        96            245              0        3.697440E+02   0.000000E+00          1.0020      Cm245
        96            246              0        1.178990E+00   0.000000E+00          0.9664      Cm246
        96            247              0        5.751710E+01   0.000000E+00          1.0091      Cm247
        96            248              0        2.871420E+00   0.000000E+00          1.0918      Cm248
        97            249              0        7.472870E+02   0.000000E+00          1.0017      Bk249
        98            249              0        4.968600E+02   0.000000E+00          0.9997      Cf249
        98            250              0        2.037560E+03   0.000000E+00          1.0018      Cf250
        98            251              0        2.893180E+03   0.000000E+00          1.0152      Cf251
        98            252              0        2.055670E+01   0.000000E+00          1.0126      Cf252
        98            253              0        1.745650E+01   0.000000E+00          0.9918      Cf253
        98            254              0        4.498260E+00   0.000000E+00          0.9996      Cf254
        99            253              0        1.839130E+02   0.000000E+00          0.9995      Es253
        99            254              0        2.788340E+01   0.000000E+00          0.9958      Es254
        99            254              1        1.798040E+03   0.000000E+00          0.9989      Es254m
